-21.1569 7.66e-09 -8.78e-05
-21.1469 1.422e-08 -0.0001342
-21.1369 2.6e-08 -0.000204
-21.1269 4.72e-08 -0.000304
-21.1169 8.48e-08 -0.00045
-21.1069 1.506e-07 -0.00066
-21.0969 2.64e-07 -0.000956
-21.0869 4.6e-07 -0.001368
-21.0769 7.88e-07 -0.00194
-21.0669 1.342e-06 -0.00272
-21.0569 2.26e-06 -0.00378
-21.0469 3.76e-06 -0.00518
-21.0369 6.18e-06 -0.00704
-21.0269 1.006e-05 -0.00946
-21.0169 1.618e-05 -0.01256
-21.0069 2.58e-05 -0.01652
-20.9969 4.06e-05 -0.0214
-20.9869 6.34e-05 -0.0276
-20.9769 9.78e-05 -0.0352
-20.9669 0.0001492 -0.0442
-20.9569 0.000226 -0.0552
-20.9469 0.000336 -0.068
-20.9369 0.000496 -0.0828
-20.9269 0.000726 -0.0998
-20.9169 0.001048 -0.1192
-20.9069 0.0015 -0.1406
-20.8969 0.00212 -0.164
-20.8869 0.00296 -0.1894
-20.8769 0.00412 -0.216
-20.8669 0.00564 -0.244
-20.8569 0.00762 -0.274
-20.8469 0.01022 -0.302
-20.8369 0.01356 -0.33
-20.8269 0.01778 -0.358
-20.8169 0.023 -0.384
-20.8069 0.0296 -0.406
-20.7969 0.0376 -0.426
-20.7869 0.0472 -0.44
-20.7769 0.0586 -0.452
-20.7669 0.0722 -0.458
-20.7569 0.0878 -0.46
-20.7469 0.1056 -0.456
-20.7369 0.1256 -0.448
-20.7269 0.1478 -0.436
-20.7169 0.1722 -0.418
-20.7069 0.1984 -0.398
-20.6969 0.226 -0.374
-20.6869 0.256 -0.348
-20.6769 0.284 -0.32
-20.6669 0.314 -0.292
-20.6569 0.342 -0.262
-20.6469 0.37 -0.234
-20.6369 0.396 -0.206
-20.6269 0.418 -0.18
-20.6169 0.436 -0.1552
-20.6069 0.452 -0.1324
-20.5969 0.462 -0.1118
-20.5869 0.468 -0.0934
-20.5769 0.468 -0.0772
-20.5669 0.464 -0.063
-20.5569 0.454 -0.051
-20.5469 0.44 -0.0408
-20.5369 0.422 -0.0322
-20.5269 0.4 -0.0252
-20.5169 0.376 -0.01954
-20.5069 0.348 -0.01496
-20.4969 0.32 -0.01134
-20.4869 0.29 -0.0085
-20.4769 0.262 -0.0063
-20.4669 0.232 -0.00462
-20.4569 0.204 -0.00336
-20.4469 0.1778 -0.0024
-20.4369 0.153 -0.00171
-20.4269 0.1302 -0.001202
-20.4169 0.1096 -0.000834
-20.4069 0.0914 -0.000574
-20.3969 0.0754 -0.00039
-20.3869 0.0614 -0.000262
-20.3769 0.0496 -0.0001748
-20.3669 0.0396 -0.000115
-20.3569 0.0312 -7.5e-05
-20.3469 0.0244 -4.84e-05
-20.3369 0.01882 -3.08e-05
-20.3269 0.01438 -1.942e-05
-20.3169 0.01088 -1.214e-05
-20.3069 0.00814 -7.5e-06
-20.2969 0.00602 -4.62e-06
-20.2869 0.0044 -2.88e-06
-20.2769 0.00318 -1.848e-06
-20.2669 0.00228 -1.32e-06
-20.2569 0.001618 -1.162e-06
-20.2469 0.001134 -1.332e-06
-20.2369 0.000786 -1.862e-06
-20.2269 0.00054 -2.88e-06
-20.2169 0.000366 -4.58e-06
-20.2069 0.000246 -7.34e-06
-20.1969 0.0001632 -1.172e-05
-20.1869 0.0001072 -1.852e-05
-20.1769 6.96e-05 -2.9e-05
-20.1669 4.48e-05 -4.48e-05
-20.1569 2.84e-05 -6.88e-05
-20.1469 1.792e-05 -0.0001042
-20.1369 1.114e-05 -0.0001562
-20.1269 6.86e-06 -0.000232
-20.1169 4.18e-06 -0.00034
-20.1069 2.54e-06 -0.000492
-20.0969 1.526e-06 -0.000708
-20.0869 9.28e-07 -0.001006
-20.0769 5.92e-07 -0.001412
-20.0669 4.32e-07 -0.001964
-20.0569 4.04e-07 -0.0027
-20.0469 4.98e-07 -0.00368
-20.0369 7.38e-07 -0.00494
-20.0269 1.182e-06 -0.00658
-20.0169 1.934e-06 -0.00866
-20.0069 3.18e-06 -0.01128
-19.9969 5.16e-06 -0.01454
-19.9869 8.32e-06 -0.01854
-19.9769 1.326e-05 -0.0234
-19.9669 2.1e-05 -0.0292
-19.9569 3.28e-05 -0.036
-19.9469 5.06e-05 -0.044
-19.9369 7.72e-05 -0.053
-19.9269 0.0001166 -0.0634
-19.9169 0.0001744 -0.075
-19.9069 0.000258 -0.0876
-19.8969 0.000378 -0.1014
-19.8869 0.000546 -0.116
-19.8769 0.000784 -0.1314
-19.8669 0.00111 -0.1472
-19.8569 0.001556 -0.163
-19.8469 0.00216 -0.1786
-19.8369 0.00296 -0.1936
-19.8269 0.00402 -0.208
-19.8169 0.00538 -0.22
-19.8069 0.00716 -0.232
-19.7969 0.0094 -0.24
-19.7869 0.0122 -0.246
-19.7769 0.0157 -0.25
-19.7669 0.01996 -0.252
-19.7569 0.0252 -0.25
-19.7469 0.0312 -0.246
-19.7369 0.0384 -0.24
-19.7269 0.0468 -0.23
-19.7169 0.0564 -0.22
-19.7069 0.0672 -0.208
-19.6969 0.0794 -0.193
-19.6869 0.0926 -0.178
-19.6769 0.1068 -0.1622
-19.6669 0.1218 -0.1464
-19.6569 0.1376 -0.1306
-19.6469 0.1538 -0.1154
-19.6369 0.1698 -0.1008
-19.6269 0.1856 -0.087
-19.6169 0.2 -0.0744
-19.6069 0.214 -0.063
-19.5969 0.228 -0.0526
-19.5869 0.238 -0.0436
-19.5769 0.246 -0.0356
-19.5669 0.252 -0.0288
-19.5569 0.256 -0.0232
-19.5469 0.256 -0.01834
-19.5369 0.254 -0.01438
-19.5269 0.25 -0.01116
-19.5169 0.242 -0.00856
-19.5069 0.232 -0.0065
-19.4969 0.222 -0.00488
-19.4869 0.208 -0.00362
-19.4769 0.1932 -0.00266
-19.4669 0.1776 -0.001934
-19.4569 0.1616 -0.00139
-19.4469 0.1454 -0.00099
-19.4369 0.1296 -0.000696
-19.4269 0.114 -0.000484
-19.4169 0.0994 -0.000334
-19.4069 0.0856 -0.000228
-19.3969 0.073 -0.0001532
-19.3869 0.0616 -0.0001022
-19.3769 0.0514 -6.74e-05
-19.3669 0.0424 -4.4e-05
-19.3569 0.0346 -2.84e-05
-19.3469 0.028 -1.812e-05
-19.3369 0.0224 -1.144e-05
-19.3269 0.01768 -7.16e-06
-19.3169 0.01382 -4.42e-06
-19.3069 0.0107 -2.7e-06
-19.2969 0.00818 -1.636e-06
-19.2869 0.0062 -9.78e-07
-19.2769 0.00464 -5.8e-07
-19.2669 0.00344 -3.4e-07
-19.2569 0.00252 -1.966e-07
-19.2469 0.001828 -1.126e-07
-19.2369 0.001312 -6.38e-08
-19.2269 0.00093 -3.58e-08
-19.2169 0.000654 -1.988e-08
-19.2069 0.000454 -1.092e-08
-19.1969 0.000312 -5.92e-09
-19.1869 0.000212 -3.18e-09
-19.1769 0.0001424 -1.692e-09
-19.1669 9.46e-05 -8.88e-10
-19.1569 6.22e-05 -4.62e-10
-19.1469 4.06e-05 -2.38e-10
-19.1369 2.6e-05 -1.21e-10
-19.1269 1.662e-05 -6.1e-11
-19.1169 1.048e-05 -3.04e-11
-19.1069 6.52e-06 -1.494e-11
-19.0969 4.02e-06 -7.28e-12
-19.0869 2.46e-06 -3.52e-12
-19.0769 1.482e-06 -1.676e-12
-19.0669 8.84e-07 0
-19.0569 5.22e-07 0
-19.0469 3.06e-07 0
-19.0369 1.764e-07 0
-19.0269 1.008e-07 0
-19.0169 5.7e-08 0
-19.0069 3.18e-08 0
-18.9969 1.766e-08 0
-18.9869 9.66e-09 0
-18.9769 5.24e-09 0
-18.9669 2.8e-09 0
-18.9569 1.486e-09 0
-18.9469 7.8e-10 0
-18.9369 4.04e-10 0
-18.9269 2.08e-10 0
-18.9169 1.054e-10 0
-18.9069 5.28e-11 0
-18.8969 2.62e-11 0
-18.8869 1.292e-11 0
-18.8769 6.28e-12 0
-18.8669 3.02e-12 0
-18.8569 1.436e-12 0
-18.8469 0.0 0
-18.8369 0.0 0
-18.8269 0.0 0
-18.8169 0.0 0
-18.8069 0.0 0
-18.7969 0.0 0
-18.7869 0.0 0
-18.7769 0.0 0
-18.7669 0.0 0
-18.7569 0.0 0
-18.7469 0.0 0
-18.7369 0.0 0
-18.7269 0.0 0
-18.7169 0.0 0
-18.7069 0.0 0
-18.6969 0.0 0
-18.6869 0.0 0
-18.6769 0.0 0
-18.6669 0.0 0
-18.6569 0.0 0
-18.6469 0.0 0
-18.6369 0.0 0
-18.6269 0.0 0
-18.6169 0.0 0
-18.6069 0.0 0
-18.5969 0.0 0
-18.5869 0.0 0
-18.5769 0.0 0
-18.5669 0.0 0
-18.5569 0.0 0
-18.5469 0.0 0
-18.5369 0.0 0
-18.5269 0.0 0
-18.5169 0.0 0
-18.5069 0.0 0
-18.4969 0.0 0
-18.4869 0.0 0
-18.4769 0.0 0
-18.4669 0.0 0
-18.4569 0.0 0
-18.4469 0.0 0
-18.4369 0.0 0
-18.4269 0.0 0
-18.4169 0.0 0
-18.4069 0.0 0
-18.3969 0.0 0
-18.3869 0.0 0
-18.3769 0.0 0
-18.3669 0.0 0
-18.3569 0.0 0
-18.3469 0.0 0
-18.3369 0.0 0
-18.3269 0.0 0
-18.3169 0.0 0
-18.3069 0.0 0
-18.2969 0.0 0
-18.2869 0.0 0
-18.2769 0.0 0
-18.2669 0.0 0
-18.2569 0.0 0
-18.2469 0.0 0
-18.2369 0.0 0
-18.2269 0.0 0
-18.2169 0.0 0
-18.2069 0.0 0
-18.1969 0.0 0
-18.1869 0.0 0
-18.1769 0.0 0
-18.1669 0.0 0
-18.1569 0.0 0
-18.1469 0.0 0
-18.1369 0.0 0
-18.1269 0.0 0
-18.1169 0.0 0
-18.1069 0.0 0
-18.0969 0.0 0
-18.0869 0.0 0
-18.0769 0.0 0
-18.0669 0.0 0
-18.0569 0.0 0
-18.0469 0.0 0
-18.0369 0.0 0
-18.0269 0.0 0
-18.0169 0.0 0
-18.0069 0.0 0
-17.9969 0.0 0
-17.9869 0.0 0
-17.9769 0.0 0
-17.9669 0.0 0
-17.9569 0.0 0
-17.9469 0.0 0
-17.9369 0.0 0
-17.9269 0.0 0
-17.9169 0.0 0
-17.9069 0.0 0
-17.8969 0.0 0
-17.8869 0.0 0
-17.8769 0.0 0
-17.8669 0.0 0
-17.8569 0.0 0
-17.8469 0.0 0
-17.8369 0.0 0
-17.8269 0.0 0
-17.8169 0.0 0
-17.8069 0.0 0
-17.7969 0.0 0
-17.7869 0.0 0
-17.7769 0.0 0
-17.7669 0.0 0
-17.7569 0.0 0
-17.7469 0.0 0
-17.7369 0.0 0
-17.7269 0.0 0
-17.7169 0.0 0
-17.7069 0.0 0
-17.6969 0.0 0
-17.6869 0.0 0
-17.6769 0.0 0
-17.6669 0.0 0
-17.6569 0.0 0
-17.6469 0.0 0
-17.6369 0.0 0
-17.6269 0.0 0
-17.6169 0.0 0
-17.6069 0.0 0
-17.5969 0.0 0
-17.5869 0.0 0
-17.5769 0.0 0
-17.5669 0.0 0
-17.5569 0.0 0
-17.5469 0.0 0
-17.5369 0.0 0
-17.5269 0.0 0
-17.5169 0.0 0
-17.5069 0.0 0
-17.4969 0.0 0
-17.4869 0.0 0
-17.4769 0.0 0
-17.4669 0.0 0
-17.4569 0.0 0
-17.4469 0.0 0
-17.4369 0.0 0
-17.4269 0.0 0
-17.4169 0.0 0
-17.4069 0.0 0
-17.3969 0.0 0
-17.3869 0.0 0
-17.3769 0.0 0
-17.3669 0.0 0
-17.3569 0.0 0
-17.3469 0.0 0
-17.3369 0.0 0
-17.3269 0.0 0
-17.3169 0.0 0
-17.3069 0.0 0
-17.2969 0.0 0
-17.2869 0.0 0
-17.2769 0.0 0
-17.2669 0.0 0
-17.2569 0.0 0
-17.2469 0.0 0
-17.2369 0.0 0
-17.2269 0.0 0
-17.2169 0.0 0
-17.2069 0.0 0
-17.1969 0.0 0
-17.1869 0.0 0
-17.1769 0.0 0
-17.1669 0.0 0
-17.1569 0.0 0
-17.1469 0.0 0
-17.1369 0.0 0
-17.1269 0.0 0
-17.1169 0.0 0
-17.1069 0.0 0
-17.0969 0.0 0
-17.0869 0.0 0
-17.0769 0.0 0
-17.0669 0.0 0
-17.0569 0.0 0
-17.0469 0.0 0
-17.0369 0.0 0
-17.0269 0.0 0
-17.0169 0.0 0
-17.0069 0.0 0
-16.9969 0.0 0
-16.9869 0.0 0
-16.9769 0.0 0
-16.9669 0.0 0
-16.9569 0.0 0
-16.9469 0.0 0
-16.9369 0.0 0
-16.9269 0.0 0
-16.9169 0.0 0
-16.9069 0.0 0
-16.8969 0.0 0
-16.8869 0.0 0
-16.8769 0.0 0
-16.8669 0.0 0
-16.8569 0.0 0
-16.8469 0.0 0
-16.8369 0.0 0
-16.8269 0.0 0
-16.8169 0.0 0
-16.8069 0.0 0
-16.7969 0.0 0
-16.7869 0.0 0
-16.7769 0.0 0
-16.7669 0.0 0
-16.7569 0.0 0
-16.7469 0.0 0
-16.7369 0.0 0
-16.7269 0.0 0
-16.7169 0.0 0
-16.7069 0.0 0
-16.6969 0.0 0
-16.6869 0.0 0
-16.6769 0.0 0
-16.6669 0.0 0
-16.6569 0.0 0
-16.6469 0.0 0
-16.6369 0.0 0
-16.6269 0.0 0
-16.6169 0.0 0
-16.6069 0.0 0
-16.5969 0.0 0
-16.5869 0.0 0
-16.5769 0.0 0
-16.5669 0.0 0
-16.5569 0.0 0
-16.5469 0.0 0
-16.5369 0.0 0
-16.5269 0.0 0
-16.5169 0.0 0
-16.5069 0.0 0
-16.4969 0.0 0
-16.4869 0.0 0
-16.4769 0.0 0
-16.4669 0.0 0
-16.4569 0.0 0
-16.4469 0.0 0
-16.4369 0.0 0
-16.4269 0.0 0
-16.4169 0.0 0
-16.4069 0.0 0
-16.3969 0.0 0
-16.3869 0.0 0
-16.3769 0.0 0
-16.3669 0.0 0
-16.3569 0.0 0
-16.3469 0.0 0
-16.3369 0.0 0
-16.3269 0.0 0
-16.3169 0.0 0
-16.3069 0.0 0
-16.2969 0.0 0
-16.2869 0.0 0
-16.2769 0.0 0
-16.2669 0.0 0
-16.2569 0.0 0
-16.2469 0.0 0
-16.2369 0.0 0
-16.2269 0.0 0
-16.2169 0.0 0
-16.2069 0.0 0
-16.1969 0.0 0
-16.1869 0.0 0
-16.1769 0.0 0
-16.1669 0.0 0
-16.1569 0.0 0
-16.1469 0.0 0
-16.1369 0.0 0
-16.1269 0.0 0
-16.1169 0.0 0
-16.1069 0.0 0
-16.0969 0.0 0
-16.0869 0.0 0
-16.0769 0.0 0
-16.0669 0.0 0
-16.0569 0.0 0
-16.0469 0.0 0
-16.0369 0.0 0
-16.0269 0.0 0
-16.0169 0.0 0
-16.0069 0.0 0
-15.9969 0.0 0
-15.9869 0.0 0
-15.9769 0.0 0
-15.9669 0.0 0
-15.9569 0.0 0
-15.9469 0.0 0
-15.9369 0.0 0
-15.9269 0.0 0
-15.9169 0.0 0
-15.9069 0.0 0
-15.8969 0.0 0
-15.8869 0.0 0
-15.8769 0.0 0
-15.8669 0.0 0
-15.8569 0.0 0
-15.8469 0.0 0
-15.8369 0.0 0
-15.8269 0.0 0
-15.8169 0.0 0
-15.8069 0.0 0
-15.7969 0.0 0
-15.7869 0.0 0
-15.7769 0.0 0
-15.7669 0.0 0
-15.7569 0.0 0
-15.7469 0.0 0
-15.7369 0.0 0
-15.7269 0.0 0
-15.7169 0.0 0
-15.7069 0.0 0
-15.6969 0.0 0
-15.6869 0.0 0
-15.6769 0.0 0
-15.6669 0.0 0
-15.6569 0.0 0
-15.6469 0.0 0
-15.6369 0.0 0
-15.6269 0.0 0
-15.6169 0.0 0
-15.6069 0.0 0
-15.5969 0.0 0
-15.5869 0.0 0
-15.5769 0.0 0
-15.5669 0.0 0
-15.5569 0.0 0
-15.5469 0.0 0
-15.5369 0.0 0
-15.5269 0.0 0
-15.5169 0.0 0
-15.5069 0.0 0
-15.4969 0.0 0
-15.4869 0.0 0
-15.4769 0.0 0
-15.4669 0.0 0
-15.4569 0.0 0
-15.4469 0.0 0
-15.4369 0.0 0
-15.4269 0.0 0
-15.4169 0.0 0
-15.4069 0.0 0
-15.3969 0.0 0
-15.3869 0.0 0
-15.3769 0.0 0
-15.3669 0.0 0
-15.3569 0.0 0
-15.3469 0.0 0
-15.3369 0.0 0
-15.3269 0.0 0
-15.3169 0.0 0
-15.3069 0.0 0
-15.2969 0.0 0
-15.2869 0.0 0
-15.2769 0.0 0
-15.2669 0.0 0
-15.2569 0.0 0
-15.2469 0.0 0
-15.2369 0.0 0
-15.2269 0.0 0
-15.2169 0.0 0
-15.2069 0.0 0
-15.1969 0.0 0
-15.1869 0.0 0
-15.1769 0.0 0
-15.1669 0.0 0
-15.1569 0.0 0
-15.1469 0.0 0
-15.1369 0.0 0
-15.1269 0.0 0
-15.1169 0.0 0
-15.1069 0.0 0
-15.0969 0.0 0
-15.0869 0.0 0
-15.0769 0.0 0
-15.0669 0.0 0
-15.0569 0.0 0
-15.0469 0.0 0
-15.0369 0.0 0
-15.0269 0.0 0
-15.0169 0.0 0
-15.0069 0.0 0
-14.9969 0.0 0
-14.9869 0.0 0
-14.9769 0.0 0
-14.9669 0.0 0
-14.9569 0.0 0
-14.9469 0.0 0
-14.9369 0.0 0
-14.9269 0.0 0
-14.9169 0.0 0
-14.9069 0.0 0
-14.8969 0.0 0
-14.8869 0.0 0
-14.8769 0.0 0
-14.8669 0.0 0
-14.8569 0.0 0
-14.8469 0.0 0
-14.8369 0.0 0
-14.8269 0.0 0
-14.8169 0.0 0
-14.8069 0.0 0
-14.7969 0.0 0
-14.7869 0.0 0
-14.7769 0.0 0
-14.7669 0.0 0
-14.7569 0.0 0
-14.7469 0.0 0
-14.7369 0.0 0
-14.7269 0.0 0
-14.7169 0.0 0
-14.7069 0.0 0
-14.6969 0.0 0
-14.6869 0.0 0
-14.6769 0.0 0
-14.6669 0.0 0
-14.6569 0.0 0
-14.6469 0.0 0
-14.6369 0.0 0
-14.6269 0.0 0
-14.6169 0.0 0
-14.6069 0.0 0
-14.5969 0.0 0
-14.5869 0.0 0
-14.5769 0.0 0
-14.5669 0.0 0
-14.5569 0.0 0
-14.5469 0.0 0
-14.5369 0.0 0
-14.5269 0.0 0
-14.5169 0.0 0
-14.5069 0.0 0
-14.4969 0.0 0
-14.4869 0.0 0
-14.4769 0.0 0
-14.4669 0.0 0
-14.4569 0.0 0
-14.4469 0.0 0
-14.4369 0.0 0
-14.4269 0.0 0
-14.4169 0.0 0
-14.4069 0.0 0
-14.3969 0.0 0
-14.3869 0.0 0
-14.3769 0.0 0
-14.3669 0.0 0
-14.3569 0.0 0
-14.3469 0.0 0
-14.3369 0.0 0
-14.3269 0.0 0
-14.3169 0.0 0
-14.3069 0.0 0
-14.2969 0.0 0
-14.2869 0.0 0
-14.2769 0.0 0
-14.2669 0.0 0
-14.2569 0.0 0
-14.2469 0.0 0
-14.2369 0.0 0
-14.2269 0.0 0
-14.2169 0.0 0
-14.2069 0.0 0
-14.1969 0.0 0
-14.1869 0.0 0
-14.1769 0.0 0
-14.1669 0.0 0
-14.1569 0.0 0
-14.1469 0.0 0
-14.1369 0.0 0
-14.1269 0.0 0
-14.1169 0.0 0
-14.1069 0.0 0
-14.0969 0.0 0
-14.0869 0.0 0
-14.0769 0.0 0
-14.0669 0.0 0
-14.0569 0.0 0
-14.0469 0.0 0
-14.0369 0.0 0
-14.0269 0.0 0
-14.0169 0.0 0
-14.0069 0.0 0
-13.9969 0.0 0
-13.9869 0.0 0
-13.9769 0.0 0
-13.9669 0.0 0
-13.9569 0.0 0
-13.9469 0.0 0
-13.9369 0.0 0
-13.9269 0.0 0
-13.9169 0.0 0
-13.9069 0.0 0
-13.8969 0.0 0
-13.8869 0.0 0
-13.8769 0.0 0
-13.8669 0.0 0
-13.8569 0.0 0
-13.8469 0.0 0
-13.8369 0.0 0
-13.8269 0.0 0
-13.8169 0.0 0
-13.8069 0.0 0
-13.7969 0.0 0
-13.7869 0.0 0
-13.7769 0.0 0
-13.7669 0.0 0
-13.7569 0.0 0
-13.7469 0.0 0
-13.7369 0.0 0
-13.7269 0.0 0
-13.7169 0.0 0
-13.7069 0.0 0
-13.6969 0.0 0
-13.6869 0.0 0
-13.6769 0.0 0
-13.6669 0.0 0
-13.6569 0.0 0
-13.6469 0.0 0
-13.6369 0.0 0
-13.6269 0.0 0
-13.6169 0.0 0
-13.6069 0.0 0
-13.5969 0.0 0
-13.5869 0.0 0
-13.5769 0.0 0
-13.5669 0.0 0
-13.5569 0.0 0
-13.5469 0.0 0
-13.5369 0.0 0
-13.5269 0.0 0
-13.5169 0.0 0
-13.5069 0.0 0
-13.4969 0.0 0
-13.4869 0.0 0
-13.4769 0.0 0
-13.4669 0.0 0
-13.4569 0.0 0
-13.4469 0.0 0
-13.4369 0.0 0
-13.4269 0.0 0
-13.4169 0.0 0
-13.4069 0.0 0
-13.3969 0.0 0
-13.3869 0.0 0
-13.3769 0.0 0
-13.3669 0.0 0
-13.3569 0.0 0
-13.3469 0.0 0
-13.3369 0.0 0
-13.3269 0.0 0
-13.3169 0.0 0
-13.3069 0.0 0
-13.2969 0.0 0
-13.2869 0.0 0
-13.2769 0.0 0
-13.2669 0.0 0
-13.2569 0.0 0
-13.2469 0.0 0
-13.2369 0.0 0
-13.2269 0.0 0
-13.2169 0.0 0
-13.2069 0.0 0
-13.1969 0.0 0
-13.1869 0.0 0
-13.1769 0.0 0
-13.1669 0.0 0
-13.1569 0.0 0
-13.1469 0.0 0
-13.1369 0.0 0
-13.1269 0.0 0
-13.1169 0.0 0
-13.1069 0.0 0
-13.0969 0.0 0
-13.0869 0.0 0
-13.0769 0.0 0
-13.0669 0.0 0
-13.0569 0.0 0
-13.0469 0.0 0
-13.0369 0.0 0
-13.0269 0.0 0
-13.0169 0.0 0
-13.0069 0.0 0
-12.9969 0.0 0
-12.9869 0.0 0
-12.9769 0.0 0
-12.9669 0.0 0
-12.9569 0.0 0
-12.9469 0.0 0
-12.9369 0.0 0
-12.9269 0.0 0
-12.9169 0.0 0
-12.9069 0.0 0
-12.8969 0.0 0
-12.8869 0.0 0
-12.8769 0.0 0
-12.8669 0.0 0
-12.8569 0.0 0
-12.8469 0.0 0
-12.8369 0.0 0
-12.8269 0.0 0
-12.8169 0.0 0
-12.8069 0.0 0
-12.7969 0.0 0
-12.7869 0.0 0
-12.7769 0.0 0
-12.7669 0.0 0
-12.7569 0.0 0
-12.7469 0.0 0
-12.7369 0.0 0
-12.7269 0.0 0
-12.7169 0.0 0
-12.7069 0.0 0
-12.6969 0.0 0
-12.6869 0.0 0
-12.6769 0.0 0
-12.6669 0.0 0
-12.6569 0.0 0
-12.6469 0.0 0
-12.6369 0.0 0
-12.6269 0.0 0
-12.6169 0.0 0
-12.6069 0.0 0
-12.5969 0.0 0
-12.5869 0.0 0
-12.5769 0.0 0
-12.5669 0.0 0
-12.5569 0.0 0
-12.5469 0.0 0
-12.5369 0.0 0
-12.5269 0.0 0
-12.5169 0.0 0
-12.5069 0.0 0
-12.4969 0.0 0
-12.4869 0.0 0
-12.4769 0.0 0
-12.4669 0.0 0
-12.4569 0.0 0
-12.4469 0.0 0
-12.4369 0.0 0
-12.4269 0.0 0
-12.4169 0.0 0
-12.4069 0.0 0
-12.3969 0.0 0
-12.3869 0.0 0
-12.3769 0.0 0
-12.3669 0.0 0
-12.3569 0.0 0
-12.3469 0.0 0
-12.3369 0.0 0
-12.3269 0.0 0
-12.3169 0.0 0
-12.3069 0.0 0
-12.2969 0.0 0
-12.2869 0.0 0
-12.2769 0.0 0
-12.2669 0.0 0
-12.2569 0.0 0
-12.2469 0.0 0
-12.2369 0.0 0
-12.2269 0.0 0
-12.2169 0.0 0
-12.2069 0.0 0
-12.1969 0.0 0
-12.1869 0.0 0
-12.1769 0.0 0
-12.1669 0.0 0
-12.1569 0.0 0
-12.1469 0.0 0
-12.1369 0.0 0
-12.1269 0.0 0
-12.1169 0.0 0
-12.1069 0.0 0
-12.0969 0.0 0
-12.0869 0.0 0
-12.0769 0.0 0
-12.0669 0.0 0
-12.0569 0.0 0
-12.0469 0.0 0
-12.0369 0.0 0
-12.0269 0.0 0
-12.0169 0.0 0
-12.0069 0.0 0
-11.9969 0.0 0
-11.9869 0.0 0
-11.9769 0.0 0
-11.9669 0.0 0
-11.9569 0.0 0
-11.9469 0.0 0
-11.9369 0.0 0
-11.9269 0.0 0
-11.9169 0.0 0
-11.9069 0.0 0
-11.8969 0.0 0
-11.8869 0.0 0
-11.8769 0.0 0
-11.8669 0.0 0
-11.8569 0.0 0
-11.8469 0.0 0
-11.8369 0.0 0
-11.8269 0.0 0
-11.8169 0.0 0
-11.8069 0.0 0
-11.7969 0.0 0
-11.7869 0.0 0
-11.7769 0.0 0
-11.7669 0.0 0
-11.7569 0.0 0
-11.7469 0.0 0
-11.7369 0.0 0
-11.7269 0.0 0
-11.7169 0.0 0
-11.7069 0.0 0
-11.6969 0.0 0
-11.6869 0.0 0
-11.6769 0.0 0
-11.6669 0.0 0
-11.6569 0.0 0
-11.6469 0.0 0
-11.6369 0.0 0
-11.6269 0.0 0
-11.6169 0.0 0
-11.6069 0.0 0
-11.5969 0.0 0
-11.5869 0.0 0
-11.5769 0.0 0
-11.5669 0.0 0
-11.5569 0.0 0
-11.5469 0.0 0
-11.5369 0.0 0
-11.5269 0.0 0
-11.5169 0.0 0
-11.5069 0.0 0
-11.4969 0.0 0
-11.4869 0.0 0
-11.4769 0.0 0
-11.4669 0.0 0
-11.4569 0.0 0
-11.4469 0.0 0
-11.4369 0.0 0
-11.4269 0.0 0
-11.4169 0.0 0
-11.4069 0.0 0
-11.3969 0.0 0
-11.3869 0.0 0
-11.3769 0.0 0
-11.3669 0.0 0
-11.3569 0.0 0
-11.3469 0.0 0
-11.3369 0.0 0
-11.3269 0.0 0
-11.3169 0.0 0
-11.3069 0.0 0
-11.2969 0.0 0
-11.2869 0.0 0
-11.2769 0.0 0
-11.2669 0.0 0
-11.2569 0.0 0
-11.2469 0.0 0
-11.2369 0.0 0
-11.2269 0.0 0
-11.2169 0.0 0
-11.2069 0.0 0
-11.1969 0.0 0
-11.1869 0.0 0
-11.1769 0.0 0
-11.1669 0.0 0
-11.1569 0.0 0
-11.1469 0.0 0
-11.1369 0.0 0
-11.1269 0.0 0
-11.1169 0.0 0
-11.1069 0.0 0
-11.0969 0.0 0
-11.0869 0.0 0
-11.0769 0.0 0
-11.0669 0.0 0
-11.0569 0.0 0
-11.0469 0.0 0
-11.0369 0.0 0
-11.0269 0.0 0
-11.0169 0.0 0
-11.0069 0.0 0
-10.9969 0.0 0
-10.9869 0.0 0
-10.9769 0.0 0
-10.9669 0.0 0
-10.9569 0.0 0
-10.9469 0.0 0
-10.9369 0.0 0
-10.9269 0.0 0
-10.9169 0.0 0
-10.9069 0.0 0
-10.8969 0.0 0
-10.8869 0.0 0
-10.8769 0.0 0
-10.8669 0.0 0
-10.8569 0.0 0
-10.8469 0.0 0
-10.8369 0.0 0
-10.8269 0.0 0
-10.8169 0.0 0
-10.8069 0.0 0
-10.7969 0.0 0
-10.7869 0.0 0
-10.7769 0.0 0
-10.7669 0.0 0
-10.7569 0.0 0
-10.7469 0.0 0
-10.7369 0.0 0
-10.7269 0.0 0
-10.7169 0.0 0
-10.7069 0.0 0
-10.6969 0.0 0
-10.6869 0.0 0
-10.6769 0.0 0
-10.6669 0.0 0
-10.6569 0.0 0
-10.6469 0.0 0
-10.6369 0.0 0
-10.6269 0.0 0
-10.6169 0.0 0
-10.6069 0.0 0
-10.5969 0.0 0
-10.5869 0.0 0
-10.5769 0.0 0
-10.5669 0.0 0
-10.5569 0.0 0
-10.5469 0.0 0
-10.5369 0.0 0
-10.5269 0.0 0
-10.5169 0.0 0
-10.5069 0.0 0
-10.4969 0.0 0
-10.4869 0.0 0
-10.4769 0.0 0
-10.4669 0.0 0
-10.4569 0.0 0
-10.4469 0.0 0
-10.4369 0.0 0
-10.4269 0.0 0
-10.4169 0.0 0
-10.4069 0.0 0
-10.3969 0.0 0
-10.3869 0.0 0
-10.3769 0.0 0
-10.3669 0.0 0
-10.3569 0.0 0
-10.3469 0.0 0
-10.3369 0.0 0
-10.3269 0.0 0
-10.3169 0.0 0
-10.3069 0.0 0
-10.2969 0.0 0
-10.2869 0.0 0
-10.2769 0.0 0
-10.2669 0.0 0
-10.2569 0.0 0
-10.2469 0.0 0
-10.2369 0.0 0
-10.2269 0.0 0
-10.2169 0.0 0
-10.2069 0.0 0
-10.1969 0.0 0
-10.1869 0.0 0
-10.1769 0.0 0
-10.1669 0.0 0
-10.1569 0.0 0
-10.1469 0.0 0
-10.1369 0.0 0
-10.1269 0.0 0
-10.1169 0.0 0
-10.1069 0.0 0
-10.0969 0.0 0
-10.0869 0.0 0
-10.0769 0.0 0
-10.0669 0.0 0
-10.0569 0.0 0
-10.0469 0.0 0
-10.0369 0.0 0
-10.0269 0.0 0
-10.0169 0.0 0
-10.0069 0.0 0
-9.9969 0.0 0
-9.9869 0.0 0
-9.9769 0.0 0
-9.9669 0.0 0
-9.9569 0.0 0
-9.9469 0.0 0
-9.9369 0.0 0
-9.9269 0.0 0
-9.9169 0.0 0
-9.9069 0.0 0
-9.8969 0.0 0
-9.8869 0.0 0
-9.8769 0.0 0
-9.8669 0.0 0
-9.8569 0.0 0
-9.8469 0.0 0
-9.8369 0.0 0
-9.8269 0.0 0
-9.8169 0.0 0
-9.8069 0.0 0
-9.7969 0.0 0
-9.7869 0.0 0
-9.7769 0.0 0
-9.7669 0.0 0
-9.7569 0.0 0
-9.7469 0.0 0
-9.7369 0.0 0
-9.7269 0.0 0
-9.7169 0.0 0
-9.7069 0.0 0
-9.6969 0.0 0
-9.6869 0.0 0
-9.6769 0.0 0
-9.6669 0.0 0
-9.6569 0.0 0
-9.6469 0.0 0
-9.6369 0.0 0
-9.6269 0.0 0
-9.6169 0.0 0
-9.6069 0.0 0
-9.5969 0.0 0
-9.5869 0.0 0
-9.5769 0.0 0
-9.5669 0.0 0
-9.5569 0.0 0
-9.5469 0.0 0
-9.5369 0.0 0
-9.5269 0.0 0
-9.5169 0.0 0
-9.5069 0.0 0
-9.4969 0.0 0
-9.4869 0.0 0
-9.4769 0.0 0
-9.4669 0.0 0
-9.4569 0.0 0
-9.4469 0.0 0
-9.4369 0.0 0
-9.4269 0.0 0
-9.4169 0.0 0
-9.4069 0.0 0
-9.3969 0.0 0
-9.3869 0.0 0
-9.3769 0.0 0
-9.3669 0.0 0
-9.3569 0.0 0
-9.3469 0.0 0
-9.3369 0.0 0
-9.3269 0.0 0
-9.3169 0.0 0
-9.3069 0.0 0
-9.2969 0.0 0
-9.2869 0.0 0
-9.2769 0.0 0
-9.2669 0.0 0
-9.2569 0.0 0
-9.2469 0.0 0
-9.2369 0.0 0
-9.2269 0.0 0
-9.2169 0.0 0
-9.2069 0.0 0
-9.1969 0.0 0
-9.1869 0.0 0
-9.1769 0.0 0
-9.1669 0.0 0
-9.1569 0.0 0
-9.1469 0.0 0
-9.1369 0.0 0
-9.1269 0.0 0
-9.1169 0.0 0
-9.1069 0.0 0
-9.0969 0.0 0
-9.0869 0.0 0
-9.0769 0.0 0
-9.0669 0.0 0
-9.0569 0.0 0
-9.0469 0.0 0
-9.0369 0.0 0
-9.0269 0.0 0
-9.0169 0.0 0
-9.0069 0.0 0
-8.9969 0.0 0
-8.9869 0.0 0
-8.9769 0.0 0
-8.9669 0.0 0
-8.9569 0.0 0
-8.9469 0.0 0
-8.9369 0.0 0
-8.9269 0.0 0
-8.9169 0.0 0
-8.9069 0.0 0
-8.8969 0.0 0
-8.8869 0.0 0
-8.8769 0.0 0
-8.8669 0.0 0
-8.8569 0.0 0
-8.8469 0.0 0
-8.8369 0.0 0
-8.8269 0.0 0
-8.8169 0.0 0
-8.8069 0.0 0
-8.7969 0.0 0
-8.7869 0.0 0
-8.7769 0.0 0
-8.7669 0.0 0
-8.7569 0.0 0
-8.7469 0.0 0
-8.7369 0.0 0
-8.7269 0.0 0
-8.7169 0.0 0
-8.7069 0.0 0
-8.6969 0.0 0
-8.6869 0.0 0
-8.6769 0.0 0
-8.6669 0.0 0
-8.6569 0.0 0
-8.6469 0.0 0
-8.6369 0.0 0
-8.6269 0.0 0
-8.6169 0.0 0
-8.6069 0.0 0
-8.5969 0.0 0
-8.5869 0.0 0
-8.5769 0.0 0
-8.5669 0.0 0
-8.5569 0.0 0
-8.5469 0.0 0
-8.5369 0.0 0
-8.5269 0.0 0
-8.5169 0.0 0
-8.5069 0.0 0
-8.4969 0.0 0
-8.4869 0.0 0
-8.4769 0.0 0
-8.4669 0.0 0
-8.4569 0.0 0
-8.4469 0.0 0
-8.4369 0.0 0
-8.4269 0.0 0
-8.4169 0.0 0
-8.4069 0.0 0
-8.3969 0.0 0
-8.3869 0.0 0
-8.3769 0.0 0
-8.3669 0.0 0
-8.3569 0.0 0
-8.3469 0.0 0
-8.3369 0.0 0
-8.3269 0.0 0
-8.3169 0.0 0
-8.3069 0.0 0
-8.2969 0.0 0
-8.2869 0.0 0
-8.2769 0.0 0
-8.2669 0.0 0
-8.2569 0.0 0
-8.2469 0.0 0
-8.2369 0.0 0
-8.2269 0.0 0
-8.2169 0.0 0
-8.2069 0.0 0
-8.1969 0.0 0
-8.1869 0.0 0
-8.1769 0.0 0
-8.1669 0.0 0
-8.1569 0.0 0
-8.1469 0.0 0
-8.1369 0.0 0
-8.1269 0.0 0
-8.1169 0.0 0
-8.1069 0.0 0
-8.0969 0.0 0
-8.0869 0.0 0
-8.0769 0.0 0
-8.0669 0.0 0
-8.0569 0.0 0
-8.0469 0.0 0
-8.0369 0.0 0
-8.0269 0.0 0
-8.0169 0.0 0
-8.0069 0.0 0
-7.9969 0.0 0
-7.9869 0.0 0
-7.9769 0.0 0
-7.9669 0.0 0
-7.9569 0.0 0
-7.9469 0.0 0
-7.9369 0.0 0
-7.9269 0.0 0
-7.9169 0.0 0
-7.9069 0.0 0
-7.8969 0.0 0
-7.8869 0.0 0
-7.8769 0.0 0
-7.8669 0.0 0
-7.8569 0.0 0
-7.8469 0.0 0
-7.8369 0.0 0
-7.8269 0.0 0
-7.8169 0.0 0
-7.8069 0.0 0
-7.7969 0.0 0
-7.7869 0.0 0
-7.7769 0.0 0
-7.7669 0.0 0
-7.7569 0.0 0
-7.7469 0.0 0
-7.7369 0.0 0
-7.7269 0.0 0
-7.7169 0.0 0
-7.7069 0.0 0
-7.6969 0.0 0
-7.6869 0.0 0
-7.6769 0.0 0
-7.6669 0.0 0
-7.6569 0.0 0
-7.6469 0.0 0
-7.6369 0.0 0
-7.6269 0.0 0
-7.6169 0.0 0
-7.6069 0.0 0
-7.5969 0.0 0
-7.5869 0.0 0
-7.5769 0.0 0
-7.5669 0.0 0
-7.5569 0.0 0
-7.5469 0.0 0
-7.5369 0.0 0
-7.5269 0.0 0
-7.5169 0.0 0
-7.5069 0.0 0
-7.4969 0.0 0
-7.4869 0.0 0
-7.4769 0.0 0
-7.4669 0.0 0
-7.4569 0.0 0
-7.4469 0.0 0
-7.4369 0.0 0
-7.4269 0.0 0
-7.4169 0.0 0
-7.4069 0.0 0
-7.3969 0.0 0
-7.3869 0.0 0
-7.3769 0.0 0
-7.3669 0.0 0
-7.3569 0.0 0
-7.3469 0.0 0
-7.3369 0.0 0
-7.3269 0.0 0
-7.3169 0.0 0
-7.3069 0.0 0
-7.2969 0.0 0
-7.2869 0.0 0
-7.2769 0.0 0
-7.2669 0.0 0
-7.2569 0.0 0
-7.2469 0.0 0
-7.2369 0.0 0
-7.2269 0.0 0
-7.2169 0.0 0
-7.2069 0.0 0
-7.1969 0.0 0
-7.1869 0.0 0
-7.1769 0.0 0
-7.1669 0.0 0
-7.1569 0.0 0
-7.1469 0.0 0
-7.1369 0.0 0
-7.1269 0.0 0
-7.1169 0.0 0
-7.1069 0.0 0
-7.0969 0.0 0
-7.0869 0.0 0
-7.0769 0.0 0
-7.0669 0.0 0
-7.0569 0.0 0
-7.0469 0.0 0
-7.0369 0.0 0
-7.0269 0.0 0
-7.0169 0.0 0
-7.0069 0.0 0
-6.9969 0.0 0
-6.9869 0.0 0
-6.9769 0.0 0
-6.9669 0.0 0
-6.9569 0.0 0
-6.9469 0.0 0
-6.9369 0.0 0
-6.9269 0.0 0
-6.9169 0.0 0
-6.9069 0.0 0
-6.8969 0.0 0
-6.8869 0.0 0
-6.8769 0.0 0
-6.8669 0.0 0
-6.8569 0.0 0
-6.8469 0.0 0
-6.8369 0.0 0
-6.8269 0.0 0
-6.8169 0.0 0
-6.8069 0.0 0
-6.7969 0.0 0
-6.7869 0.0 0
-6.7769 0.0 0
-6.7669 0.0 0
-6.7569 0.0 0
-6.7469 0.0 0
-6.7369 0.0 0
-6.7269 0.0 0
-6.7169 0.0 0
-6.7069 0.0 0
-6.6969 0.0 0
-6.6869 0.0 0
-6.6769 0.0 0
-6.6669 0.0 0
-6.6569 0.0 0
-6.6469 0.0 0
-6.6369 0.0 0
-6.6269 0.0 0
-6.6169 0.0 0
-6.6069 0.0 0
-6.5969 0.0 0
-6.5869 0.0 0
-6.5769 0.0 0
-6.5669 0.0 0
-6.5569 0.0 0
-6.5469 0.0 0
-6.5369 0.0 0
-6.5269 0.0 0
-6.5169 0.0 0
-6.5069 0.0 0
-6.4969 0.0 0
-6.4869 0.0 0
-6.4769 0.0 0
-6.4669 0.0 0
-6.4569 0.0 0
-6.4469 0.0 0
-6.4369 0.0 0
-6.4269 0.0 0
-6.4169 0.0 0
-6.4069 0.0 0
-6.3969 0.0 0
-6.3869 0.0 0
-6.3769 0.0 0
-6.3669 0.0 0
-6.3569 0.0 0
-6.3469 0.0 0
-6.3369 0.0 0
-6.3269 0.0 0
-6.3169 0.0 0
-6.3069 0.0 0
-6.2969 0.0 0
-6.2869 0.0 0
-6.2769 0.0 0
-6.2669 0.0 0
-6.2569 0.0 0
-6.2469 0.0 0
-6.2369 0.0 0
-6.2269 0.0 0
-6.2169 0.0 0
-6.2069 0.0 0
-6.1969 0.0 0
-6.1869 0.0 0
-6.1769 0.0 0
-6.1669 0.0 0
-6.1569 0.0 0
-6.1469 0.0 0
-6.1369 0.0 0
-6.1269 0.0 0
-6.1169 0.0 0
-6.1069 0.0 0
-6.0969 0.0 0
-6.0869 0.0 -1.392e-11
-6.0769 0.0 -2.92e-11
-6.0669 0.0 -6.08e-11
-6.0569 0.0 -1.252e-10
-6.0469 0.0 -2.54e-10
-6.0369 0.0 -5.12e-10
-6.0269 0.0 -1.02e-09
-6.0169 0.0 -2.02e-09
-6.0069 0.0 -3.92e-09
-5.9969 0.0 -7.54e-09
-5.9869 0.0 -1.44e-08
-5.9769 0.0 -2.72e-08
-5.9669 1.182e-11 -5.06e-08
-5.9569 2.5e-11 -9.36e-08
-5.9469 5.18e-11 -1.708e-07
-5.9369 1.07e-10 -3.08e-07
-5.9269 2.18e-10 -5.52e-07
-5.9169 4.4e-10 -9.76e-07
-5.9069 8.78e-10 -1.706e-06
-5.8969 1.734e-09 -2.96e-06
-5.8869 3.38e-09 -5.06e-06
-5.8769 6.54e-09 -8.56e-06
-5.8669 1.25e-08 -1.432e-05
-5.8569 2.36e-08 -2.38e-05
-5.8469 4.42e-08 -3.9e-05
-5.8369 8.18e-08 -6.3e-05
-5.8269 1.496e-07 -0.0001012
-5.8169 2.7e-07 -0.0001606
-5.8069 4.86e-07 -0.000252
-5.7969 8.6e-07 -0.000392
-5.7869 1.508e-06 -0.000602
-5.7769 2.62e-06 -0.000914
-5.7669 4.48e-06 -0.001374
-5.7569 7.62e-06 -0.00204
-5.7469 1.278e-05 -0.003
-5.7369 2.12e-05 -0.00438
-5.7269 3.48e-05 -0.0063
-5.7169 5.66e-05 -0.00898
-5.7069 9.1e-05 -0.01264
-5.6969 0.0001448 -0.01764
-5.6869 0.000228 -0.0244
-5.6769 0.000354 -0.0332
-5.6669 0.000546 -0.0448
-5.6569 0.000832 -0.0598
-5.6469 0.001254 -0.079
-5.6369 0.00187 -0.103
-5.6269 0.00276 -0.1332
-5.6169 0.00402 -0.1704
-5.6069 0.0058 -0.216
-5.5969 0.00828 -0.27
-5.5869 0.0117 -0.334
-5.5769 0.01634 -0.408
-5.5669 0.0226 -0.494
-5.5569 0.0308 -0.592
-5.5469 0.0418 -0.702
-5.5369 0.0558 -0.824
-5.5269 0.074 -0.956
-5.5169 0.0968 -1.098
-5.5069 0.1254 -1.246
-5.4969 0.1608 -1.398
-5.4869 0.204 -1.554
-5.4769 0.256 -1.708
-5.4669 0.318 -1.858
-5.4569 0.39 -1.998
-5.4469 0.472 -2.12
-5.4369 0.568 -2.24
-5.4269 0.674 -2.32
-5.4169 0.792 -2.4
-5.4069 0.922 -2.44
-5.3969 1.06 -2.46
-5.3869 1.206 -2.46
-5.3769 1.356 -2.42
-5.3669 1.51 -2.36
-5.3569 1.664 -2.28
-5.3469 1.814 -2.18
-5.3369 1.954 -2.06
-5.3269 2.08 -1.926
-5.3169 2.2 -1.78
-5.3069 2.3 -1.628
-5.2969 2.36 -1.474
-5.2869 2.42 -1.32
-5.2769 2.44 -1.168
-5.2669 2.44 -1.024
-5.2569 2.42 -0.886
-5.2469 2.36 -0.76
-5.2369 2.28 -0.644
-5.2269 2.18 -0.54
-5.2169 2.08 -0.448
-5.2069 1.942 -0.368
-5.1969 1.798 -0.3
-5.1869 1.65 -0.24
-5.1769 1.496 -0.191
-5.1669 1.342 -0.1502
-5.1569 1.19 -0.1168
-5.1469 1.046 -0.0898
-5.1369 0.908 -0.0684
-5.1269 0.78 -0.0516
-5.1169 0.662 -0.0384
-5.1069 0.558 -0.0282
-5.0969 0.464 -0.0206
-5.0869 0.382 -0.01486
-5.0769 0.31 -0.0106
-5.0669 0.25 -0.00748
-5.0569 0.1992 -0.00522
-5.0469 0.157 -0.0036
-5.0369 0.1224 -0.00246
-5.0269 0.0944 -0.001666
-5.0169 0.072 -0.001114
-5.0069 0.0544 -0.000736
-4.9969 0.0406 -0.000482
-4.9869 0.03 -0.000312
-4.9769 0.0218 -0.0001998
-4.9669 0.01582 -0.0001266
-4.9569 0.01132 -7.94e-05
-4.9469 0.008 -4.92e-05
-4.9369 0.0056 -3.02e-05
-4.9269 0.00388 -1.83e-05
-4.9169 0.00266 -1.098e-05
-4.9069 0.001798 -6.52e-06
-4.8969 0.001204 -3.84e-06
-4.8869 0.000798 -2.24e-06
-4.8769 0.000524 -1.296e-06
-4.8669 0.00034 -7.6e-07
-4.8569 0.000218 -4.7e-07
-4.8469 0.0001384 -3.42e-07
-4.8369 8.7e-05 -3.38e-07
-4.8269 5.4e-05 -4.54e-07
-4.8169 3.32e-05 -7.32e-07
-4.8069 2.02e-05 -1.26e-06
-4.7969 1.214e-05 -2.2e-06
-4.7869 7.22e-06 -3.82e-06
-4.7769 4.26e-06 -6.58e-06
-4.7669 2.48e-06 -1.122e-05
-4.7569 1.428e-06 -1.894e-05
-4.7469 8.14e-07 -3.16e-05
-4.7369 4.6e-07 -5.22e-05
-4.7269 2.6e-07 -8.54e-05
-4.7169 1.494e-07 -0.0001382
-4.7069 9.32e-08 -0.000222
-4.6969 7.24e-08 -0.00035
-4.6869 8.04e-08 -0.000548
-4.6769 1.202e-07 -0.000848
-4.6669 2.06e-07 -0.0013
-4.6569 3.68e-07 -0.00197
-4.6469 6.6e-07 -0.00296
-4.6369 1.176e-06 -0.00438
-4.6269 2.08e-06 -0.00644
-4.6169 3.62e-06 -0.00936
-4.6069 6.26e-06 -0.01344
-4.5969 1.072e-05 -0.0191
-4.5869 1.814e-05 -0.0268
-4.5769 3.04e-05 -0.0374
-4.5669 5.04e-05 -0.0514
-4.5569 8.24e-05 -0.0702
-4.5469 0.0001336 -0.0946
-4.5369 0.000214 -0.126
-4.5269 0.00034 -0.1664
-4.5169 0.000534 -0.218
-4.5069 0.00083 -0.28
-4.4969 0.001276 -0.36
-4.4869 0.00194 -0.454
-4.4769 0.00292 -0.57
-4.4669 0.00434 -0.706
-4.4569 0.0064 -0.866
-4.4469 0.00934 -1.052
-4.4369 0.01346 -1.264
-4.4269 0.01922 -1.504
-4.4169 0.0272 -1.772
-4.4069 0.038 -2.06
-4.3969 0.0524 -2.38
-4.3869 0.0718 -2.72
-4.3769 0.0972 -3.08
-4.3669 0.1302 -3.46
-4.3569 0.1726 -3.84
-4.3469 0.226 -4.24
-4.3369 0.294 -4.62
-4.3269 0.378 -4.98
-4.3169 0.48 -5.34
-4.3069 0.604 -5.66
-4.2969 0.754 -5.96
-4.2869 0.928 -6.2
-4.2769 1.134 -6.42
-4.2669 1.368 -6.58
-4.2569 1.636 -6.68
-4.2469 1.936 -6.74
-4.2369 2.26 -6.74
-4.2269 2.62 -6.68
-4.2169 3.02 -6.58
-4.2069 3.42 -6.42
-4.1969 3.86 -6.22
-4.1869 4.28 -5.98
-4.1769 4.72 -5.7
-4.1669 5.16 -5.38
-4.1569 5.56 -5.06
-4.1469 5.96 -4.7
-4.1369 6.3 -4.36
-4.1269 6.6 -3.98
-4.1169 6.86 -3.62
-4.1069 7.04 -3.26
-4.0969 7.16 -2.92
-4.0869 7.22 -2.6
-4.0769 7.2 -2.28
-4.0669 7.1 -1.988
-4.0569 6.94 -1.718
-4.0469 6.72 -1.47
-4.0369 6.44 -1.248
-4.0269 6.12 -1.05
-4.0169 5.74 -0.874
-4.0069 5.36 -0.722
-3.9969 4.94 -0.59
-3.9869 4.5 -0.478
-3.9769 4.06 -0.384
-3.9669 3.64 -0.304
-3.9569 3.22 -0.24
-3.9469 2.82 -0.1864
-3.9369 2.46 -0.1438
-3.9269 2.12 -0.1096
-3.9169 1.798 -0.0828
-3.9069 1.516 -0.062
-3.8969 1.266 -0.0458
-3.8869 1.046 -0.0336
-3.8769 0.856 -0.0244
-3.8669 0.694 -0.01746
-3.8569 0.556 -0.0124
-3.8469 0.442 -0.0087
-3.8369 0.348 -0.00606
-3.8269 0.27 -0.00416
-3.8169 0.208 -0.00284
-3.8069 0.1588 -0.001908
-3.7969 0.1198 -0.001272
-3.7869 0.0896 -0.000838
-3.7769 0.0662 -0.000546
-3.7669 0.0486 -0.000352
-3.7569 0.0352 -0.000226
-3.7469 0.0252 -0.0001424
-3.7369 0.01792 -8.9e-05
-3.7269 0.0126 -5.5e-05
-3.7169 0.00876 -3.36e-05
-3.7069 0.00602 -2.04e-05
-3.6969 0.0041 -1.22e-05
-3.6869 0.00278 -7.22e-06
-3.6769 0.001848 -4.24e-06
-3.6669 0.00122 -2.46e-06
-3.6569 0.000798 -1.406e-06
-3.6469 0.000516 -7.98e-07
-3.6369 0.00033 -4.48e-07
-3.6269 0.00021 -2.48e-07
-3.6169 0.000131 -1.366e-07
-3.6069 8.12e-05 -7.42e-08
-3.5969 4.98e-05 -4e-08
-3.5869 3.02e-05 -2.12e-08
-3.5769 1.82e-05 -1.116e-08
-3.5669 1.082e-05 -5.8e-09
-3.5569 6.36e-06 -3e-09
-3.5469 3.7e-06 -1.524e-09
-3.5369 2.14e-06 -7.68e-10
-3.5269 1.216e-06 -3.82e-10
-3.5169 6.86e-07 -1.888e-10
-3.5069 3.82e-07 -9.22e-11
-3.4969 2.12e-07 -4.44e-11
-3.4869 1.154e-07 -2.12e-11
-3.4769 6.24e-08 0
-3.4669 3.34e-08 0
-3.4569 1.762e-08 0
-3.4469 9.22e-09 0
-3.4369 4.78e-09 0
-3.4269 2.44e-09 0
-3.4169 1.238e-09 0
-3.4069 6.06e-10 0
-3.3969 3.02e-10 0
-3.3869 1.48e-10 0
-3.3769 7.2e-11 0
-3.3669 3.46e-11 0
-3.3569 1.646e-11 0
-3.3469 0.0 0
-3.3369 0.0 0
-3.3269 0.0 0
-3.3169 0.0 0
-3.3069 0.0 0
-3.2969 0.0 0
-3.2869 0.0 0
-3.2769 0.0 0
-3.2669 0.0 0
-3.2569 0.0 0
-3.2469 0.0 0
-3.2369 0.0 0
-3.2269 0.0 0
-3.2169 0.0 0
-3.2069 0.0 0
-3.1969 0.0 0
-3.1869 0.0 0
-3.1769 0.0 0
-3.1669 0.0 0
-3.1569 0.0 0
-3.1469 0.0 0
-3.1369 0.0 0
-3.1269 0.0 0
-3.1169 0.0 0
-3.1069 0.0 0
-3.0969 0.0 0
-3.0869 0.0 0
-3.0769 0.0 0
-3.0669 0.0 0
-3.0569 0.0 0
-3.0469 0.0 0
-3.0369 0.0 0
-3.0269 0.0 0
-3.0169 0.0 0
-3.0069 0.0 0
-2.9969 0.0 0
-2.9869 0.0 0
-2.9769 0.0 0
-2.9669 0.0 0
-2.9569 0.0 0
-2.9469 0.0 0
-2.9369 0.0 0
-2.9269 0.0 0
-2.9169 0.0 0
-2.9069 0.0 0
-2.8969 0.0 0
-2.8869 0.0 0
-2.8769 0.0 0
-2.8669 0.0 0
-2.8569 0.0 0
-2.8469 0.0 0
-2.8369 0.0 0
-2.8269 0.0 0
-2.8169 0.0 0
-2.8069 0.0 0
-2.7969 0.0 0
-2.7869 0.0 0
-2.7769 0.0 0
-2.7669 0.0 0
-2.7569 0.0 0
-2.7469 0.0 0
-2.7369 0.0 0
-2.7269 0.0 0
-2.7169 0.0 0
-2.7069 0.0 0
-2.6969 0.0 0
-2.6869 0.0 0
-2.6769 0.0 0
-2.6669 0.0 0
-2.6569 0.0 0
-2.6469 0.0 0
-2.6369 0.0 0
-2.6269 0.0 0
-2.6169 0.0 0
-2.6069 0.0 0
-2.5969 0.0 0
-2.5869 0.0 0
-2.5769 0.0 0
-2.5669 0.0 0
-2.5569 0.0 0
-2.5469 0.0 0
-2.5369 0.0 0
-2.5269 0.0 0
-2.5169 0.0 0
-2.5069 0.0 0
-2.4969 0.0 0
-2.4869 0.0 0
-2.4769 0.0 0
-2.4669 0.0 0
-2.4569 0.0 0
-2.4469 0.0 0
-2.4369 0.0 0
-2.4269 0.0 0
-2.4169 0.0 0
-2.4069 0.0 0
-2.3969 0.0 0
-2.3869 0.0 0
-2.3769 0.0 0
-2.3669 0.0 0
-2.3569 0.0 0
-2.3469 0.0 0
-2.3369 0.0 0
-2.3269 0.0 0
-2.3169 0.0 0
-2.3069 0.0 0
-2.2969 0.0 0
-2.2869 0.0 0
-2.2769 0.0 0
-2.2669 0.0 0
-2.2569 0.0 0
-2.2469 0.0 0
-2.2369 0.0 0
-2.2269 0.0 0
-2.2169 0.0 0
-2.2069 0.0 0
-2.1969 0.0 0
-2.1869 0.0 0
-2.1769 0.0 0
-2.1669 0.0 0
-2.1569 0.0 0
-2.1469 0.0 0
-2.1369 0.0 0
-2.1269 0.0 0
-2.1169 0.0 0
-2.1069 0.0 0
-2.0969 0.0 0
-2.0869 0.0 0
-2.0769 0.0 0
-2.0669 0.0 0
-2.0569 0.0 0
-2.0469 0.0 0
-2.0369 0.0 0
-2.0269 0.0 0
-2.0169 0.0 0
-2.0069 0.0 0
-1.9969 0.0 0
-1.9869 0.0 0
-1.9769 0.0 0
-1.9669 0.0 0
-1.9569 0.0 0
-1.9469 0.0 0
-1.9369 0.0 0
-1.9269 0.0 0
-1.9169 0.0 0
-1.9069 0.0 0
-1.8969 0.0 0
-1.8869 0.0 0
-1.8769 0.0 0
-1.8669 0.0 0
-1.8569 0.0 0
-1.8469 0.0 0
-1.8369 0.0 0
-1.8269 0.0 0
-1.8169 0.0 0
-1.8069 0.0 0
-1.7969 0.0 0
-1.7869 0.0 0
-1.7769 0.0 0
-1.7669 0.0 0
-1.7569 0.0 0
-1.7469 0.0 0
-1.7369 0.0 0
-1.7269 0.0 0
-1.7169 0.0 0
-1.7069 0.0 0
-1.6969 0.0 0
-1.6869 0.0 0
-1.6769 0.0 0
-1.6669 0.0 0
-1.6569 0.0 0
-1.6469 0.0 0
-1.6369 0.0 0
-1.6269 0.0 0
-1.6169 0.0 0
-1.6069 0.0 0
-1.5969 0.0 0
-1.5869 0.0 0
-1.5769 0.0 0
-1.5669 0.0 0
-1.5569 0.0 0
-1.5469 0.0 0
-1.5369 0.0 0
-1.5269 0.0 0
-1.5169 0.0 0
-1.5069 0.0 0
-1.4969 0.0 0
-1.4869 0.0 0
-1.4769 0.0 0
-1.4669 0.0 0
-1.4569 0.0 0
-1.4469 0.0 0
-1.4369 0.0 0
-1.4269 0.0 -5.28e-11
-1.4169 0.0 -1.106e-10
-1.4069 0.0 -2.3e-10
-1.3969 0.0 -4.72e-10
-1.3869 0.0 -9.56e-10
-1.3769 0.0 -1.922e-09
-1.3669 0.0 -3.82e-09
-1.3569 0.0 -7.52e-09
-1.3469 0.0 -1.462e-08
-1.3369 0.0 -2.82e-08
-1.3269 0.0 -5.36e-08
-1.3169 0.0 -1.008e-07
-1.3069 0.0 -1.876e-07
-1.2969 0.0 -3.46e-07
-1.2869 0.0 -6.3e-07
-1.2769 0.0 -1.136e-06
-1.2669 0.0 -2.02e-06
-1.2569 0.0 -3.58e-06
-1.2469 0.0 -6.24e-06
-1.2369 0.0 -1.08e-05
-1.2269 0.0 -1.844e-05
-1.2169 0.0 -3.12e-05
-1.2069 0.0 -5.2e-05
-1.1969 0.0 -8.62e-05
-1.1869 0.0 -0.000141
-1.1769 0.0 -0.000228
-1.1669 0.0 -0.000366
-1.1569 0.0 -0.000578
-1.1469 0.0 -0.000908
-1.1369 0.0 -0.001406
-1.1269 0.0 -0.00216
-1.1169 0.0 -0.00328
-1.1069 0.0 -0.0049
-1.0969 4.38e-11 -0.00728
-1.0869 9.22e-11 -0.0107
-1.0769 1.92e-10 -0.01556
-1.0669 3.96e-10 -0.0224
-1.0569 8.04e-10 -0.0318
-1.0469 1.62e-09 -0.0446
-1.0369 3.24e-09 -0.0622
-1.0269 6.36e-09 -0.0856
-1.0169 1.242e-08 -0.1166
-1.0069 2.4e-08 -0.157
-0.9969 4.58e-08 -0.21
-0.9869 8.64e-08 -0.276
-0.9769 1.612e-07 -0.36
-0.9669 2.98e-07 -0.464
-0.9569 5.44e-07 -0.592
-0.9469 9.84e-07 -0.748
-0.9369 1.76e-06 -0.934
-0.9269 3.12e-06 -1.154
-0.9169 5.46e-06 -1.41
-0.9069 9.44e-06 -1.704
-0.8969 1.618e-05 -2.04
-0.8869 2.74e-05 -2.42
-0.8769 4.6e-05 -2.82
-0.8669 7.62e-05 -3.28
-0.8569 0.000125 -3.74
-0.8469 0.000202 -4.24
-0.8369 0.000326 -4.76
-0.8269 0.000518 -5.28
-0.8169 0.000812 -5.78
-0.8069 0.001264 -6.28
-0.7969 0.001942 -6.74
-0.7869 0.00296 -7.16
-0.7769 0.00444 -7.52
-0.7669 0.00662 -7.82
-0.7569 0.00974 -8.04
-0.7469 0.0142 -8.18
-0.7369 0.0204 -8.24
-0.7269 0.0292 -8.2
-0.7169 0.0412 -8.08
-0.7069 0.0574 -7.86
-0.6969 0.0792 -7.58
-0.6869 0.1082 -7.22
-0.6769 0.146 -6.82
-0.6669 0.1952 -6.36
-0.6569 0.258 -5.86
-0.6469 0.338 -5.36
-0.6369 0.436 -4.84
-0.6269 0.558 -4.32
-0.6169 0.706 -3.82
-0.6069 0.884 -3.34
-0.5969 1.096 -2.88
-0.5869 1.344 -2.48
-0.5769 1.628 -2.1
-0.5669 1.952 -1.752
-0.5569 2.32 -1.452
-0.5469 2.72 -1.19
-0.5369 3.16 -0.964
-0.5269 3.62 -0.774
-0.5169 4.12 -0.614
-0.5069 4.64 -0.482
-0.4969 5.14 -0.374
-0.4869 5.66 -0.288
-0.4769 6.16 -0.218
-0.4669 6.64 -0.164
-0.4569 7.06 -0.1218
-0.4469 7.44 -0.0896
-0.4369 7.76 -0.0652
-0.4269 8.0 -0.047
-0.4169 8.16 -0.0334
-0.4069 8.22 -0.0236
-0.3969 8.22 -0.01642
-0.3869 8.1 -0.01132
-0.3769 7.92 -0.00772
-0.3669 7.66 -0.0052
-0.3569 7.32 -0.00348
-0.3469 6.92 -0.0023
-0.3369 6.46 -0.001498
-0.3269 5.98 -0.000968
-0.3169 5.48 -0.000618
-0.3069 4.96 -0.000392
-0.2969 4.44 -0.000244
-0.2869 3.94 -0.0001514
-0.2769 3.46 -9.28e-05
-0.2669 3.0 -5.62e-05
-0.2569 2.56 -3.36e-05
-0.2469 2.18 -1.994e-05
-0.2369 1.83 -1.168e-05
-0.2269 1.52 -6.78e-06
-0.2169 1.25 -3.88e-06
-0.2069 1.016 -2.2e-06
-0.1969 0.816 -1.24e-06
-0.1869 0.65 -6.88e-07
-0.1769 0.512 -3.78e-07
-0.1669 0.398 -2.06e-07
-0.1569 0.306 -1.106e-07
-0.1469 0.234 -5.88e-08
-0.1369 0.176 -3.1e-08
-0.1269 0.1312 -1.61e-08
-0.1169 0.0968 -8.3e-09
-0.1069 0.0706 -4.22e-09
-0.0969 0.051 -2.12e-09
-0.0869 0.0364 -1.062e-09
-0.0769 0.0256 -5.24e-10
-0.0669 0.01796 -2.56e-10
-0.0569 0.0124 -1.232e-10
-0.0469 0.00848 -5.88e-11
-0.0369 0.00574 0
-0.0269 0.00384 0
-0.0169 0.00254 0
-0.0069 0.001666 0
0.0031 0.001078 0
0.0131 0.000692 0
0.0231 0.000438 0
0.0331 0.000274 0
0.0431 0.0001706 0
0.0531 0.0001046 0
0.0631 6.36e-05 0
0.0731 3.82e-05 0
0.0831 2.26e-05 0
0.0931 1.334e-05 0
0.1031 7.76e-06 0
0.1131 4.46e-06 0
0.1231 2.54e-06 0
0.1331 1.428e-06 0
0.1431 7.96e-07 0
0.1531 4.38e-07 0
0.1631 2.38e-07 0
0.1731 1.288e-07 0
0.1831 6.86e-08 0
0.1931 3.62e-08 0
0.2031 1.892e-08 0
0.2131 9.76e-09 0
0.2231 4.98e-09 0
0.2331 2.52e-09 0
0.2431 1.26e-09 0
0.2531 6.24e-10 0
0.2631 3.04e-10 0
0.2731 1.476e-10 0
0.2831 7.06e-11 0
0.2931 0.0 0
0.3031 0.0 0
0.3131 0.0 0
0.3231 0.0 0
0.3331 0.0 0
0.3431 0.0 0
0.3531 0.0 0
0.3631 0.0 0
0.3731 0.0 0
0.3831 0.0 0
0.3931 0.0 0
0.4031 0.0 0
0.4131 0.0 0
0.4231 0.0 0
0.4331 0.0 0
0.4431 0.0 0
0.4531 0.0 0
0.4631 0.0 0
0.4731 0.0 0
0.4831 0.0 0
0.4931 0.0 0
0.5031 0.0 0
0.5131 0.0 0
0.5231 0.0 0
0.5331 0.0 0
0.5431 0.0 0
0.5531 0.0 0
0.5631 0.0 0
0.5731 0.0 0
0.5831 0.0 0
0.5931 0.0 0
0.6031 0.0 0
0.6131 0.0 0
0.6231 0.0 0
0.6331 0.0 0
0.6431 0.0 0
0.6531 0.0 0
0.6631 0.0 0
0.6731 0.0 0
0.6831 0.0 0
0.6931 0.0 0
0.7031 0.0 0
0.7131 0.0 0
0.7231 0.0 0
0.7331 0.0 0
0.7431 0.0 0
0.7531 0.0 0
0.7631 0.0 0
0.7731 0.0 0
0.7831 0.0 0
0.7931 0.0 0
0.8031 0.0 0
0.8131 0.0 0
0.8231 0.0 0
0.8331 0.0 0
0.8431 0.0 0
0.8531 0.0 0
0.8631 0.0 0
0.8731 0.0 0
0.8831 0.0 0
0.8931 0.0 0
0.9031 0.0 0
0.9131 0.0 0
0.9231 0.0 0
0.9331 0.0 0
0.9431 0.0 0
0.9531 0.0 0
0.9631 0.0 0
0.9731 0.0 0
0.9831 0.0 0
0.9931 0.0 0
1.0031 0.0 0
1.0131 0.0 0
1.0231 0.0 0
1.0331 0.0 0
1.0431 0.0 0
1.0531 0.0 0
1.0631 0.0 0
1.0731 0.0 0
1.0831 0.0 0
1.0931 0.0 0
1.1031 0.0 0
1.1131 0.0 0
1.1231 0.0 0
1.1331 0.0 0
1.1431 0.0 0
1.1531 0.0 0
1.1631 0.0 0
1.1731 0.0 0
1.1831 0.0 0
1.1931 0.0 0
1.2031 0.0 0
1.2131 0.0 0
1.2231 0.0 0
1.2331 0.0 0
1.2431 0.0 0
1.2531 0.0 0
1.2631 0.0 0
1.2731 0.0 0
1.2831 0.0 0
1.2931 0.0 0
1.3031 0.0 0
1.3131 0.0 0
1.3231 0.0 0
1.3331 0.0 0
1.3431 0.0 0
1.3531 0.0 0
1.3631 0.0 0
1.3731 0.0 0
1.3831 0.0 0
1.3931 0.0 0
1.4031 0.0 0
1.4131 0.0 0
1.4231 0.0 0
1.4331 0.0 0
1.4431 0.0 0
1.4531 0.0 0
1.4631 0.0 0
1.4731 0.0 0
1.4831 0.0 0
1.4931 0.0 0
1.5031 0.0 0
1.5131 0.0 0
1.5231 0.0 0
1.5331 0.0 0
1.5431 0.0 0
1.5531 0.0 0
1.5631 0.0 0
1.5731 0.0 0
1.5831 0.0 0
1.5931 0.0 0
1.6031 0.0 0
1.6131 0.0 0
1.6231 0.0 0
1.6331 0.0 0
1.6431 0.0 0
1.6531 0.0 0
1.6631 0.0 0
1.6731 0.0 0
1.6831 0.0 0
1.6931 0.0 0
1.7031 0.0 0
1.7131 0.0 0
1.7231 0.0 0
1.7331 0.0 0
1.7431 0.0 0
1.7531 0.0 0
1.7631 0.0 0
1.7731 0.0 0
1.7831 0.0 0
1.7931 0.0 0
1.8031 0.0 0
1.8131 0.0 0
1.8231 0.0 0
1.8331 0.0 0
1.8431 0.0 0
1.8531 0.0 0
1.8631 0.0 0
1.8731 0.0 0
1.8831 0.0 0
1.8931 0.0 0
1.9031 0.0 0
1.9131 0.0 0
1.9231 0.0 0
1.9331 0.0 0
1.9431 0.0 0
1.9531 0.0 0
1.9631 0.0 0
1.9731 0.0 0
1.9831 0.0 0
1.9931 0.0 0
2.0031 0.0 0
2.0131 0.0 0
2.0231 0.0 0
2.0331 0.0 0
2.0431 0.0 0
2.0531 0.0 0
2.0631 0.0 0
2.0731 0.0 0
2.0831 0.0 0
2.0931 0.0 0
2.1031 0.0 0
2.1131 0.0 0
2.1231 0.0 0
2.1331 0.0 0
2.1431 0.0 0
2.1531 0.0 0
2.1631 0.0 0
2.1731 0.0 0
2.1831 0.0 0
2.1931 0.0 0
2.2031 0.0 0
2.2131 0.0 0
2.2231 0.0 0
2.2331 0.0 0
2.2431 0.0 0
2.2531 0.0 0
2.2631 0.0 0
2.2731 0.0 0
2.2831 0.0 0
2.2931 0.0 0
2.3031 0.0 0
2.3131 0.0 0
2.3231 0.0 0
2.3331 0.0 0
2.3431 0.0 0
2.3531 0.0 0
2.3631 0.0 0
2.3731 0.0 0
2.3831 0.0 0
2.3931 0.0 0
2.4031 0.0 0
2.4131 0.0 0
2.4231 0.0 0
2.4331 0.0 0
2.4431 0.0 0
2.4531 0.0 0
2.4631 0.0 0
2.4731 0.0 0
2.4831 0.0 0
2.4931 0.0 0
2.5031 0.0 0
2.5131 0.0 0
2.5231 0.0 0
2.5331 0.0 0
2.5431 0.0 0
2.5531 0.0 0
2.5631 0.0 0
2.5731 0.0 0
2.5831 0.0 0
2.5931 0.0 0
2.6031 0.0 0
2.6131 0.0 0
2.6231 0.0 0
2.6331 0.0 0
2.6431 0.0 0
2.6531 0.0 0
2.6631 0.0 0
2.6731 0.0 0
2.6831 0.0 0
2.6931 0.0 0
2.7031 0.0 0
2.7131 0.0 0
2.7231 0.0 0
2.7331 0.0 0
2.7431 0.0 0
2.7531 0.0 0
2.7631 0.0 0
2.7731 0.0 0
2.7831 0.0 0
2.7931 0.0 0
2.8031 0.0 0
2.8131 0.0 0
2.8231 0.0 0
2.8331 0.0 0
2.8431 0.0 0
2.8531 0.0 0
2.8631 0.0 0
2.8731 0.0 0
2.8831 0.0 0
2.8931 0.0 0
2.9031 0.0 0
2.9131 0.0 0
2.9231 0.0 0
2.9331 0.0 0
2.9431 0.0 0
2.9531 0.0 0
2.9631 0.0 0
2.9731 0.0 0
2.9831 0.0 0
2.9931 0.0 0
3.0031 0.0 0
3.0131 0.0 0
3.0231 0.0 0
3.0331 0.0 0
3.0431 0.0 0
3.0531 0.0 0
3.0631 0.0 0
3.0731 0.0 0
3.0831 0.0 0
3.0931 0.0 0
3.1031 0.0 0
3.1131 0.0 0
3.1231 0.0 0
3.1331 0.0 0
3.1431 0.0 0
3.1531 0.0 0
3.1631 0.0 0
3.1731 0.0 0
3.1831 0.0 0
3.1931 0.0 0
3.2031 0.0 0
3.2131 0.0 0
3.2231 0.0 0
3.2331 0.0 0
3.2431 0.0 0
3.2531 0.0 0
3.2631 0.0 0
3.2731 0.0 0
3.2831 0.0 0
3.2931 0.0 0
3.3031 0.0 0
3.3131 0.0 0
3.3231 0.0 0
3.3331 0.0 0
3.3431 0.0 0
3.3531 0.0 0
3.3631 0.0 0
3.3731 0.0 0
3.3831 0.0 0
3.3931 0.0 0
3.4031 0.0 0
3.4131 0.0 0
3.4231 0.0 0
3.4331 0.0 0
3.4431 0.0 0
3.4531 0.0 0
3.4631 0.0 0
3.4731 0.0 0
3.4831 0.0 0
3.4931 0.0 0
3.5031 0.0 0
3.5131 0.0 0
3.5231 0.0 0
3.5331 0.0 0
3.5431 0.0 0
3.5531 0.0 0
3.5631 0.0 0
3.5731 0.0 0
3.5831 0.0 0
3.5931 0.0 0
3.6031 0.0 0
3.6131 0.0 0
3.6231 0.0 0
3.6331 0.0 0
3.6431 0.0 0
3.6531 0.0 0
3.6631 0.0 0
3.6731 0.0 0
3.6831 0.0 0
3.6931 0.0 0
3.7031 0.0 0
3.7131 0.0 0
3.7231 0.0 0
3.7331 0.0 0
3.7431 0.0 0
3.7531 0.0 0
3.7631 0.0 0
3.7731 0.0 0
3.7831 0.0 0
3.7931 0.0 0
3.8031 0.0 0
3.8131 0.0 0
3.8231 0.0 0
3.8331 0.0 0
3.8431 0.0 0
3.8531 0.0 0
3.8631 0.0 0
3.8731 0.0 0
3.8831 0.0 0
3.8931 0.0 0
3.9031 0.0 0
3.9131 0.0 0
3.9231 0.0 0
3.9331 0.0 0
3.9431 0.0 0
3.9531 0.0 0
3.9631 0.0 0
3.9731 0.0 0
3.9831 0.0 0
3.9931 0.0 0
4.0031 0.0 0
4.0131 0.0 0
4.0231 0.0 0
4.0331 0.0 0
4.0431 0.0 0
4.0531 0.0 0
4.0631 0.0 0
4.0731 0.0 0
4.0831 0.0 0
4.0931 0.0 0
4.1031 0.0 0
4.1131 0.0 0
4.1231 0.0 0
4.1331 0.0 0
4.1431 0.0 0
4.1531 0.0 0
4.1631 0.0 0
4.1731 0.0 0
4.1831 0.0 0
4.1931 0.0 0
4.2031 0.0 0
4.2131 0.0 0
4.2231 0.0 0
4.2331 0.0 0
4.2431 0.0 0
4.2531 0.0 0
4.2631 0.0 0
4.2731 0.0 0
4.2831 0.0 0
4.2931 0.0 0
4.3031 0.0 0
4.3131 0.0 0
4.3231 0.0 0
4.3331 0.0 0
4.3431 0.0 0
4.3531 0.0 0
4.3631 0.0 0
4.3731 0.0 0
4.3831 0.0 0
4.3931 0.0 0
4.4031 0.0 0
4.4131 0.0 0
4.4231 0.0 0
4.4331 0.0 0
4.4431 0.0 0
4.4531 0.0 0
4.4631 0.0 0
4.4731 0.0 0
4.4831 0.0 0
4.4931 0.0 0
4.5031 0.0 0
4.5131 0.0 0
4.5231 0.0 0
4.5331 0.0 0
4.5431 0.0 0
4.5531 0.0 0
4.5631 0.0 0
4.5731 0.0 0
4.5831 0.0 0
4.5931 0.0 0
4.6031 0.0 0
4.6131 0.0 0
4.6231 0.0 0
4.6331 0.0 0
4.6431 0.0 0
4.6531 0.0 0
4.6631 0.0 0
4.6731 0.0 0
4.6831 0.0 0
4.6931 0.0 0
4.7031 0.0 0
4.7131 0.0 0
4.7231 0.0 0
4.7331 0.0 0
4.7431 0.0 0
4.7531 0.0 0
4.7631 0.0 0
4.7731 0.0 0
4.7831 0.0 0
4.7931 0.0 0
4.8031 0.0 0
4.8131 0.0 0
4.8231 0.0 0
4.8331 0.0 0
4.8431 0.0 0
4.8531 0.0 0
4.8631 0.0 0
4.8731 0.0 0
4.8831 0.0 0
4.8931 0.0 0
4.9031 0.0 0
4.9131 0.0 0
4.9231 0.0 0
4.9331 0.0 0
4.9431 0.0 0
4.9531 0.0 0
4.9631 0.0 0
4.9731 0.0 0
4.9831 0.0 0
4.9931 0.0 0
5.0031 0.0 0
5.0131 0.0 0
5.0231 0.0 0
5.0331 0.0 0
5.0431 0.0 0
5.0531 0.0 0
5.0631 0.0 0
5.0731 0.0 0
5.0831 0.0 0
5.0931 0.0 0
5.1031 0.0 0
5.1131 0.0 0
5.1231 0.0 0
5.1331 0.0 0
5.1431 0.0 0
5.1531 0.0 0
5.1631 0.0 0
5.1731 0.0 0
5.1831 0.0 0
5.1931 0.0 0
5.2031 0.0 0
5.2131 0.0 0
5.2231 0.0 0
5.2331 0.0 0
5.2431 0.0 0
5.2531 0.0 0
5.2631 0.0 0
5.2731 0.0 0
5.2831 0.0 0
5.2931 0.0 0
5.3031 0.0 0
5.3131 0.0 0
5.3231 0.0 0
5.3331 0.0 0
5.3431 0.0 0
5.3531 0.0 0
5.3631 0.0 0
5.3731 0.0 0
5.3831 0.0 0
5.3931 0.0 0
5.4031 0.0 0
5.4131 0.0 0
5.4231 0.0 0
5.4331 0.0 0
5.4431 0.0 0
5.4531 0.0 0
5.4631 0.0 0
5.4731 0.0 0
5.4831 0.0 0
5.4931 0.0 0
5.5031 0.0 0
5.5131 0.0 0
5.5231 0.0 0
5.5331 0.0 0
5.5431 0.0 0
5.5531 0.0 0
5.5631 0.0 0
5.5731 0.0 0
5.5831 0.0 0
5.5931 0.0 0
5.6031 0.0 0
5.6131 0.0 0
5.6231 0.0 0
5.6331 0.0 0
5.6431 0.0 0
5.6531 0.0 0
5.6631 0.0 0
5.6731 0.0 0
5.6831 0.0 0
5.6931 0.0 0
5.7031 0.0 0
5.7131 0.0 0
5.7231 0.0 0
5.7331 0.0 0
5.7431 0.0 0
5.7531 0.0 0
5.7631 0.0 0
5.7731 0.0 0
5.7831 0.0 0
5.7931 0.0 0
5.8031 0.0 0
5.8131 0.0 0
5.8231 0.0 0
5.8331 0.0 0
5.8431 0.0 0
5.8531 0.0 0
5.8631 0.0 0
5.8731 0.0 0
5.8831 0.0 0
5.8931 0.0 0
5.9031 0.0 0
5.9131 0.0 0
5.9231 0.0 0
5.9331 0.0 0
5.9431 0.0 0
5.9531 0.0 0
5.9631 0.0 0
5.9731 0.0 0
5.9831 0.0 0
5.9931 0.0 0
6.0031 0.0 0
6.0131 0.0 0
6.0231 0.0 -7.48e-13
6.0331 0.0 -1.578e-12
6.0431 7.88e-13 -3.28e-12
6.0531 1.658e-12 -6.78e-12
6.0631 3.46e-12 -1.384e-11
6.0731 7.12e-12 -2.8e-11
6.0831 1.45e-11 -5.58e-11
6.0931 2.92e-11 -1.1e-10
6.1031 5.82e-11 -2.16e-10
6.1131 1.15e-10 -4.16e-10
6.1231 2.24e-10 -7.94e-10
6.1331 4.34e-10 -1.504e-09
6.1431 8.28e-10 -2.82e-09
6.1531 1.566e-09 -5.2e-09
6.1631 2.92e-09 -9.54e-09
6.1731 5.42e-09 -1.728e-08
6.1831 9.9e-09 -3.1e-08
6.1931 1.792e-08 -5.48e-08
6.2031 3.2e-08 -9.62e-08
6.2131 5.68e-08 -1.67e-07
6.2231 9.96e-08 -2.86e-07
6.2331 1.726e-07 -4.86e-07
6.2431 2.96e-07 -8.18e-07
6.2531 5.02e-07 -1.358e-06
6.2631 8.42e-07 -2.24e-06
6.2731 1.398e-06 -3.62e-06
6.2831 2.3e-06 -5.84e-06
6.2931 3.72e-06 -9.28e-06
6.3031 6e-06 -1.462e-05
6.3131 9.52e-06 -2.28e-05
6.3231 1.498e-05 -3.5e-05
6.3331 2.34e-05 -5.34e-05
6.3431 3.58e-05 -8.06e-05
6.3531 5.46e-05 -0.0001202
6.3631 8.22e-05 -0.0001772
6.3731 0.0001226 -0.000258
6.3831 0.0001808 -0.000374
6.3931 0.000264 -0.000534
6.4031 0.00038 -0.000754
6.4131 0.000542 -0.001054
6.4231 0.000766 -0.001456
6.4331 0.00107 -0.001992
6.4431 0.001478 -0.0027
6.4531 0.00202 -0.00362
6.4631 0.00272 -0.00478
6.4731 0.00366 -0.00626
6.4831 0.00482 -0.00812
6.4931 0.00632 -0.0104
6.5031 0.00818 -0.0132
6.5131 0.01048 -0.01656
6.5231 0.01328 -0.0206
6.5331 0.01664 -0.0252
6.5431 0.0206 -0.0306
6.5531 0.0254 -0.0368
6.5631 0.0308 -0.0438
6.5731 0.0368 -0.0514
6.5831 0.0438 -0.0598
6.5931 0.0514 -0.0688
6.6031 0.0598 -0.0784
6.6131 0.0688 -0.0882
6.6231 0.0782 -0.0984
6.6331 0.088 -0.1084
6.6431 0.098 -0.1182
6.6531 0.1078 -0.1274
6.6631 0.1174 -0.136
6.6731 0.1266 -0.1436
6.6831 0.1348 -0.1498
6.6931 0.1422 -0.1548
6.7031 0.1484 -0.1582
6.7131 0.153 -0.1598
6.7231 0.1562 -0.1598
6.7331 0.1578 -0.1582
6.7431 0.1576 -0.1548
6.7531 0.1558 -0.1498
6.7631 0.1524 -0.1434
6.7731 0.1474 -0.1358
6.7831 0.141 -0.1274
6.7931 0.1334 -0.118
6.8031 0.125 -0.1082
6.8131 0.1158 -0.0982
6.8231 0.106 -0.0882
6.8331 0.096 -0.0782
6.8431 0.0862 -0.0688
6.8531 0.0764 -0.0598
6.8631 0.067 -0.0514
6.8731 0.0582 -0.0436
6.8831 0.05 -0.0368
6.8931 0.0424 -0.0306
6.9031 0.0358 -0.0252
6.9131 0.0296 -0.0204
6.9231 0.0244 -0.01652
6.9331 0.01986 -0.01316
6.9431 0.01598 -0.01038
6.9531 0.01274 -0.0081
6.9631 0.01002 -0.00624
6.9731 0.00782 -0.00476
6.9831 0.00602 -0.0036
6.9931 0.0046 -0.00268
7.0031 0.00346 -0.001986
7.0131 0.00258 -0.001452
7.0231 0.001908 -0.00105
7.0331 0.001394 -0.00075
7.0431 0.001008 -0.000532
7.0531 0.00072 -0.000372
7.0631 0.000508 -0.000258
7.0731 0.000356 -0.0001764
7.0831 0.000246 -0.0001196
7.0931 0.0001686 -8.02e-05
7.1031 0.0001142 -5.32e-05
7.1131 7.64e-05 -3.48e-05
7.1231 5.06e-05 -2.26e-05
7.1331 3.32e-05 -1.454e-05
7.1431 2.16e-05 -9.24e-06
7.1531 1.382e-05 -5.8e-06
7.1631 8.76e-06 -3.6e-06
7.1731 5.5e-06 -2.22e-06
7.1831 3.42e-06 -1.35e-06
7.1931 2.1e-06 -8.12e-07
7.2031 1.276e-06 -4.84e-07
7.2131 7.68e-07 -2.84e-07
7.2231 4.56e-07 -1.658e-07
7.2331 2.68e-07 -9.56e-08
7.2431 1.562e-07 -5.46e-08
7.2531 9e-08 -3.08e-08
7.2631 5.12e-08 -1.722e-08
7.2731 2.88e-08 -9.62e-09
7.2831 1.61e-08 -5.46e-09
7.2931 8.88e-09 -3.38e-09
7.3031 4.84e-09 -2.64e-09
7.3131 2.62e-09 -3.04e-09
7.3231 1.396e-09 -4.78e-09
7.3331 7.36e-10 -8.56e-09
7.3431 3.84e-10 -1.59e-08
7.3531 2.16e-10 -2.96e-08
7.3631 1.364e-10 -5.48e-08
7.3731 1.23e-10 -1.002e-07
7.3831 1.718e-10 -1.818e-07
7.3931 3.08e-10 -3.26e-07
7.4031 5.96e-10 -5.78e-07
7.4131 1.168e-09 -1.014e-06
7.4231 2.28e-09 -1.76e-06
7.4331 4.42e-09 -3.02e-06
7.4431 8.44e-09 -5.14e-06
7.4531 1.598e-08 -8.64e-06
7.4631 3e-08 -1.434e-05
7.4731 5.54e-08 -2.36e-05
7.4831 1.016e-07 -3.84e-05
7.4931 1.844e-07 -6.18e-05
7.5031 3.3e-07 -9.84e-05
7.5131 5.86e-07 -0.000155
7.5231 1.03e-06 -0.000242
7.5331 1.79e-06 -0.000372
7.5431 3.08e-06 -0.000568
7.5531 5.22e-06 -0.000856
7.5631 8.78e-06 -0.001278
7.5731 1.46e-05 -0.001886
7.5831 2.4e-05 -0.00276
7.5931 3.92e-05 -0.00398
7.6031 6.3e-05 -0.00568
7.6131 0.0001004 -0.00804
7.6231 0.000158 -0.01124
7.6331 0.000246 -0.01554
7.6431 0.00038 -0.0212
7.6531 0.00058 -0.0288
7.6631 0.000874 -0.0386
7.6731 0.001306 -0.0512
7.6831 0.001928 -0.067
7.6931 0.00282 -0.0868
7.7031 0.00408 -0.1114
7.7131 0.00582 -0.1414
7.7231 0.00824 -0.1776
7.7331 0.01152 -0.22
7.7431 0.01594 -0.27
7.7531 0.0218 -0.33
7.7631 0.0296 -0.396
7.7731 0.0396 -0.47
7.7831 0.0526 -0.554
7.7931 0.0688 -0.644
7.8031 0.0894 -0.742
7.8131 0.1146 -0.844
7.8231 0.1456 -0.952
7.8331 0.1828 -1.062
7.8431 0.228 -1.17
7.8531 0.278 -1.276
7.8631 0.34 -1.378
7.8731 0.408 -1.47
7.8831 0.486 -1.552
7.8931 0.572 -1.622
7.9031 0.666 -1.676
7.9131 0.766 -1.714
7.9231 0.874 -1.734
7.9331 0.984 -1.734
7.9431 1.098 -1.716
7.9531 1.21 -1.68
7.9631 1.322 -1.628
7.9731 1.426 -1.56
7.9831 1.524 -1.478
7.9931 1.61 -1.386
8.0031 1.682 -1.286
8.0131 1.738 -1.18
8.0231 1.778 -1.072
8.0331 1.8 -0.962
8.0431 1.802 -0.854
8.0531 1.784 -0.75
8.0631 1.746 -0.652
8.0731 1.692 -0.562
8.0831 1.622 -0.478
8.0931 1.538 -0.402
8.1031 1.444 -0.334
8.1131 1.34 -0.276
8.1231 1.23 -0.224
8.1331 1.116 -0.1812
8.1431 1.004 -0.1444
8.1531 0.892 -0.114
8.1631 0.784 -0.089
8.1731 0.682 -0.0686
8.1831 0.586 -0.0524
8.1931 0.5 -0.0396
8.2031 0.42 -0.0296
8.2131 0.35 -0.0218
8.2231 0.288 -0.016
8.2331 0.236 -0.01158
8.2431 0.1898 -0.00828
8.2531 0.1514 -0.00586
8.2631 0.1194 -0.0041
8.2731 0.0932 -0.00284
8.2831 0.072 -0.001952
8.2931 0.055 -0.001324
8.3031 0.0416 -0.000888
8.3131 0.031 -0.00059
8.3231 0.023 -0.000386
8.3331 0.01682 -0.000252
8.3431 0.01218 -0.0001614
8.3531 0.00872 -0.0001026
8.3631 0.00618 -6.44e-05
8.3731 0.00432 -4.02e-05
8.3831 0.003 -2.46e-05
8.3931 0.00206 -1.502e-05
8.4031 0.001396 -9.04e-06
8.4131 0.000936 -5.38e-06
8.4231 0.000622 -3.18e-06
8.4331 0.000408 -1.85e-06
8.4431 0.000266 -1.066e-06
8.4531 0.0001706 -6.08e-07
