-21.1569 3.96e-08 -0.000468
-21.1469 7.36e-08 -0.000716
-21.1369 1.348e-07 -0.001084
-21.1269 2.44e-07 -0.001622
-21.1169 4.38e-07 -0.0024
-21.1069 7.78e-07 -0.00352
-21.0969 1.366e-06 -0.0051
-21.0869 2.38e-06 -0.0073
-21.0769 4.08e-06 -0.01036
-21.0669 6.94e-06 -0.01452
-21.0569 1.166e-05 -0.0202
-21.0469 1.94e-05 -0.0276
-21.0369 3.2e-05 -0.0376
-21.0269 5.2e-05 -0.0504
-21.0169 8.38e-05 -0.067
-21.0069 0.0001334 -0.0882
-20.9969 0.00021 -0.1146
-20.9869 0.000328 -0.1474
-20.9769 0.000506 -0.1876
-20.9669 0.000772 -0.236
-20.9569 0.001164 -0.294
-20.9469 0.001738 -0.362
-20.9369 0.00256 -0.442
-20.9269 0.00376 -0.532
-20.9169 0.00542 -0.636
-20.9069 0.00776 -0.75
-20.8969 0.01098 -0.876
-20.8869 0.01536 -1.01
-20.8769 0.0212 -1.154
-20.8669 0.0292 -1.306
-20.8569 0.0394 -1.458
-20.8469 0.0528 -1.614
-20.8369 0.07 -1.766
-20.8269 0.092 -1.91
-20.8169 0.1192 -2.04
-20.8069 0.1532 -2.16
-20.7969 0.1944 -2.26
-20.7869 0.244 -2.36
-20.7769 0.304 -2.42
-20.7669 0.374 -2.44
-20.7569 0.454 -2.46
-20.7469 0.546 -2.44
-20.7369 0.65 -2.4
-20.7269 0.764 -2.32
-20.7169 0.89 -2.24
-20.7069 1.026 -2.12
-20.6969 1.17 -1.998
-20.6869 1.318 -1.858
-20.6769 1.47 -1.71
-20.6669 1.622 -1.558
-20.6569 1.772 -1.402
-20.6469 1.912 -1.25
-20.6369 2.04 -1.102
-20.6269 2.16 -0.96
-20.6169 2.26 -0.828
-20.6069 2.34 -0.706
-20.5969 2.38 -0.596
-20.5869 2.42 -0.498
-20.5769 2.42 -0.412
-20.5669 2.4 -0.336
-20.5569 2.34 -0.272
-20.5469 2.28 -0.218
-20.5369 2.18 -0.172
-20.5269 2.06 -0.1346
-20.5169 1.942 -0.1042
-20.5069 1.802 -0.0798
-20.4969 1.656 -0.0606
-20.4869 1.504 -0.0454
-20.4769 1.352 -0.0336
-20.4669 1.202 -0.0246
-20.4569 1.056 -0.0179
-20.4469 0.92 -0.01284
-20.4369 0.79 -0.00912
-20.4269 0.674 -0.0064
-20.4169 0.568 -0.00446
-20.4069 0.472 -0.00306
-20.3969 0.39 -0.00208
-20.3869 0.318 -0.001402
-20.3769 0.256 -0.000932
-20.3669 0.204 -0.000614
-20.3569 0.1614 -0.0004
-20.3469 0.126 -0.000258
-20.3369 0.0974 -0.0001644
-20.3269 0.0744 -0.0001036
-20.3169 0.0562 -6.48e-05
-20.3069 0.042 -4.02e-05
-20.2969 0.0312 -2.5e-05
-20.2869 0.0228 -1.574e-05
-20.2769 0.01648 -1.06e-05
-20.2669 0.0118 -8.32e-06
-20.2569 0.00836 -8.36e-06
-20.2469 0.00586 -1.076e-05
-20.2369 0.00406 -1.604e-05
-20.2269 0.00278 -2.54e-05
-20.2169 0.001892 -4.1e-05
-20.2069 0.00127 -6.58e-05
-20.1969 0.000844 -0.0001052
-20.1869 0.000554 -0.0001662
-20.1769 0.00036 -0.00026
-20.1669 0.000232 -0.000402
-20.1569 0.0001472 -0.000618
-20.1469 9.26e-05 -0.000936
-20.1369 5.76e-05 -0.001402
-20.1269 3.56e-05 -0.00208
-20.1169 2.16e-05 -0.00306
-20.1069 1.314e-05 -0.00442
-20.0969 7.98e-06 -0.00636
-20.0869 4.96e-06 -0.00904
-20.0769 3.34e-06 -0.01268
-20.0669 2.72e-06 -0.01764
-20.0569 2.92e-06 -0.0242
-20.0469 4e-06 -0.033
-20.0369 6.24e-06 -0.0444
-20.0269 1.02e-05 -0.059
-20.0169 1.682e-05 -0.0778
-20.0069 2.76e-05 -0.1014
-19.9969 4.5e-05 -0.1306
-19.9869 7.26e-05 -0.1666
-19.9769 0.0001158 -0.21
-19.9669 0.0001828 -0.262
-19.9569 0.000286 -0.324
-19.9469 0.00044 -0.394
-19.9369 0.000674 -0.476
-19.9269 0.001018 -0.57
-19.9169 0.001522 -0.674
-19.9069 0.00226 -0.788
-19.8969 0.0033 -0.912
-19.8869 0.00478 -1.042
-19.8769 0.00684 -1.18
-19.8669 0.00968 -1.322
-19.8569 0.01356 -1.464
-19.8469 0.01882 -1.604
-19.8369 0.0258 -1.74
-19.8269 0.035 -1.866
-19.8169 0.047 -1.98
-19.8069 0.0624 -2.08
-19.7969 0.082 -2.16
-19.7869 0.1066 -2.22
-19.7769 0.137 -2.26
-19.7669 0.1742 -2.26
-19.7569 0.22 -2.26
-19.7469 0.272 -2.22
-19.7369 0.336 -2.16
-19.7269 0.408 -2.08
-19.7169 0.492 -1.974
-19.7069 0.586 -1.86
-19.6969 0.692 -1.734
-19.6869 0.808 -1.598
-19.6769 0.932 -1.458
-19.6669 1.064 -1.316
-19.6569 1.2 -1.174
-19.6469 1.342 -1.036
-19.6369 1.482 -0.906
-19.6269 1.62 -0.782
-19.6169 1.752 -0.668
-19.6069 1.874 -0.566
-19.5969 1.984 -0.472
-19.5869 2.08 -0.392
-19.5769 2.16 -0.32
-19.5669 2.2 -0.26
-19.5569 2.24 -0.208
-19.5469 2.24 -0.1648
-19.5369 2.22 -0.1292
-19.5269 2.18 -0.1002
-19.5169 2.12 -0.0768
-19.5069 2.04 -0.0584
-19.4969 1.93 -0.0438
-19.4869 1.814 -0.0326
-19.4769 1.686 -0.024
-19.4669 1.55 -0.01738
-19.4569 1.41 -0.0125
-19.4469 1.27 -0.00888
-19.4369 1.13 -0.00626
-19.4269 0.996 -0.00436
-19.4169 0.868 -0.003
-19.4069 0.748 -0.00204
-19.3969 0.638 -0.001376
-19.3869 0.538 -0.000918
-19.3769 0.448 -0.000606
-19.3669 0.37 -0.000396
-19.3569 0.302 -0.000254
-19.3469 0.244 -0.0001628
-19.3369 0.1952 -0.0001028
-19.3269 0.1542 -6.42e-05
-19.3169 0.1206 -3.98e-05
-19.3069 0.0934 -2.42e-05
-19.2969 0.0714 -1.47e-05
-19.2869 0.054 -8.8e-06
-19.2769 0.0406 -5.2e-06
-19.2669 0.03 -3.04e-06
-19.2569 0.022 -1.766e-06
-19.2469 0.01596 -1.012e-06
-19.2369 0.01144 -5.74e-07
-19.2269 0.00812 -3.22e-07
-19.2169 0.0057 -1.786e-07
-19.2069 0.00396 -9.8e-08
-19.1969 0.00272 -5.32e-08
-19.1869 0.001848 -2.86e-08
-19.1769 0.001242 -1.52e-08
-19.1669 0.000826 -7.98e-09
-19.1569 0.000544 -4.16e-09
-19.1469 0.000354 -2.14e-09
-19.1369 0.000228 -1.088e-09
-19.1269 0.000145 -5.48e-10
-19.1169 9.14e-05 -2.72e-10
-19.1069 5.7e-05 -1.342e-10
-19.0969 3.52e-05 -6.54e-11
-19.0869 2.14e-05 -3.16e-11
-19.0769 1.292e-05 -1.504e-11
-19.0669 7.72e-06 0
-19.0569 4.56e-06 0
-19.0469 2.66e-06 0
-19.0369 1.538e-06 0
-19.0269 8.8e-07 0
-19.0169 4.98e-07 0
-19.0069 2.78e-07 0
-18.9969 1.54e-07 0
-18.9869 8.44e-08 0
-18.9769 4.56e-08 0
-18.9669 2.44e-08 0
-18.9569 1.296e-08 0
-18.9469 6.8e-09 0
-18.9369 3.52e-09 0
-18.9269 1.81e-09 0
-18.9169 9.18e-10 0
-18.9069 4.62e-10 0
-18.8969 2.3e-10 0
-18.8869 1.126e-10 0
-18.8769 5.48e-11 0
-18.8669 2.64e-11 0
-18.8569 1.254e-11 0
-18.8469 0.0 0
-18.8369 0.0 0
-18.8269 0.0 0
-18.8169 0.0 0
-18.8069 0.0 0
-18.7969 0.0 0
-18.7869 0.0 0
-18.7769 0.0 0
-18.7669 0.0 0
-18.7569 0.0 0
-18.7469 0.0 0
-18.7369 0.0 0
-18.7269 0.0 0
-18.7169 0.0 0
-18.7069 0.0 0
-18.6969 0.0 0
-18.6869 0.0 0
-18.6769 0.0 0
-18.6669 0.0 0
-18.6569 0.0 0
-18.6469 0.0 0
-18.6369 0.0 0
-18.6269 0.0 0
-18.6169 0.0 0
-18.6069 0.0 0
-18.5969 0.0 0
-18.5869 0.0 0
-18.5769 0.0 0
-18.5669 0.0 0
-18.5569 0.0 0
-18.5469 0.0 0
-18.5369 0.0 0
-18.5269 0.0 0
-18.5169 0.0 0
-18.5069 0.0 0
-18.4969 0.0 0
-18.4869 0.0 0
-18.4769 0.0 0
-18.4669 0.0 0
-18.4569 0.0 0
-18.4469 0.0 0
-18.4369 0.0 0
-18.4269 0.0 0
-18.4169 0.0 0
-18.4069 0.0 0
-18.3969 0.0 0
-18.3869 0.0 0
-18.3769 0.0 0
-18.3669 0.0 0
-18.3569 0.0 0
-18.3469 0.0 0
-18.3369 0.0 0
-18.3269 0.0 0
-18.3169 0.0 0
-18.3069 0.0 0
-18.2969 0.0 0
-18.2869 0.0 0
-18.2769 0.0 0
-18.2669 0.0 0
-18.2569 0.0 0
-18.2469 0.0 0
-18.2369 0.0 0
-18.2269 0.0 0
-18.2169 0.0 0
-18.2069 0.0 0
-18.1969 0.0 0
-18.1869 0.0 0
-18.1769 0.0 0
-18.1669 0.0 0
-18.1569 0.0 0
-18.1469 0.0 0
-18.1369 0.0 0
-18.1269 0.0 0
-18.1169 0.0 0
-18.1069 0.0 0
-18.0969 0.0 0
-18.0869 0.0 0
-18.0769 0.0 0
-18.0669 0.0 0
-18.0569 0.0 0
-18.0469 0.0 0
-18.0369 0.0 0
-18.0269 0.0 0
-18.0169 0.0 0
-18.0069 0.0 0
-17.9969 0.0 0
-17.9869 0.0 0
-17.9769 0.0 0
-17.9669 0.0 0
-17.9569 0.0 0
-17.9469 0.0 0
-17.9369 0.0 0
-17.9269 0.0 0
-17.9169 0.0 0
-17.9069 0.0 0
-17.8969 0.0 0
-17.8869 0.0 0
-17.8769 0.0 0
-17.8669 0.0 0
-17.8569 0.0 0
-17.8469 0.0 0
-17.8369 0.0 0
-17.8269 0.0 0
-17.8169 0.0 0
-17.8069 0.0 0
-17.7969 0.0 0
-17.7869 0.0 0
-17.7769 0.0 0
-17.7669 0.0 0
-17.7569 0.0 0
-17.7469 0.0 0
-17.7369 0.0 0
-17.7269 0.0 0
-17.7169 0.0 0
-17.7069 0.0 0
-17.6969 0.0 0
-17.6869 0.0 0
-17.6769 0.0 0
-17.6669 0.0 0
-17.6569 0.0 0
-17.6469 0.0 0
-17.6369 0.0 0
-17.6269 0.0 0
-17.6169 0.0 0
-17.6069 0.0 0
-17.5969 0.0 0
-17.5869 0.0 0
-17.5769 0.0 0
-17.5669 0.0 0
-17.5569 0.0 0
-17.5469 0.0 0
-17.5369 0.0 0
-17.5269 0.0 0
-17.5169 0.0 0
-17.5069 0.0 0
-17.4969 0.0 0
-17.4869 0.0 0
-17.4769 0.0 0
-17.4669 0.0 0
-17.4569 0.0 0
-17.4469 0.0 0
-17.4369 0.0 0
-17.4269 0.0 0
-17.4169 0.0 0
-17.4069 0.0 0
-17.3969 0.0 0
-17.3869 0.0 0
-17.3769 0.0 0
-17.3669 0.0 0
-17.3569 0.0 0
-17.3469 0.0 0
-17.3369 0.0 0
-17.3269 0.0 0
-17.3169 0.0 0
-17.3069 0.0 0
-17.2969 0.0 0
-17.2869 0.0 0
-17.2769 0.0 0
-17.2669 0.0 0
-17.2569 0.0 0
-17.2469 0.0 0
-17.2369 0.0 0
-17.2269 0.0 0
-17.2169 0.0 0
-17.2069 0.0 0
-17.1969 0.0 0
-17.1869 0.0 0
-17.1769 0.0 0
-17.1669 0.0 0
-17.1569 0.0 0
-17.1469 0.0 0
-17.1369 0.0 0
-17.1269 0.0 0
-17.1169 0.0 0
-17.1069 0.0 0
-17.0969 0.0 0
-17.0869 0.0 0
-17.0769 0.0 0
-17.0669 0.0 0
-17.0569 0.0 0
-17.0469 0.0 0
-17.0369 0.0 0
-17.0269 0.0 0
-17.0169 0.0 0
-17.0069 0.0 0
-16.9969 0.0 0
-16.9869 0.0 0
-16.9769 0.0 0
-16.9669 0.0 0
-16.9569 0.0 0
-16.9469 0.0 0
-16.9369 0.0 0
-16.9269 0.0 0
-16.9169 0.0 0
-16.9069 0.0 0
-16.8969 0.0 0
-16.8869 0.0 0
-16.8769 0.0 0
-16.8669 0.0 0
-16.8569 0.0 0
-16.8469 0.0 0
-16.8369 0.0 0
-16.8269 0.0 0
-16.8169 0.0 0
-16.8069 0.0 0
-16.7969 0.0 0
-16.7869 0.0 0
-16.7769 0.0 0
-16.7669 0.0 0
-16.7569 0.0 0
-16.7469 0.0 0
-16.7369 0.0 0
-16.7269 0.0 0
-16.7169 0.0 0
-16.7069 0.0 0
-16.6969 0.0 0
-16.6869 0.0 0
-16.6769 0.0 0
-16.6669 0.0 0
-16.6569 0.0 0
-16.6469 0.0 0
-16.6369 0.0 0
-16.6269 0.0 0
-16.6169 0.0 0
-16.6069 0.0 0
-16.5969 0.0 0
-16.5869 0.0 0
-16.5769 0.0 0
-16.5669 0.0 0
-16.5569 0.0 0
-16.5469 0.0 0
-16.5369 0.0 0
-16.5269 0.0 0
-16.5169 0.0 0
-16.5069 0.0 0
-16.4969 0.0 0
-16.4869 0.0 0
-16.4769 0.0 0
-16.4669 0.0 0
-16.4569 0.0 0
-16.4469 0.0 0
-16.4369 0.0 0
-16.4269 0.0 0
-16.4169 0.0 0
-16.4069 0.0 0
-16.3969 0.0 0
-16.3869 0.0 0
-16.3769 0.0 0
-16.3669 0.0 0
-16.3569 0.0 0
-16.3469 0.0 0
-16.3369 0.0 0
-16.3269 0.0 0
-16.3169 0.0 0
-16.3069 0.0 0
-16.2969 0.0 0
-16.2869 0.0 0
-16.2769 0.0 0
-16.2669 0.0 0
-16.2569 0.0 0
-16.2469 0.0 0
-16.2369 0.0 0
-16.2269 0.0 0
-16.2169 0.0 0
-16.2069 0.0 0
-16.1969 0.0 0
-16.1869 0.0 0
-16.1769 0.0 0
-16.1669 0.0 0
-16.1569 0.0 0
-16.1469 0.0 0
-16.1369 0.0 0
-16.1269 0.0 0
-16.1169 0.0 0
-16.1069 0.0 0
-16.0969 0.0 0
-16.0869 0.0 0
-16.0769 0.0 0
-16.0669 0.0 0
-16.0569 0.0 0
-16.0469 0.0 0
-16.0369 0.0 0
-16.0269 0.0 0
-16.0169 0.0 0
-16.0069 0.0 0
-15.9969 0.0 0
-15.9869 0.0 0
-15.9769 0.0 0
-15.9669 0.0 0
-15.9569 0.0 0
-15.9469 0.0 0
-15.9369 0.0 0
-15.9269 0.0 0
-15.9169 0.0 0
-15.9069 0.0 0
-15.8969 0.0 0
-15.8869 0.0 0
-15.8769 0.0 0
-15.8669 0.0 0
-15.8569 0.0 0
-15.8469 0.0 0
-15.8369 0.0 0
-15.8269 0.0 0
-15.8169 0.0 0
-15.8069 0.0 0
-15.7969 0.0 0
-15.7869 0.0 0
-15.7769 0.0 0
-15.7669 0.0 0
-15.7569 0.0 0
-15.7469 0.0 0
-15.7369 0.0 0
-15.7269 0.0 0
-15.7169 0.0 0
-15.7069 0.0 0
-15.6969 0.0 0
-15.6869 0.0 0
-15.6769 0.0 0
-15.6669 0.0 0
-15.6569 0.0 0
-15.6469 0.0 0
-15.6369 0.0 0
-15.6269 0.0 0
-15.6169 0.0 0
-15.6069 0.0 0
-15.5969 0.0 0
-15.5869 0.0 0
-15.5769 0.0 0
-15.5669 0.0 0
-15.5569 0.0 0
-15.5469 0.0 0
-15.5369 0.0 0
-15.5269 0.0 0
-15.5169 0.0 0
-15.5069 0.0 0
-15.4969 0.0 0
-15.4869 0.0 0
-15.4769 0.0 0
-15.4669 0.0 0
-15.4569 0.0 0
-15.4469 0.0 0
-15.4369 0.0 0
-15.4269 0.0 0
-15.4169 0.0 0
-15.4069 0.0 0
-15.3969 0.0 0
-15.3869 0.0 0
-15.3769 0.0 0
-15.3669 0.0 0
-15.3569 0.0 0
-15.3469 0.0 0
-15.3369 0.0 0
-15.3269 0.0 0
-15.3169 0.0 0
-15.3069 0.0 0
-15.2969 0.0 0
-15.2869 0.0 0
-15.2769 0.0 0
-15.2669 0.0 0
-15.2569 0.0 0
-15.2469 0.0 0
-15.2369 0.0 0
-15.2269 0.0 0
-15.2169 0.0 0
-15.2069 0.0 0
-15.1969 0.0 0
-15.1869 0.0 0
-15.1769 0.0 0
-15.1669 0.0 0
-15.1569 0.0 0
-15.1469 0.0 0
-15.1369 0.0 0
-15.1269 0.0 0
-15.1169 0.0 0
-15.1069 0.0 0
-15.0969 0.0 0
-15.0869 0.0 0
-15.0769 0.0 0
-15.0669 0.0 0
-15.0569 0.0 0
-15.0469 0.0 0
-15.0369 0.0 0
-15.0269 0.0 0
-15.0169 0.0 0
-15.0069 0.0 0
-14.9969 0.0 0
-14.9869 0.0 0
-14.9769 0.0 0
-14.9669 0.0 0
-14.9569 0.0 0
-14.9469 0.0 0
-14.9369 0.0 0
-14.9269 0.0 0
-14.9169 0.0 0
-14.9069 0.0 0
-14.8969 0.0 0
-14.8869 0.0 0
-14.8769 0.0 0
-14.8669 0.0 0
-14.8569 0.0 0
-14.8469 0.0 0
-14.8369 0.0 0
-14.8269 0.0 0
-14.8169 0.0 0
-14.8069 0.0 0
-14.7969 0.0 0
-14.7869 0.0 0
-14.7769 0.0 0
-14.7669 0.0 0
-14.7569 0.0 0
-14.7469 0.0 0
-14.7369 0.0 0
-14.7269 0.0 0
-14.7169 0.0 0
-14.7069 0.0 0
-14.6969 0.0 0
-14.6869 0.0 0
-14.6769 0.0 0
-14.6669 0.0 0
-14.6569 0.0 0
-14.6469 0.0 0
-14.6369 0.0 0
-14.6269 0.0 0
-14.6169 0.0 0
-14.6069 0.0 0
-14.5969 0.0 0
-14.5869 0.0 0
-14.5769 0.0 0
-14.5669 0.0 0
-14.5569 0.0 0
-14.5469 0.0 0
-14.5369 0.0 0
-14.5269 0.0 0
-14.5169 0.0 0
-14.5069 0.0 0
-14.4969 0.0 0
-14.4869 0.0 0
-14.4769 0.0 0
-14.4669 0.0 0
-14.4569 0.0 0
-14.4469 0.0 0
-14.4369 0.0 0
-14.4269 0.0 0
-14.4169 0.0 0
-14.4069 0.0 0
-14.3969 0.0 0
-14.3869 0.0 0
-14.3769 0.0 0
-14.3669 0.0 0
-14.3569 0.0 0
-14.3469 0.0 0
-14.3369 0.0 0
-14.3269 0.0 0
-14.3169 0.0 0
-14.3069 0.0 0
-14.2969 0.0 0
-14.2869 0.0 0
-14.2769 0.0 0
-14.2669 0.0 0
-14.2569 0.0 0
-14.2469 0.0 0
-14.2369 0.0 0
-14.2269 0.0 0
-14.2169 0.0 0
-14.2069 0.0 0
-14.1969 0.0 0
-14.1869 0.0 0
-14.1769 0.0 0
-14.1669 0.0 0
-14.1569 0.0 0
-14.1469 0.0 0
-14.1369 0.0 0
-14.1269 0.0 0
-14.1169 0.0 0
-14.1069 0.0 0
-14.0969 0.0 0
-14.0869 0.0 0
-14.0769 0.0 0
-14.0669 0.0 0
-14.0569 0.0 0
-14.0469 0.0 0
-14.0369 0.0 0
-14.0269 0.0 0
-14.0169 0.0 0
-14.0069 0.0 0
-13.9969 0.0 0
-13.9869 0.0 0
-13.9769 0.0 0
-13.9669 0.0 0
-13.9569 0.0 0
-13.9469 0.0 0
-13.9369 0.0 0
-13.9269 0.0 0
-13.9169 0.0 0
-13.9069 0.0 0
-13.8969 0.0 0
-13.8869 0.0 0
-13.8769 0.0 0
-13.8669 0.0 0
-13.8569 0.0 0
-13.8469 0.0 0
-13.8369 0.0 0
-13.8269 0.0 0
-13.8169 0.0 0
-13.8069 0.0 0
-13.7969 0.0 0
-13.7869 0.0 0
-13.7769 0.0 0
-13.7669 0.0 0
-13.7569 0.0 0
-13.7469 0.0 0
-13.7369 0.0 0
-13.7269 0.0 0
-13.7169 0.0 0
-13.7069 0.0 0
-13.6969 0.0 0
-13.6869 0.0 0
-13.6769 0.0 0
-13.6669 0.0 0
-13.6569 0.0 0
-13.6469 0.0 0
-13.6369 0.0 0
-13.6269 0.0 0
-13.6169 0.0 0
-13.6069 0.0 0
-13.5969 0.0 0
-13.5869 0.0 0
-13.5769 0.0 0
-13.5669 0.0 0
-13.5569 0.0 0
-13.5469 0.0 0
-13.5369 0.0 0
-13.5269 0.0 0
-13.5169 0.0 0
-13.5069 0.0 0
-13.4969 0.0 0
-13.4869 0.0 0
-13.4769 0.0 0
-13.4669 0.0 0
-13.4569 0.0 0
-13.4469 0.0 0
-13.4369 0.0 0
-13.4269 0.0 0
-13.4169 0.0 0
-13.4069 0.0 0
-13.3969 0.0 0
-13.3869 0.0 0
-13.3769 0.0 0
-13.3669 0.0 0
-13.3569 0.0 0
-13.3469 0.0 0
-13.3369 0.0 0
-13.3269 0.0 0
-13.3169 0.0 0
-13.3069 0.0 0
-13.2969 0.0 0
-13.2869 0.0 0
-13.2769 0.0 0
-13.2669 0.0 0
-13.2569 0.0 0
-13.2469 0.0 0
-13.2369 0.0 0
-13.2269 0.0 0
-13.2169 0.0 0
-13.2069 0.0 0
-13.1969 0.0 0
-13.1869 0.0 0
-13.1769 0.0 0
-13.1669 0.0 0
-13.1569 0.0 0
-13.1469 0.0 0
-13.1369 0.0 0
-13.1269 0.0 0
-13.1169 0.0 0
-13.1069 0.0 0
-13.0969 0.0 0
-13.0869 0.0 0
-13.0769 0.0 0
-13.0669 0.0 0
-13.0569 0.0 0
-13.0469 0.0 0
-13.0369 0.0 0
-13.0269 0.0 0
-13.0169 0.0 0
-13.0069 0.0 0
-12.9969 0.0 0
-12.9869 0.0 0
-12.9769 0.0 0
-12.9669 0.0 0
-12.9569 0.0 0
-12.9469 0.0 0
-12.9369 0.0 0
-12.9269 0.0 0
-12.9169 0.0 0
-12.9069 0.0 0
-12.8969 0.0 0
-12.8869 0.0 0
-12.8769 0.0 0
-12.8669 0.0 0
-12.8569 0.0 0
-12.8469 0.0 0
-12.8369 0.0 0
-12.8269 0.0 0
-12.8169 0.0 0
-12.8069 0.0 0
-12.7969 0.0 0
-12.7869 0.0 0
-12.7769 0.0 0
-12.7669 0.0 0
-12.7569 0.0 0
-12.7469 0.0 0
-12.7369 0.0 0
-12.7269 0.0 0
-12.7169 0.0 0
-12.7069 0.0 0
-12.6969 0.0 0
-12.6869 0.0 0
-12.6769 0.0 0
-12.6669 0.0 0
-12.6569 0.0 0
-12.6469 0.0 0
-12.6369 0.0 0
-12.6269 0.0 0
-12.6169 0.0 0
-12.6069 0.0 0
-12.5969 0.0 0
-12.5869 0.0 0
-12.5769 0.0 0
-12.5669 0.0 0
-12.5569 0.0 0
-12.5469 0.0 0
-12.5369 0.0 0
-12.5269 0.0 0
-12.5169 0.0 0
-12.5069 0.0 0
-12.4969 0.0 0
-12.4869 0.0 0
-12.4769 0.0 0
-12.4669 0.0 0
-12.4569 0.0 0
-12.4469 0.0 0
-12.4369 0.0 0
-12.4269 0.0 0
-12.4169 0.0 0
-12.4069 0.0 0
-12.3969 0.0 0
-12.3869 0.0 0
-12.3769 0.0 0
-12.3669 0.0 0
-12.3569 0.0 0
-12.3469 0.0 0
-12.3369 0.0 0
-12.3269 0.0 0
-12.3169 0.0 0
-12.3069 0.0 0
-12.2969 0.0 0
-12.2869 0.0 0
-12.2769 0.0 0
-12.2669 0.0 0
-12.2569 0.0 0
-12.2469 0.0 0
-12.2369 0.0 0
-12.2269 0.0 0
-12.2169 0.0 0
-12.2069 0.0 0
-12.1969 0.0 0
-12.1869 0.0 0
-12.1769 0.0 0
-12.1669 0.0 0
-12.1569 0.0 0
-12.1469 0.0 0
-12.1369 0.0 0
-12.1269 0.0 0
-12.1169 0.0 0
-12.1069 0.0 0
-12.0969 0.0 0
-12.0869 0.0 0
-12.0769 0.0 0
-12.0669 0.0 0
-12.0569 0.0 0
-12.0469 0.0 0
-12.0369 0.0 0
-12.0269 0.0 0
-12.0169 0.0 0
-12.0069 0.0 0
-11.9969 0.0 0
-11.9869 0.0 0
-11.9769 0.0 0
-11.9669 0.0 0
-11.9569 0.0 0
-11.9469 0.0 0
-11.9369 0.0 0
-11.9269 0.0 0
-11.9169 0.0 0
-11.9069 0.0 0
-11.8969 0.0 0
-11.8869 0.0 0
-11.8769 0.0 0
-11.8669 0.0 0
-11.8569 0.0 0
-11.8469 0.0 0
-11.8369 0.0 0
-11.8269 0.0 0
-11.8169 0.0 0
-11.8069 0.0 0
-11.7969 0.0 0
-11.7869 0.0 0
-11.7769 0.0 0
-11.7669 0.0 0
-11.7569 0.0 0
-11.7469 0.0 0
-11.7369 0.0 0
-11.7269 0.0 0
-11.7169 0.0 0
-11.7069 0.0 0
-11.6969 0.0 0
-11.6869 0.0 0
-11.6769 0.0 0
-11.6669 0.0 0
-11.6569 0.0 0
-11.6469 0.0 0
-11.6369 0.0 0
-11.6269 0.0 0
-11.6169 0.0 0
-11.6069 0.0 0
-11.5969 0.0 0
-11.5869 0.0 0
-11.5769 0.0 0
-11.5669 0.0 0
-11.5569 0.0 0
-11.5469 0.0 0
-11.5369 0.0 0
-11.5269 0.0 0
-11.5169 0.0 0
-11.5069 0.0 0
-11.4969 0.0 0
-11.4869 0.0 0
-11.4769 0.0 0
-11.4669 0.0 0
-11.4569 0.0 0
-11.4469 0.0 0
-11.4369 0.0 0
-11.4269 0.0 0
-11.4169 0.0 0
-11.4069 0.0 0
-11.3969 0.0 0
-11.3869 0.0 0
-11.3769 0.0 0
-11.3669 0.0 0
-11.3569 0.0 0
-11.3469 0.0 0
-11.3369 0.0 0
-11.3269 0.0 0
-11.3169 0.0 0
-11.3069 0.0 0
-11.2969 0.0 0
-11.2869 0.0 0
-11.2769 0.0 0
-11.2669 0.0 0
-11.2569 0.0 0
-11.2469 0.0 0
-11.2369 0.0 0
-11.2269 0.0 0
-11.2169 0.0 0
-11.2069 0.0 0
-11.1969 0.0 0
-11.1869 0.0 0
-11.1769 0.0 0
-11.1669 0.0 0
-11.1569 0.0 0
-11.1469 0.0 0
-11.1369 0.0 0
-11.1269 0.0 0
-11.1169 0.0 0
-11.1069 0.0 0
-11.0969 0.0 0
-11.0869 0.0 0
-11.0769 0.0 0
-11.0669 0.0 0
-11.0569 0.0 0
-11.0469 0.0 0
-11.0369 0.0 0
-11.0269 0.0 0
-11.0169 0.0 0
-11.0069 0.0 0
-10.9969 0.0 0
-10.9869 0.0 0
-10.9769 0.0 0
-10.9669 0.0 0
-10.9569 0.0 0
-10.9469 0.0 0
-10.9369 0.0 0
-10.9269 0.0 0
-10.9169 0.0 0
-10.9069 0.0 0
-10.8969 0.0 0
-10.8869 0.0 0
-10.8769 0.0 0
-10.8669 0.0 0
-10.8569 0.0 0
-10.8469 0.0 0
-10.8369 0.0 0
-10.8269 0.0 0
-10.8169 0.0 0
-10.8069 0.0 0
-10.7969 0.0 0
-10.7869 0.0 0
-10.7769 0.0 0
-10.7669 0.0 0
-10.7569 0.0 0
-10.7469 0.0 0
-10.7369 0.0 0
-10.7269 0.0 0
-10.7169 0.0 0
-10.7069 0.0 0
-10.6969 0.0 0
-10.6869 0.0 0
-10.6769 0.0 0
-10.6669 0.0 0
-10.6569 0.0 0
-10.6469 0.0 0
-10.6369 0.0 0
-10.6269 0.0 0
-10.6169 0.0 0
-10.6069 0.0 0
-10.5969 0.0 0
-10.5869 0.0 0
-10.5769 0.0 0
-10.5669 0.0 0
-10.5569 0.0 0
-10.5469 0.0 0
-10.5369 0.0 0
-10.5269 0.0 0
-10.5169 0.0 0
-10.5069 0.0 0
-10.4969 0.0 0
-10.4869 0.0 0
-10.4769 0.0 0
-10.4669 0.0 0
-10.4569 0.0 0
-10.4469 0.0 0
-10.4369 0.0 0
-10.4269 0.0 0
-10.4169 0.0 0
-10.4069 0.0 0
-10.3969 0.0 0
-10.3869 0.0 0
-10.3769 0.0 0
-10.3669 0.0 0
-10.3569 0.0 0
-10.3469 0.0 0
-10.3369 0.0 0
-10.3269 0.0 0
-10.3169 0.0 0
-10.3069 0.0 0
-10.2969 0.0 0
-10.2869 0.0 0
-10.2769 0.0 0
-10.2669 0.0 0
-10.2569 0.0 0
-10.2469 0.0 0
-10.2369 0.0 0
-10.2269 0.0 0
-10.2169 0.0 0
-10.2069 0.0 0
-10.1969 0.0 0
-10.1869 0.0 0
-10.1769 0.0 0
-10.1669 0.0 0
-10.1569 0.0 0
-10.1469 0.0 0
-10.1369 0.0 0
-10.1269 0.0 0
-10.1169 0.0 0
-10.1069 0.0 0
-10.0969 0.0 0
-10.0869 0.0 0
-10.0769 0.0 0
-10.0669 0.0 0
-10.0569 0.0 0
-10.0469 0.0 0
-10.0369 0.0 0
-10.0269 0.0 0
-10.0169 0.0 0
-10.0069 0.0 0
-9.9969 0.0 0
-9.9869 0.0 0
-9.9769 0.0 0
-9.9669 0.0 0
-9.9569 0.0 0
-9.9469 0.0 0
-9.9369 0.0 0
-9.9269 0.0 0
-9.9169 0.0 0
-9.9069 0.0 0
-9.8969 0.0 0
-9.8869 0.0 0
-9.8769 0.0 0
-9.8669 0.0 0
-9.8569 0.0 0
-9.8469 0.0 0
-9.8369 0.0 0
-9.8269 0.0 0
-9.8169 0.0 0
-9.8069 0.0 0
-9.7969 0.0 0
-9.7869 0.0 0
-9.7769 0.0 0
-9.7669 0.0 0
-9.7569 0.0 0
-9.7469 0.0 0
-9.7369 0.0 0
-9.7269 0.0 0
-9.7169 0.0 0
-9.7069 0.0 0
-9.6969 0.0 0
-9.6869 0.0 0
-9.6769 0.0 0
-9.6669 0.0 0
-9.6569 0.0 0
-9.6469 0.0 0
-9.6369 0.0 0
-9.6269 0.0 0
-9.6169 0.0 0
-9.6069 0.0 0
-9.5969 0.0 0
-9.5869 0.0 0
-9.5769 0.0 0
-9.5669 0.0 0
-9.5569 0.0 0
-9.5469 0.0 0
-9.5369 0.0 0
-9.5269 0.0 0
-9.5169 0.0 0
-9.5069 0.0 0
-9.4969 0.0 0
-9.4869 0.0 0
-9.4769 0.0 0
-9.4669 0.0 0
-9.4569 0.0 0
-9.4469 0.0 0
-9.4369 0.0 0
-9.4269 0.0 0
-9.4169 0.0 0
-9.4069 0.0 0
-9.3969 0.0 0
-9.3869 0.0 0
-9.3769 0.0 0
-9.3669 0.0 0
-9.3569 0.0 0
-9.3469 0.0 0
-9.3369 0.0 0
-9.3269 0.0 0
-9.3169 0.0 0
-9.3069 0.0 0
-9.2969 0.0 0
-9.2869 0.0 0
-9.2769 0.0 0
-9.2669 0.0 0
-9.2569 0.0 0
-9.2469 0.0 0
-9.2369 0.0 0
-9.2269 0.0 0
-9.2169 0.0 0
-9.2069 0.0 0
-9.1969 0.0 0
-9.1869 0.0 0
-9.1769 0.0 0
-9.1669 0.0 0
-9.1569 0.0 0
-9.1469 0.0 0
-9.1369 0.0 0
-9.1269 0.0 0
-9.1169 0.0 0
-9.1069 0.0 0
-9.0969 0.0 0
-9.0869 0.0 0
-9.0769 0.0 0
-9.0669 0.0 0
-9.0569 0.0 0
-9.0469 0.0 0
-9.0369 0.0 0
-9.0269 0.0 0
-9.0169 0.0 0
-9.0069 0.0 0
-8.9969 0.0 0
-8.9869 0.0 0
-8.9769 0.0 0
-8.9669 0.0 0
-8.9569 0.0 0
-8.9469 0.0 0
-8.9369 0.0 0
-8.9269 0.0 0
-8.9169 0.0 0
-8.9069 0.0 0
-8.8969 0.0 0
-8.8869 0.0 0
-8.8769 0.0 0
-8.8669 0.0 0
-8.8569 0.0 0
-8.8469 0.0 0
-8.8369 0.0 0
-8.8269 0.0 0
-8.8169 0.0 0
-8.8069 0.0 0
-8.7969 0.0 0
-8.7869 0.0 0
-8.7769 0.0 0
-8.7669 0.0 0
-8.7569 0.0 0
-8.7469 0.0 0
-8.7369 0.0 0
-8.7269 0.0 0
-8.7169 0.0 0
-8.7069 0.0 0
-8.6969 0.0 0
-8.6869 0.0 0
-8.6769 0.0 0
-8.6669 0.0 0
-8.6569 0.0 0
-8.6469 0.0 0
-8.6369 0.0 0
-8.6269 0.0 0
-8.6169 0.0 0
-8.6069 0.0 0
-8.5969 0.0 0
-8.5869 0.0 0
-8.5769 0.0 0
-8.5669 0.0 0
-8.5569 0.0 0
-8.5469 0.0 0
-8.5369 0.0 0
-8.5269 0.0 0
-8.5169 0.0 0
-8.5069 0.0 0
-8.4969 0.0 0
-8.4869 0.0 0
-8.4769 0.0 0
-8.4669 0.0 0
-8.4569 0.0 0
-8.4469 0.0 0
-8.4369 0.0 0
-8.4269 0.0 0
-8.4169 0.0 0
-8.4069 0.0 0
-8.3969 0.0 0
-8.3869 0.0 0
-8.3769 0.0 0
-8.3669 0.0 0
-8.3569 0.0 0
-8.3469 0.0 0
-8.3369 0.0 0
-8.3269 0.0 0
-8.3169 0.0 0
-8.3069 0.0 0
-8.2969 0.0 0
-8.2869 0.0 0
-8.2769 0.0 0
-8.2669 0.0 0
-8.2569 0.0 0
-8.2469 0.0 0
-8.2369 0.0 0
-8.2269 0.0 0
-8.2169 0.0 0
-8.2069 0.0 0
-8.1969 0.0 0
-8.1869 0.0 0
-8.1769 0.0 0
-8.1669 0.0 0
-8.1569 0.0 0
-8.1469 0.0 0
-8.1369 0.0 0
-8.1269 0.0 0
-8.1169 0.0 0
-8.1069 0.0 0
-8.0969 0.0 0
-8.0869 0.0 0
-8.0769 0.0 0
-8.0669 0.0 0
-8.0569 0.0 0
-8.0469 0.0 0
-8.0369 0.0 0
-8.0269 0.0 0
-8.0169 0.0 0
-8.0069 0.0 0
-7.9969 0.0 0
-7.9869 0.0 0
-7.9769 0.0 0
-7.9669 0.0 0
-7.9569 0.0 0
-7.9469 0.0 0
-7.9369 0.0 0
-7.9269 0.0 0
-7.9169 0.0 0
-7.9069 0.0 0
-7.8969 0.0 0
-7.8869 0.0 0
-7.8769 0.0 0
-7.8669 0.0 0
-7.8569 0.0 0
-7.8469 0.0 0
-7.8369 0.0 0
-7.8269 0.0 0
-7.8169 0.0 0
-7.8069 0.0 0
-7.7969 0.0 0
-7.7869 0.0 0
-7.7769 0.0 0
-7.7669 0.0 0
-7.7569 0.0 0
-7.7469 0.0 0
-7.7369 0.0 0
-7.7269 0.0 0
-7.7169 0.0 0
-7.7069 0.0 0
-7.6969 0.0 0
-7.6869 0.0 0
-7.6769 0.0 0
-7.6669 0.0 0
-7.6569 0.0 0
-7.6469 0.0 0
-7.6369 0.0 0
-7.6269 0.0 0
-7.6169 0.0 0
-7.6069 0.0 0
-7.5969 0.0 0
-7.5869 0.0 0
-7.5769 0.0 0
-7.5669 0.0 0
-7.5569 0.0 0
-7.5469 0.0 0
-7.5369 0.0 0
-7.5269 0.0 0
-7.5169 0.0 0
-7.5069 0.0 0
-7.4969 0.0 0
-7.4869 0.0 0
-7.4769 0.0 0
-7.4669 0.0 0
-7.4569 0.0 0
-7.4469 0.0 0
-7.4369 0.0 0
-7.4269 0.0 0
-7.4169 0.0 0
-7.4069 0.0 0
-7.3969 0.0 0
-7.3869 0.0 0
-7.3769 0.0 0
-7.3669 0.0 0
-7.3569 0.0 0
-7.3469 0.0 0
-7.3369 0.0 0
-7.3269 0.0 0
-7.3169 0.0 0
-7.3069 0.0 0
-7.2969 0.0 0
-7.2869 0.0 0
-7.2769 0.0 0
-7.2669 0.0 0
-7.2569 0.0 0
-7.2469 0.0 0
-7.2369 0.0 0
-7.2269 0.0 0
-7.2169 0.0 0
-7.2069 0.0 0
-7.1969 0.0 0
-7.1869 0.0 0
-7.1769 0.0 0
-7.1669 0.0 0
-7.1569 0.0 0
-7.1469 0.0 0
-7.1369 0.0 0
-7.1269 0.0 0
-7.1169 0.0 0
-7.1069 0.0 0
-7.0969 0.0 0
-7.0869 0.0 0
-7.0769 0.0 0
-7.0669 0.0 0
-7.0569 0.0 0
-7.0469 0.0 0
-7.0369 0.0 0
-7.0269 0.0 0
-7.0169 0.0 0
-7.0069 0.0 0
-6.9969 0.0 0
-6.9869 0.0 0
-6.9769 0.0 0
-6.9669 0.0 0
-6.9569 0.0 0
-6.9469 0.0 0
-6.9369 0.0 0
-6.9269 0.0 0
-6.9169 0.0 0
-6.9069 0.0 0
-6.8969 0.0 0
-6.8869 0.0 0
-6.8769 0.0 0
-6.8669 0.0 0
-6.8569 0.0 0
-6.8469 0.0 0
-6.8369 0.0 0
-6.8269 0.0 0
-6.8169 0.0 0
-6.8069 0.0 0
-6.7969 0.0 0
-6.7869 0.0 0
-6.7769 0.0 0
-6.7669 0.0 0
-6.7569 0.0 0
-6.7469 0.0 0
-6.7369 0.0 0
-6.7269 0.0 0
-6.7169 0.0 0
-6.7069 0.0 0
-6.6969 0.0 0
-6.6869 0.0 0
-6.6769 0.0 0
-6.6669 0.0 0
-6.6569 0.0 0
-6.6469 0.0 0
-6.6369 0.0 0
-6.6269 0.0 0
-6.6169 0.0 0
-6.6069 0.0 0
-6.5969 0.0 0
-6.5869 0.0 0
-6.5769 0.0 0
-6.5669 0.0 0
-6.5569 0.0 0
-6.5469 0.0 0
-6.5369 0.0 0
-6.5269 0.0 0
-6.5169 0.0 0
-6.5069 0.0 0
-6.4969 0.0 0
-6.4869 0.0 0
-6.4769 0.0 0
-6.4669 0.0 0
-6.4569 0.0 0
-6.4469 0.0 0
-6.4369 0.0 0
-6.4269 0.0 0
-6.4169 0.0 0
-6.4069 0.0 0
-6.3969 0.0 0
-6.3869 0.0 0
-6.3769 0.0 0
-6.3669 0.0 0
-6.3569 0.0 0
-6.3469 0.0 0
-6.3369 0.0 0
-6.3269 0.0 0
-6.3169 0.0 0
-6.3069 0.0 0
-6.2969 0.0 0
-6.2869 0.0 0
-6.2769 0.0 0
-6.2669 0.0 0
-6.2569 0.0 0
-6.2469 0.0 0
-6.2369 0.0 0
-6.2269 0.0 0
-6.2169 0.0 0
-6.2069 0.0 0
-6.1969 0.0 0
-6.1869 0.0 0
-6.1769 0.0 0
-6.1669 0.0 0
-6.1569 0.0 0
-6.1469 0.0 0
-6.1369 0.0 0
-6.1269 0.0 0
-6.1169 0.0 0
-6.1069 0.0 0
-6.0969 0.0 0
-6.0869 0.0 -7.16e-12
-6.0769 0.0 -1.506e-11
-6.0669 0.0 -3.14e-11
-6.0569 0.0 -6.44e-11
-6.0469 0.0 -1.31e-10
-6.0369 0.0 -2.64e-10
-6.0269 0.0 -5.26e-10
-6.0169 0.0 -1.034e-09
-6.0069 0.0 -2.02e-09
-5.9969 0.0 -3.88e-09
-5.9869 0.0 -7.4e-09
-5.9769 0.0 -1.398e-08
-5.9669 6.26e-12 -2.6e-08
-5.9569 1.316e-11 -4.82e-08
-5.9469 2.74e-11 -8.78e-08
-5.9369 5.66e-11 -1.588e-07
-5.9269 1.154e-10 -2.84e-07
-5.9169 2.32e-10 -5.02e-07
-5.9069 4.64e-10 -8.78e-07
-5.8969 9.16e-10 -1.518e-06
-5.8869 1.79e-09 -2.6e-06
-5.8769 3.46e-09 -4.4e-06
-5.8669 6.6e-09 -7.36e-06
-5.8569 1.25e-08 -1.222e-05
-5.8469 2.34e-08 -2e-05
-5.8369 4.32e-08 -3.24e-05
-5.8269 7.92e-08 -5.2e-05
-5.8169 1.432e-07 -8.26e-05
-5.8069 2.56e-07 -0.0001298
-5.7969 4.54e-07 -0.000202
-5.7869 7.98e-07 -0.00031
-5.7769 1.382e-06 -0.00047
-5.7669 2.38e-06 -0.000708
-5.7569 4.02e-06 -0.001052
-5.7469 6.76e-06 -0.001548
-5.7369 1.122e-05 -0.00226
-5.7269 1.842e-05 -0.00324
-5.7169 3e-05 -0.00462
-5.7069 4.82e-05 -0.0065
-5.6969 7.66e-05 -0.00908
-5.6869 0.0001206 -0.01252
-5.6769 0.0001876 -0.01706
-5.6669 0.000288 -0.023
-5.6569 0.00044 -0.0308
-5.6469 0.000662 -0.0406
-5.6369 0.000988 -0.053
-5.6269 0.001458 -0.0686
-5.6169 0.00212 -0.0876
-5.6069 0.00306 -0.1108
-5.5969 0.00438 -0.1386
-5.5869 0.00618 -0.1716
-5.5769 0.00864 -0.21
-5.5669 0.01194 -0.254
-5.5569 0.01632 -0.306
-5.5469 0.022 -0.362
-5.5369 0.0296 -0.424
-5.5269 0.0392 -0.492
-5.5169 0.0512 -0.564
-5.5069 0.0664 -0.64
-5.4969 0.085 -0.72
-5.4869 0.1078 -0.8
-5.4769 0.1352 -0.878
-5.4669 0.1676 -0.956
-5.4569 0.206 -1.028
-5.4469 0.25 -1.094
-5.4369 0.3 -1.15
-5.4269 0.356 -1.198
-5.4169 0.418 -1.234
-5.4069 0.486 -1.258
-5.3969 0.56 -1.268
-5.3869 0.638 -1.264
-5.3769 0.718 -1.248
-5.3669 0.798 -1.218
-5.3569 0.88 -1.176
-5.3469 0.958 -1.122
-5.3369 1.034 -1.06
-5.3269 1.102 -0.992
-5.3169 1.162 -0.916
-5.3069 1.214 -0.838
-5.2969 1.252 -0.758
-5.2869 1.28 -0.678
-5.2769 1.292 -0.602
-5.2669 1.292 -0.526
-5.2569 1.278 -0.456
-5.2469 1.25 -0.392
-5.2369 1.208 -0.332
-5.2269 1.158 -0.278
-5.2169 1.096 -0.23
-5.2069 1.026 -0.1896
-5.1969 0.952 -0.154
-5.1869 0.872 -0.1236
-5.1769 0.79 -0.0982
-5.1669 0.71 -0.0772
-5.1569 0.63 -0.0602
-5.1469 0.552 -0.0462
-5.1369 0.48 -0.0352
-5.1269 0.412 -0.0266
-5.1169 0.35 -0.01974
-5.1069 0.294 -0.01456
-5.0969 0.246 -0.0106
-5.0869 0.202 -0.00764
-5.0769 0.1642 -0.00546
-5.0669 0.1322 -0.00386
-5.0569 0.1054 -0.00268
-5.0469 0.083 -0.001856
-5.0369 0.0646 -0.001268
-5.0269 0.0498 -0.000858
-5.0169 0.038 -0.000574
-5.0069 0.0288 -0.00038
-4.9969 0.0214 -0.000248
-4.9869 0.01584 -0.0001606
-4.9769 0.01158 -0.0001028
-4.9669 0.00836 -6.52e-05
-4.9569 0.00598 -4.08e-05
-4.9469 0.00422 -2.54e-05
-4.9369 0.00296 -1.552e-05
-4.9269 0.00204 -9.42e-06
-4.9169 0.001402 -5.66e-06
-4.9069 0.00095 -3.36e-06
-4.8969 0.000636 -1.97e-06
-4.8869 0.000422 -1.144e-06
-4.8769 0.000276 -6.58e-07
-4.8669 0.0001796 -3.74e-07
-4.8569 0.0001152 -2.1e-07
-4.8469 7.32e-05 -1.172e-07
-4.8369 4.6e-05 -6.44e-08
-4.8269 2.86e-05 -3.52e-08
-4.8169 1.756e-05 -1.912e-08
-4.8069 1.068e-05 -1.05e-08
-4.7969 6.42e-06 -6.14e-09
-4.7869 3.82e-06 -4.38e-09
-4.7769 2.24e-06 -4.54e-09
-4.7669 1.31e-06 -6.66e-09
-4.7569 7.54e-07 -1.154e-08
-4.7469 4.3e-07 -2.1e-08
-4.7369 2.42e-07 -3.84e-08
-4.7269 1.352e-07 -6.98e-08
-4.7169 7.46e-08 -1.26e-07
-4.7069 4.08e-08 -2.24e-07
-4.6969 2.22e-08 -3.96e-07
-4.6869 1.2e-08 -6.92e-07
-4.6769 6.74e-09 -1.196e-06
-4.6669 4.3e-09 -2.04e-06
-4.6569 3.72e-09 -3.46e-06
-4.6469 4.78e-09 -5.78e-06
-4.6369 7.88e-09 -9.54e-06
-4.6269 1.42e-08 -1.562e-05
-4.6169 2.6e-08 -2.52e-05
-4.6069 4.76e-08 -4.04e-05
-4.5969 8.66e-08 -6.42e-05
-4.5869 1.554e-07 -0.0001006
-4.5769 2.76e-07 -0.0001558
-4.5669 4.86e-07 -0.000238
-4.5569 8.44e-07 -0.000362
-4.5469 1.454e-06 -0.000544
-4.5369 2.48e-06 -0.000808
-4.5269 4.16e-06 -0.001186
-4.5169 6.94e-06 -0.001724
-4.5069 1.144e-05 -0.00248
-4.4969 1.866e-05 -0.00352
-4.4869 3e-05 -0.00496
-4.4769 4.8e-05 -0.0069
-4.4669 7.58e-05 -0.00948
-4.4569 0.0001182 -0.01292
-4.4469 0.0001826 -0.0174
-4.4369 0.00028 -0.0232
-4.4269 0.000422 -0.0306
-4.4169 0.00063 -0.0398
-4.4069 0.000934 -0.0514
-4.3969 0.001366 -0.0656
-4.3869 0.001976 -0.0828
-4.3769 0.00284 -0.1034
-4.3669 0.004 -0.1278
-4.3569 0.00562 -0.1562
-4.3469 0.00778 -0.189
-4.3369 0.01068 -0.226
-4.3269 0.0145 -0.268
-4.3169 0.01946 -0.314
-4.3069 0.0258 -0.362
-4.2969 0.034 -0.416
-4.2869 0.044 -0.47
-4.2769 0.0566 -0.528
-4.2669 0.072 -0.584
-4.2569 0.0906 -0.642
-4.2469 0.1128 -0.696
-4.2369 0.1388 -0.748
-4.2269 0.169 -0.794
-4.2169 0.204 -0.834
-4.2069 0.242 -0.868
-4.1969 0.286 -0.892
-4.1869 0.334 -0.908
-4.1769 0.386 -0.912
-4.1669 0.44 -0.908
-4.1569 0.496 -0.894
-4.1469 0.554 -0.872
-4.1369 0.612 -0.84
-4.1269 0.67 -0.8
-4.1169 0.724 -0.756
-4.1069 0.774 -0.704
-4.0969 0.82 -0.65
-4.0869 0.858 -0.594
-4.0769 0.888 -0.536
-4.0669 0.91 -0.478
-4.0569 0.922 -0.424
-4.0469 0.924 -0.37
-4.0369 0.916 -0.32
-4.0269 0.9 -0.274
-4.0169 0.874 -0.232
-4.0069 0.838 -0.1942
-3.9969 0.796 -0.1608
-3.9869 0.748 -0.1318
-3.9769 0.696 -0.1068
-3.9669 0.64 -0.0858
-3.9569 0.582 -0.068
-3.9469 0.524 -0.0534
-3.9369 0.466 -0.0414
-3.9269 0.41 -0.0318
-3.9169 0.358 -0.0242
-3.9069 0.308 -0.01818
-3.8969 0.262 -0.01352
-3.8869 0.222 -0.00994
-3.8769 0.1848 -0.00724
-3.8669 0.1526 -0.0052
-3.8569 0.1246 -0.0037
-3.8469 0.1006 -0.00262
-3.8369 0.0804 -0.00182
-3.8269 0.0636 -0.001254
-3.8169 0.0498 -0.000856
-3.8069 0.0384 -0.000578
-3.7969 0.0294 -0.000386
-3.7869 0.0222 -0.000254
-3.7769 0.01668 -0.0001662
-3.7669 0.01236 -0.0001074
-3.7569 0.00906 -6.86e-05
-3.7469 0.00656 -4.34e-05
-3.7369 0.0047 -2.72e-05
-3.7269 0.00334 -1.68e-05
-3.7169 0.00234 -1.028e-05
-3.7069 0.001628 -6.22e-06
-3.6969 0.001118 -3.74e-06
-3.6869 0.00076 -2.22e-06
-3.6769 0.00051 -1.296e-06
-3.6669 0.00034 -7.52e-07
-3.6569 0.000224 -4.32e-07
-3.6469 0.0001454 -2.44e-07
-3.6369 9.36e-05 -1.374e-07
-3.6269 5.96e-05 -7.64e-08
-3.6169 3.76e-05 -4.2e-08
-3.6069 2.34e-05 -2.28e-08
-3.5969 1.444e-05 -1.226e-08
-3.5869 8.8e-06 -6.52e-09
-3.5769 5.32e-06 -3.44e-09
-3.5669 3.18e-06 -1.786e-09
-3.5569 1.872e-06 -9.2e-10
-3.5469 1.094e-06 -4.68e-10
-3.5369 6.32e-07 -2.36e-10
-3.5269 3.62e-07 -1.178e-10
-3.5169 2.04e-07 -5.8e-11
-3.5069 1.142e-07 -2.84e-11
-3.4969 6.32e-08 -1.368e-11
-3.4869 3.46e-08 -6.52e-12
-3.4769 1.876e-08 0
-3.4669 1.004e-08 0
-3.4569 5.32e-09 0
-3.4469 2.8e-09 0
-3.4369 1.448e-09 0
-3.4269 7.42e-10 0
-3.4169 3.78e-10 0
-3.4069 1.894e-10 0
-3.3969 9.4e-11 0
-3.3869 4.62e-11 0
-3.3769 2.24e-11 0
-3.3669 1.08e-11 0
-3.3569 5.14e-12 0
-3.3469 0.0 0
-3.3369 0.0 0
-3.3269 0.0 0
-3.3169 0.0 0
-3.3069 0.0 0
-3.2969 0.0 0
-3.2869 0.0 0
-3.2769 0.0 0
-3.2669 0.0 0
-3.2569 0.0 0
-3.2469 0.0 0
-3.2369 0.0 0
-3.2269 0.0 0
-3.2169 0.0 0
-3.2069 0.0 0
-3.1969 0.0 0
-3.1869 0.0 0
-3.1769 0.0 0
-3.1669 0.0 0
-3.1569 0.0 0
-3.1469 0.0 0
-3.1369 0.0 0
-3.1269 0.0 0
-3.1169 0.0 0
-3.1069 0.0 0
-3.0969 0.0 0
-3.0869 0.0 0
-3.0769 0.0 0
-3.0669 0.0 0
-3.0569 0.0 0
-3.0469 0.0 0
-3.0369 0.0 0
-3.0269 0.0 0
-3.0169 0.0 0
-3.0069 0.0 0
-2.9969 0.0 0
-2.9869 0.0 0
-2.9769 0.0 0
-2.9669 0.0 0
-2.9569 0.0 0
-2.9469 0.0 0
-2.9369 0.0 0
-2.9269 0.0 0
-2.9169 0.0 0
-2.9069 0.0 0
-2.8969 0.0 0
-2.8869 0.0 0
-2.8769 0.0 0
-2.8669 0.0 0
-2.8569 0.0 0
-2.8469 0.0 0
-2.8369 0.0 0
-2.8269 0.0 0
-2.8169 0.0 0
-2.8069 0.0 0
-2.7969 0.0 0
-2.7869 0.0 0
-2.7769 0.0 0
-2.7669 0.0 0
-2.7569 0.0 0
-2.7469 0.0 0
-2.7369 0.0 0
-2.7269 0.0 0
-2.7169 0.0 0
-2.7069 0.0 0
-2.6969 0.0 0
-2.6869 0.0 0
-2.6769 0.0 0
-2.6669 0.0 0
-2.6569 0.0 0
-2.6469 0.0 0
-2.6369 0.0 0
-2.6269 0.0 0
-2.6169 0.0 0
-2.6069 0.0 0
-2.5969 0.0 0
-2.5869 0.0 0
-2.5769 0.0 0
-2.5669 0.0 0
-2.5569 0.0 0
-2.5469 0.0 0
-2.5369 0.0 0
-2.5269 0.0 0
-2.5169 0.0 0
-2.5069 0.0 0
-2.4969 0.0 0
-2.4869 0.0 0
-2.4769 0.0 0
-2.4669 0.0 0
-2.4569 0.0 0
-2.4469 0.0 0
-2.4369 0.0 0
-2.4269 0.0 0
-2.4169 0.0 0
-2.4069 0.0 0
-2.3969 0.0 0
-2.3869 0.0 0
-2.3769 0.0 0
-2.3669 0.0 0
-2.3569 0.0 0
-2.3469 0.0 0
-2.3369 0.0 0
-2.3269 0.0 0
-2.3169 0.0 0
-2.3069 0.0 0
-2.2969 0.0 0
-2.2869 0.0 0
-2.2769 0.0 0
-2.2669 0.0 0
-2.2569 0.0 0
-2.2469 0.0 0
-2.2369 0.0 0
-2.2269 0.0 0
-2.2169 0.0 0
-2.2069 0.0 0
-2.1969 0.0 0
-2.1869 0.0 0
-2.1769 0.0 0
-2.1669 0.0 0
-2.1569 0.0 0
-2.1469 0.0 0
-2.1369 0.0 0
-2.1269 0.0 0
-2.1169 0.0 0
-2.1069 0.0 0
-2.0969 0.0 0
-2.0869 0.0 0
-2.0769 0.0 0
-2.0669 0.0 0
-2.0569 0.0 0
-2.0469 0.0 0
-2.0369 0.0 0
-2.0269 0.0 0
-2.0169 0.0 0
-2.0069 0.0 0
-1.9969 0.0 0
-1.9869 0.0 0
-1.9769 0.0 0
-1.9669 0.0 0
-1.9569 0.0 0
-1.9469 0.0 0
-1.9369 0.0 0
-1.9269 0.0 0
-1.9169 0.0 0
-1.9069 0.0 0
-1.8969 0.0 0
-1.8869 0.0 0
-1.8769 0.0 0
-1.8669 0.0 0
-1.8569 0.0 0
-1.8469 0.0 0
-1.8369 0.0 0
-1.8269 0.0 0
-1.8169 0.0 0
-1.8069 0.0 0
-1.7969 0.0 0
-1.7869 0.0 0
-1.7769 0.0 0
-1.7669 0.0 0
-1.7569 0.0 0
-1.7469 0.0 0
-1.7369 0.0 0
-1.7269 0.0 0
-1.7169 0.0 0
-1.7069 0.0 0
-1.6969 0.0 0
-1.6869 0.0 0
-1.6769 0.0 0
-1.6669 0.0 0
-1.6569 0.0 0
-1.6469 0.0 0
-1.6369 0.0 0
-1.6269 0.0 0
-1.6169 0.0 0
-1.6069 0.0 0
-1.5969 0.0 0
-1.5869 0.0 0
-1.5769 0.0 0
-1.5669 0.0 0
-1.5569 0.0 0
-1.5469 0.0 0
-1.5369 0.0 0
-1.5269 0.0 0
-1.5169 0.0 0
-1.5069 0.0 0
-1.4969 0.0 0
-1.4869 0.0 0
-1.4769 0.0 0
-1.4669 0.0 0
-1.4569 0.0 0
-1.4469 0.0 0
-1.4369 0.0 0
-1.4269 0.0 -3.82e-25
-1.4169 0.0 -8e-25
-1.4069 0.0 -1.662e-24
-1.3969 0.0 -3.42e-24
-1.3869 0.0 -6.92e-24
-1.3769 0.0 -1.392e-23
-1.3669 0.0 -2.76e-23
-1.3569 0.0 -5.44e-23
-1.3469 0.0 -1.058e-22
-1.3369 0.0 -2.04e-22
-1.3269 0.0 -3.88e-22
-1.3169 0.0 -7.3e-22
-1.3069 0.0 -1.358e-21
-1.2969 0.0 -2.5e-21
-1.2869 0.0 -4.56e-21
-1.2769 0.0 -8.22e-21
-1.2669 0.0 -1.468e-20
-1.2569 0.0 -2.58e-20
-1.2469 0.0 -4.52e-20
-1.2369 0.0 -7.8e-20
-1.2269 0.0 -1.334e-19
-1.2169 0.0 -2.26e-19
-1.2069 0.0 -3.76e-19
-1.1969 0.0 -6.24e-19
-1.1869 0.0 -1.02e-18
-1.1769 0.0 -1.65e-18
-1.1669 0.0 -2.64e-18
-1.1569 0.0 -4.18e-18
-1.1469 0.0 -6.56e-18
-1.1369 0.0 -1.016e-17
-1.1269 0.0 -1.558e-17
-1.1169 0.0 -2.36e-17
-1.1069 0.0 -3.54e-17
-1.0969 4.18e-24 -5.26e-17
-1.0869 8.8e-24 -7.74e-17
-1.0769 1.832e-23 -1.124e-16
-1.0669 3.78e-23 -1.614e-16
-1.0569 7.68e-23 -2.3e-16
-1.0469 1.548e-22 -3.22e-16
-1.0369 3.08e-22 -4.5e-16
-1.0269 6.08e-22 -6.18e-16
-1.0169 1.186e-21 -8.42e-16
-1.0069 2.28e-21 -1.134e-15
-0.9969 4.36e-21 -1.512e-15
-0.9869 8.24e-21 -1.992e-15
-0.9769 1.54e-20 -2.6e-15
-0.9669 2.84e-20 -3.36e-15
-0.9569 5.2e-20 -4.28e-15
-0.9469 9.4e-20 -5.4e-15
-0.9369 1.682e-19 -6.74e-15
-0.9269 2.98e-19 -8.32e-15
-0.9169 5.2e-19 -1.018e-14
-0.9069 9.02e-19 -1.23e-14
-0.8969 1.544e-18 -1.472e-14
-0.8869 2.62e-18 -1.742e-14
-0.8769 4.38e-18 -2.04e-14
-0.8669 7.28e-18 -2.36e-14
-0.8569 1.194e-17 -2.7e-14
-0.8469 1.938e-17 -3.06e-14
-0.8369 3.12e-17 -3.44e-14
-0.8269 4.94e-17 -3.8e-14
-0.8169 7.76e-17 -4.18e-14
-0.8069 1.208e-16 -4.54e-14
-0.7969 1.856e-16 -4.86e-14
-0.7869 2.82e-16 -5.16e-14
-0.7769 4.24e-16 -5.42e-14
-0.7669 6.32e-16 -5.64e-14
-0.7569 9.32e-16 -5.8e-14
-0.7469 1.356e-15 -5.9e-14
-0.7369 1.956e-15 -5.94e-14
-0.7269 2.78e-15 -5.9e-14
-0.7169 3.94e-15 -5.82e-14
-0.7069 5.48e-15 -5.66e-14
-0.6969 7.56e-15 -5.46e-14
-0.6869 1.034e-14 -5.2e-14
-0.6769 1.396e-14 -4.9e-14
-0.6669 1.866e-14 -4.58e-14
-0.6569 2.46e-14 -4.22e-14
-0.6469 3.22e-14 -3.86e-14
-0.6369 4.16e-14 -3.48e-14
-0.6269 5.34e-14 -3.12e-14
-0.6169 6.76e-14 -2.76e-14
-0.6069 8.46e-14 -2.4e-14
-0.5969 1.048e-13 -2.08e-14
-0.5869 1.284e-13 -1.78e-14
-0.5769 1.556e-13 -1.506e-14
-0.5669 1.868e-13 -1.262e-14
-0.5569 2.22e-13 -1.044e-14
-0.5469 2.6e-13 -8.56e-15
-0.5369 3.02e-13 -6.94e-15
-0.5269 3.46e-13 -5.56e-15
-0.5169 3.94e-13 -4.42e-15
-0.5069 4.42e-13 -3.46e-15
-0.4969 4.92e-13 -2.7e-15
-0.4869 5.42e-13 -2.06e-15
-0.4769 5.9e-13 -1.57e-15
-0.4669 6.34e-13 -1.18e-15
-0.4569 6.76e-13 -8.78e-16
-0.4469 7.12e-13 -6.46e-16
-0.4369 7.42e-13 -4.7e-16
-0.4269 7.64e-13 -3.38e-16
-0.4169 7.8e-13 -2.4e-16
-0.4069 7.88e-13 -1.694e-16
-0.3969 7.86e-13 -1.182e-16
-0.3869 7.76e-13 -8.14e-17
-0.3769 7.58e-13 -5.56e-17
-0.3669 7.32e-13 -3.74e-17
-0.3569 7e-13 -2.5e-17
-0.3469 6.62e-13 -1.65e-17
-0.3369 6.2e-13 -1.078e-17
-0.3269 5.72e-13 -6.96e-18
-0.3169 5.24e-13 -4.46e-18
-0.3069 4.74e-13 -2.82e-18
-0.2969 4.26e-13 -1.76e-18
-0.2869 3.78e-13 -1.088e-18
-0.2769 3.3e-13 -6.66e-19
-0.2669 2.86e-13 -4.04e-19
-0.2569 2.46e-13 -2.42e-19
-0.2469 2.08e-13 -1.432e-19
-0.2369 1.754e-13 -8.4e-20
-0.2269 1.456e-13 -4.88e-20
-0.2169 1.196e-13 -2.8e-20
-0.2069 9.72e-14 -1.586e-20
-0.1969 7.82e-14 -8.9e-21
-0.1869 6.22e-14 -4.94e-21
-0.1769 4.9e-14 -2.72e-21
-0.1669 3.82e-14 -1.476e-21
-0.1569 2.94e-14 -7.94e-22
-0.1469 2.24e-14 -4.22e-22
-0.1369 1.686e-14 -2.22e-22
-0.1269 1.256e-14 -1.156e-22
-0.1169 9.26e-15 -5.96e-23
-0.1069 6.76e-15 -3.04e-23
-0.0969 4.88e-15 -1.528e-23
-0.0869 3.48e-15 -7.62e-24
-0.0769 2.46e-15 -3.76e-24
-0.0669 1.72e-15 -1.834e-24
-0.0569 1.188e-15 -8.84e-25
-0.0469 8.12e-16 -4.22e-25
-0.0369 5.5e-16 0
-0.0269 3.68e-16 0
-0.0169 2.44e-16 0
-0.0069 1.596e-16 0
0.0031 1.034e-16 0
0.0131 6.62e-17 0
0.0231 4.2e-17 0
0.0331 2.64e-17 0
0.0431 1.634e-17 0
0.0531 1.004e-17 0
0.0631 6.1e-18 0
0.0731 3.66e-18 0
0.0831 2.18e-18 0
0.0931 1.278e-18 0
0.1031 7.44e-19 0
0.1131 4.28e-19 0
0.1231 2.44e-19 0
0.1331 1.37e-19 0
0.1431 7.62e-20 0
0.1531 4.2e-20 0
0.1631 2.3e-20 0
0.1731 1.236e-20 0
0.1831 6.58e-21 0
0.1931 3.48e-21 0
0.2031 1.814e-21 0
0.2131 9.36e-22 0
0.2231 4.78e-22 0
0.2331 2.42e-22 0
0.2431 1.208e-22 0
0.2531 5.98e-23 0
0.2631 2.92e-23 0
0.2731 1.416e-23 0
0.2831 6.78e-24 0
0.2931 0.0 0
0.3031 0.0 0
0.3131 0.0 0
0.3231 0.0 0
0.3331 0.0 0
0.3431 0.0 0
0.3531 0.0 0
0.3631 0.0 0
0.3731 0.0 0
0.3831 0.0 0
0.3931 0.0 0
0.4031 0.0 0
0.4131 0.0 0
0.4231 0.0 0
0.4331 0.0 0
0.4431 0.0 0
0.4531 0.0 0
0.4631 0.0 0
0.4731 0.0 0
0.4831 0.0 0
0.4931 0.0 0
0.5031 0.0 0
0.5131 0.0 0
0.5231 0.0 0
0.5331 0.0 0
0.5431 0.0 0
0.5531 0.0 0
0.5631 0.0 0
0.5731 0.0 0
0.5831 0.0 0
0.5931 0.0 0
0.6031 0.0 0
0.6131 0.0 0
0.6231 0.0 0
0.6331 0.0 0
0.6431 0.0 0
0.6531 0.0 0
0.6631 0.0 0
0.6731 0.0 0
0.6831 0.0 0
0.6931 0.0 0
0.7031 0.0 0
0.7131 0.0 0
0.7231 0.0 0
0.7331 0.0 0
0.7431 0.0 0
0.7531 0.0 0
0.7631 0.0 0
0.7731 0.0 0
0.7831 0.0 0
0.7931 0.0 0
0.8031 0.0 0
0.8131 0.0 0
0.8231 0.0 0
0.8331 0.0 0
0.8431 0.0 0
0.8531 0.0 0
0.8631 0.0 0
0.8731 0.0 0
0.8831 0.0 0
0.8931 0.0 0
0.9031 0.0 0
0.9131 0.0 0
0.9231 0.0 0
0.9331 0.0 0
0.9431 0.0 0
0.9531 0.0 0
0.9631 0.0 0
0.9731 0.0 0
0.9831 0.0 0
0.9931 0.0 0
1.0031 0.0 0
1.0131 0.0 0
1.0231 0.0 0
1.0331 0.0 0
1.0431 0.0 0
1.0531 0.0 0
1.0631 0.0 0
1.0731 0.0 0
1.0831 0.0 0
1.0931 0.0 0
1.1031 0.0 0
1.1131 0.0 0
1.1231 0.0 0
1.1331 0.0 0
1.1431 0.0 0
1.1531 0.0 0
1.1631 0.0 0
1.1731 0.0 0
1.1831 0.0 0
1.1931 0.0 0
1.2031 0.0 0
1.2131 0.0 0
1.2231 0.0 0
1.2331 0.0 0
1.2431 0.0 0
1.2531 0.0 0
1.2631 0.0 0
1.2731 0.0 0
1.2831 0.0 0
1.2931 0.0 0
1.3031 0.0 0
1.3131 0.0 0
1.3231 0.0 0
1.3331 0.0 0
1.3431 0.0 0
1.3531 0.0 0
1.3631 0.0 0
1.3731 0.0 0
1.3831 0.0 0
1.3931 0.0 0
1.4031 0.0 0
1.4131 0.0 0
1.4231 0.0 0
1.4331 0.0 0
1.4431 0.0 0
1.4531 0.0 0
1.4631 0.0 0
1.4731 0.0 0
1.4831 0.0 0
1.4931 0.0 0
1.5031 0.0 0
1.5131 0.0 0
1.5231 0.0 0
1.5331 0.0 0
1.5431 0.0 0
1.5531 0.0 0
1.5631 0.0 0
1.5731 0.0 0
1.5831 0.0 0
1.5931 0.0 0
1.6031 0.0 0
1.6131 0.0 0
1.6231 0.0 0
1.6331 0.0 0
1.6431 0.0 0
1.6531 0.0 0
1.6631 0.0 0
1.6731 0.0 0
1.6831 0.0 0
1.6931 0.0 0
1.7031 0.0 0
1.7131 0.0 0
1.7231 0.0 0
1.7331 0.0 0
1.7431 0.0 0
1.7531 0.0 0
1.7631 0.0 0
1.7731 0.0 0
1.7831 0.0 0
1.7931 0.0 0
1.8031 0.0 0
1.8131 0.0 0
1.8231 0.0 0
1.8331 0.0 0
1.8431 0.0 0
1.8531 0.0 0
1.8631 0.0 0
1.8731 0.0 0
1.8831 0.0 0
1.8931 0.0 0
1.9031 0.0 0
1.9131 0.0 0
1.9231 0.0 0
1.9331 0.0 0
1.9431 0.0 0
1.9531 0.0 0
1.9631 0.0 0
1.9731 0.0 0
1.9831 0.0 0
1.9931 0.0 0
2.0031 0.0 0
2.0131 0.0 0
2.0231 0.0 0
2.0331 0.0 0
2.0431 0.0 0
2.0531 0.0 0
2.0631 0.0 0
2.0731 0.0 0
2.0831 0.0 0
2.0931 0.0 0
2.1031 0.0 0
2.1131 0.0 0
2.1231 0.0 0
2.1331 0.0 0
2.1431 0.0 0
2.1531 0.0 0
2.1631 0.0 0
2.1731 0.0 0
2.1831 0.0 0
2.1931 0.0 0
2.2031 0.0 0
2.2131 0.0 0
2.2231 0.0 0
2.2331 0.0 0
2.2431 0.0 0
2.2531 0.0 0
2.2631 0.0 0
2.2731 0.0 0
2.2831 0.0 0
2.2931 0.0 0
2.3031 0.0 0
2.3131 0.0 0
2.3231 0.0 0
2.3331 0.0 0
2.3431 0.0 0
2.3531 0.0 0
2.3631 0.0 0
2.3731 0.0 0
2.3831 0.0 0
2.3931 0.0 0
2.4031 0.0 0
2.4131 0.0 0
2.4231 0.0 0
2.4331 0.0 0
2.4431 0.0 0
2.4531 0.0 0
2.4631 0.0 0
2.4731 0.0 0
2.4831 0.0 0
2.4931 0.0 0
2.5031 0.0 0
2.5131 0.0 0
2.5231 0.0 0
2.5331 0.0 0
2.5431 0.0 0
2.5531 0.0 0
2.5631 0.0 0
2.5731 0.0 0
2.5831 0.0 0
2.5931 0.0 0
2.6031 0.0 0
2.6131 0.0 0
2.6231 0.0 0
2.6331 0.0 0
2.6431 0.0 0
2.6531 0.0 0
2.6631 0.0 0
2.6731 0.0 0
2.6831 0.0 0
2.6931 0.0 0
2.7031 0.0 0
2.7131 0.0 0
2.7231 0.0 0
2.7331 0.0 0
2.7431 0.0 0
2.7531 0.0 0
2.7631 0.0 0
2.7731 0.0 0
2.7831 0.0 0
2.7931 0.0 0
2.8031 0.0 0
2.8131 0.0 0
2.8231 0.0 0
2.8331 0.0 0
2.8431 0.0 0
2.8531 0.0 0
2.8631 0.0 0
2.8731 0.0 0
2.8831 0.0 0
2.8931 0.0 0
2.9031 0.0 0
2.9131 0.0 0
2.9231 0.0 0
2.9331 0.0 0
2.9431 0.0 0
2.9531 0.0 0
2.9631 0.0 0
2.9731 0.0 0
2.9831 0.0 0
2.9931 0.0 0
3.0031 0.0 0
3.0131 0.0 0
3.0231 0.0 0
3.0331 0.0 0
3.0431 0.0 0
3.0531 0.0 0
3.0631 0.0 0
3.0731 0.0 0
3.0831 0.0 0
3.0931 0.0 0
3.1031 0.0 0
3.1131 0.0 0
3.1231 0.0 0
3.1331 0.0 0
3.1431 0.0 0
3.1531 0.0 0
3.1631 0.0 0
3.1731 0.0 0
3.1831 0.0 0
3.1931 0.0 0
3.2031 0.0 0
3.2131 0.0 0
3.2231 0.0 0
3.2331 0.0 0
3.2431 0.0 0
3.2531 0.0 0
3.2631 0.0 0
3.2731 0.0 0
3.2831 0.0 0
3.2931 0.0 0
3.3031 0.0 0
3.3131 0.0 0
3.3231 0.0 0
3.3331 0.0 0
3.3431 0.0 0
3.3531 0.0 0
3.3631 0.0 0
3.3731 0.0 0
3.3831 0.0 0
3.3931 0.0 0
3.4031 0.0 0
3.4131 0.0 0
3.4231 0.0 0
3.4331 0.0 0
3.4431 0.0 0
3.4531 0.0 0
3.4631 0.0 0
3.4731 0.0 0
3.4831 0.0 0
3.4931 0.0 0
3.5031 0.0 0
3.5131 0.0 0
3.5231 0.0 0
3.5331 0.0 0
3.5431 0.0 0
3.5531 0.0 0
3.5631 0.0 0
3.5731 0.0 0
3.5831 0.0 0
3.5931 0.0 0
3.6031 0.0 0
3.6131 0.0 0
3.6231 0.0 0
3.6331 0.0 0
3.6431 0.0 0
3.6531 0.0 0
3.6631 0.0 0
3.6731 0.0 0
3.6831 0.0 0
3.6931 0.0 0
3.7031 0.0 0
3.7131 0.0 0
3.7231 0.0 0
3.7331 0.0 0
3.7431 0.0 0
3.7531 0.0 0
3.7631 0.0 0
3.7731 0.0 0
3.7831 0.0 0
3.7931 0.0 0
3.8031 0.0 0
3.8131 0.0 0
3.8231 0.0 0
3.8331 0.0 0
3.8431 0.0 0
3.8531 0.0 0
3.8631 0.0 0
3.8731 0.0 0
3.8831 0.0 0
3.8931 0.0 0
3.9031 0.0 0
3.9131 0.0 0
3.9231 0.0 0
3.9331 0.0 0
3.9431 0.0 0
3.9531 0.0 0
3.9631 0.0 0
3.9731 0.0 0
3.9831 0.0 0
3.9931 0.0 0
4.0031 0.0 0
4.0131 0.0 0
4.0231 0.0 0
4.0331 0.0 0
4.0431 0.0 0
4.0531 0.0 0
4.0631 0.0 0
4.0731 0.0 0
4.0831 0.0 0
4.0931 0.0 0
4.1031 0.0 0
4.1131 0.0 0
4.1231 0.0 0
4.1331 0.0 0
4.1431 0.0 0
4.1531 0.0 0
4.1631 0.0 0
4.1731 0.0 0
4.1831 0.0 0
4.1931 0.0 0
4.2031 0.0 0
4.2131 0.0 0
4.2231 0.0 0
4.2331 0.0 0
4.2431 0.0 0
4.2531 0.0 0
4.2631 0.0 0
4.2731 0.0 0
4.2831 0.0 0
4.2931 0.0 0
4.3031 0.0 0
4.3131 0.0 0
4.3231 0.0 0
4.3331 0.0 0
4.3431 0.0 0
4.3531 0.0 0
4.3631 0.0 0
4.3731 0.0 0
4.3831 0.0 0
4.3931 0.0 0
4.4031 0.0 0
4.4131 0.0 0
4.4231 0.0 0
4.4331 0.0 0
4.4431 0.0 0
4.4531 0.0 0
4.4631 0.0 0
4.4731 0.0 0
4.4831 0.0 0
4.4931 0.0 0
4.5031 0.0 0
4.5131 0.0 0
4.5231 0.0 0
4.5331 0.0 0
4.5431 0.0 0
4.5531 0.0 0
4.5631 0.0 0
4.5731 0.0 0
4.5831 0.0 0
4.5931 0.0 0
4.6031 0.0 0
4.6131 0.0 0
4.6231 0.0 0
4.6331 0.0 0
4.6431 0.0 0
4.6531 0.0 0
4.6631 0.0 0
4.6731 0.0 0
4.6831 0.0 0
4.6931 0.0 0
4.7031 0.0 0
4.7131 0.0 0
4.7231 0.0 0
4.7331 0.0 0
4.7431 0.0 0
4.7531 0.0 0
4.7631 0.0 0
4.7731 0.0 0
4.7831 0.0 0
4.7931 0.0 0
4.8031 0.0 0
4.8131 0.0 0
4.8231 0.0 0
4.8331 0.0 0
4.8431 0.0 0
4.8531 0.0 0
4.8631 0.0 0
4.8731 0.0 0
4.8831 0.0 0
4.8931 0.0 0
4.9031 0.0 0
4.9131 0.0 0
4.9231 0.0 0
4.9331 0.0 0
4.9431 0.0 0
4.9531 0.0 0
4.9631 0.0 0
4.9731 0.0 0
4.9831 0.0 0
4.9931 0.0 0
5.0031 0.0 0
5.0131 0.0 0
5.0231 0.0 0
5.0331 0.0 0
5.0431 0.0 0
5.0531 0.0 0
5.0631 0.0 0
5.0731 0.0 0
5.0831 0.0 0
5.0931 0.0 0
5.1031 0.0 0
5.1131 0.0 0
5.1231 0.0 0
5.1331 0.0 0
5.1431 0.0 0
5.1531 0.0 0
5.1631 0.0 0
5.1731 0.0 0
5.1831 0.0 0
5.1931 0.0 0
5.2031 0.0 0
5.2131 0.0 0
5.2231 0.0 0
5.2331 0.0 0
5.2431 0.0 0
5.2531 0.0 0
5.2631 0.0 0
5.2731 0.0 0
5.2831 0.0 0
5.2931 0.0 0
5.3031 0.0 0
5.3131 0.0 0
5.3231 0.0 0
5.3331 0.0 0
5.3431 0.0 0
5.3531 0.0 0
5.3631 0.0 0
5.3731 0.0 0
5.3831 0.0 0
5.3931 0.0 0
5.4031 0.0 0
5.4131 0.0 0
5.4231 0.0 0
5.4331 0.0 0
5.4431 0.0 0
5.4531 0.0 0
5.4631 0.0 0
5.4731 0.0 0
5.4831 0.0 0
5.4931 0.0 0
5.5031 0.0 0
5.5131 0.0 0
5.5231 0.0 0
5.5331 0.0 0
5.5431 0.0 0
5.5531 0.0 0
5.5631 0.0 0
5.5731 0.0 0
5.5831 0.0 0
5.5931 0.0 0
5.6031 0.0 0
5.6131 0.0 0
5.6231 0.0 0
5.6331 0.0 0
5.6431 0.0 0
5.6531 0.0 0
5.6631 0.0 0
5.6731 0.0 0
5.6831 0.0 0
5.6931 0.0 0
5.7031 0.0 0
5.7131 0.0 0
5.7231 0.0 0
5.7331 0.0 0
5.7431 0.0 0
5.7531 0.0 0
5.7631 0.0 0
5.7731 0.0 0
5.7831 0.0 0
5.7931 0.0 0
5.8031 0.0 0
5.8131 0.0 0
5.8231 0.0 0
5.8331 0.0 0
5.8431 0.0 0
5.8531 0.0 0
5.8631 0.0 0
5.8731 0.0 0
5.8831 0.0 0
5.8931 0.0 0
5.9031 0.0 0
5.9131 0.0 0
5.9231 0.0 0
5.9331 0.0 0
5.9431 0.0 0
5.9531 0.0 0
5.9631 0.0 0
5.9731 0.0 0
5.9831 0.0 0
5.9931 0.0 0
6.0031 0.0 0
6.0131 0.0 0
6.0231 0.0 -4.32e-13
6.0331 0.0 -9.08e-13
6.0431 4.64e-13 -1.894e-12
6.0531 9.78e-13 -3.9e-12
6.0631 2.04e-12 -7.96e-12
6.0731 4.2e-12 -1.608e-11
6.0831 8.54e-12 -3.22e-11
6.0931 1.724e-11 -6.34e-11
6.1031 3.44e-11 -1.238e-10
6.1131 6.78e-11 -2.4e-10
6.1231 1.324e-10 -4.58e-10
6.1331 2.56e-10 -8.66e-10
6.1431 4.88e-10 -1.62e-09
6.1531 9.22e-10 -3e-09
6.1631 1.726e-09 -5.5e-09
6.1731 3.2e-09 -9.96e-09
6.1831 5.84e-09 -1.784e-08
6.1931 1.056e-08 -3.16e-08
6.2031 1.892e-08 -5.54e-08
6.2131 3.36e-08 -9.62e-08
6.2231 5.88e-08 -1.65e-07
6.2331 1.018e-07 -2.8e-07
6.2431 1.744e-07 -4.7e-07
6.2531 2.96e-07 -7.82e-07
6.2631 4.96e-07 -1.286e-06
6.2731 8.24e-07 -2.1e-06
6.2831 1.354e-06 -3.36e-06
6.2931 2.2e-06 -5.34e-06
6.3031 3.54e-06 -8.42e-06
6.3131 5.62e-06 -1.312e-05
6.3231 8.84e-06 -2.02e-05
6.3331 1.374e-05 -3.08e-05
6.3431 2.12e-05 -4.64e-05
6.3531 3.22e-05 -6.92e-05
6.3631 4.86e-05 -0.0001022
6.3731 7.22e-05 -0.000149
6.3831 0.0001066 -0.000216
6.3931 0.0001554 -0.000308
6.4031 0.000224 -0.000434
6.4131 0.00032 -0.000606
6.4231 0.000452 -0.00084
6.4331 0.00063 -0.001148
6.4431 0.00087 -0.001554
6.4531 0.00119 -0.00208
6.4631 0.00161 -0.00276
6.4731 0.00216 -0.0036
6.4831 0.00284 -0.00468
6.4931 0.00372 -0.006
6.5031 0.00482 -0.0076
6.5131 0.00618 -0.00954
6.5231 0.00784 -0.01184
6.5331 0.00982 -0.01454
6.5431 0.01218 -0.01764
6.5531 0.01492 -0.0212
6.5631 0.01812 -0.0252
6.5731 0.0218 -0.0296
6.5831 0.0258 -0.0344
6.5931 0.0304 -0.0396
6.6031 0.0352 -0.0452
6.6131 0.0406 -0.0508
6.6231 0.0462 -0.0566
6.6331 0.0518 -0.0624
6.6431 0.0578 -0.068
6.6531 0.0636 -0.0734
6.6631 0.0692 -0.0784
6.6731 0.0746 -0.0826
6.6831 0.0796 -0.0864
6.6931 0.0838 -0.0892
6.7031 0.0874 -0.091
6.7131 0.0902 -0.092
6.7231 0.0922 -0.092
6.7331 0.093 -0.091
6.7431 0.093 -0.0892
6.7531 0.0918 -0.0862
6.7631 0.0898 -0.0826
6.7731 0.0868 -0.0782
6.7831 0.0832 -0.0734
6.7931 0.0786 -0.068
6.8031 0.0736 -0.0624
6.8131 0.0682 -0.0566
6.8231 0.0626 -0.0508
6.8331 0.0566 -0.045
6.8431 0.0508 -0.0396
6.8531 0.045 -0.0344
6.8631 0.0396 -0.0296
6.8731 0.0344 -0.0252
6.8831 0.0294 -0.0212
6.8931 0.025 -0.0176
6.9031 0.021 -0.0145
6.9131 0.0175 -0.0118
6.9231 0.0144 -0.00952
6.9331 0.01172 -0.00758
6.9431 0.00942 -0.00598
6.9531 0.0075 -0.00466
6.9631 0.00592 -0.0036
6.9731 0.0046 -0.00274
6.9831 0.00356 -0.00208
6.9931 0.0027 -0.001548
7.0031 0.00204 -0.001144
7.0131 0.001524 -0.000836
7.0231 0.001126 -0.000604
7.0331 0.000822 -0.000432
7.0431 0.000594 -0.000306
7.0531 0.000424 -0.000214
7.0631 0.0003 -0.0001484
7.0731 0.00021 -0.0001016
7.0831 0.0001452 -6.88e-05
7.0931 9.94e-05 -4.62e-05
7.1031 6.72e-05 -3.06e-05
7.1131 4.5e-05 -2e-05
7.1231 2.98e-05 -1.304e-05
7.1331 1.958e-05 -8.38e-06
7.1431 1.27e-05 -5.32e-06
7.1531 8.14e-06 -3.34e-06
7.1631 5.16e-06 -2.08e-06
7.1731 3.24e-06 -1.278e-06
7.1831 2.02e-06 -7.78e-07
7.1931 1.238e-06 -4.68e-07
7.2031 7.52e-07 -2.78e-07
7.2131 4.52e-07 -1.64e-07
7.2231 2.7e-07 -9.56e-08
7.2331 1.582e-07 -5.5e-08
7.2431 9.22e-08 -3.14e-08
7.2531 5.3e-08 -1.77e-08
7.2631 3.02e-08 -9.88e-09
7.2731 1.702e-08 -5.46e-09
7.2831 9.5e-09 -2.98e-09
7.2931 5.24e-09 -1.608e-09
7.3031 2.86e-09 -8.6e-10
7.3131 1.54e-09 -4.54e-10
7.3231 8.22e-10 -2.38e-10
7.3331 4.34e-10 -1.228e-10
7.3431 2.26e-10 -6.28e-11
7.3531 1.174e-10 -3.18e-11
7.3631 6e-11 -1.594e-11
7.3731 3.04e-11 -7.9e-12
7.3831 1.518e-11 -3.88e-12
7.3931 7.52e-12 -1.878e-12
7.4031 3.68e-12 -9e-13
7.4131 1.782e-12 -4.56e-16
7.4231 8.54e-13 -7.92e-16
7.4331 4.42e-19 -1.36e-15
7.4431 8.46e-19 -2.3e-15
7.4531 1.6e-18 -3.88e-15
7.4631 3e-18 -6.46e-15
7.4731 5.56e-18 -1.06e-14
7.4831 1.018e-17 -1.726e-14
7.4931 1.846e-17 -2.78e-14
7.5031 3.32e-17 -4.42e-14
7.5131 5.88e-17 -6.96e-14
7.5231 1.032e-16 -1.086e-13
7.5331 1.792e-16 -1.672e-13
7.5431 3.08e-16 -2.56e-13
7.5531 5.24e-16 -3.84e-13
7.5631 8.8e-16 -5.74e-13
7.5731 1.462e-15 -8.48e-13
7.5831 2.4e-15 -1.238e-12
7.5931 3.92e-15 -1.788e-12
7.6031 6.3e-15 -2.56e-12
7.6131 1.004e-14 -3.62e-12
7.6231 1.582e-14 -5.06e-12
7.6331 2.46e-14 -6.98e-12
7.6431 3.8e-14 -9.56e-12
7.6531 5.8e-14 -1.294e-11
7.6631 8.76e-14 -1.734e-11
7.6731 1.308e-13 -2.3e-11
7.6831 1.93e-13 -3.02e-11
7.6931 2.82e-13 -3.9e-11
7.7031 4.08e-13 -5e-11
7.7131 5.82e-13 -6.36e-11
7.7231 8.24e-13 -7.98e-11
7.7331 1.152e-12 -9.92e-11
7.7431 1.596e-12 -1.218e-10
7.7531 2.18e-12 -1.48e-10
7.7631 2.96e-12 -1.778e-10
7.7731 3.96e-12 -2.12e-10
7.7831 5.26e-12 -2.48e-10
7.7931 6.9e-12 -2.9e-10
7.8031 8.94e-12 -3.34e-10
7.8131 1.148e-11 -3.8e-10
7.8231 1.456e-11 -4.28e-10
7.8331 1.83e-11 -4.78e-10
7.8431 2.28e-11 -5.26e-10
7.8531 2.8e-11 -5.74e-10
7.8631 3.4e-11 -6.2e-10
7.8731 4.08e-11 -6.6e-10
7.8831 4.86e-11 -6.98e-10
7.8931 5.72e-11 -7.3e-10
7.9031 6.66e-11 -7.54e-10
7.9131 7.68e-11 -7.7e-10
7.9231 8.74e-11 -7.8e-10
7.9331 9.86e-11 -7.8e-10
7.9431 1.098e-10 -7.72e-10
7.9531 1.212e-10 -7.56e-10
7.9631 1.322e-10 -7.32e-10
7.9731 1.428e-10 -7.02e-10
7.9831 1.524e-10 -6.64e-10
7.9931 1.612e-10 -6.24e-10
8.0031 1.684e-10 -5.78e-10
8.0131 1.74e-10 -5.3e-10
8.0231 1.78e-10 -4.82e-10
8.0331 1.802e-10 -4.32e-10
8.0431 1.804e-10 -3.84e-10
8.0531 1.786e-10 -3.38e-10
8.0631 1.748e-10 -2.94e-10
8.0731 1.694e-10 -2.52e-10
8.0831 1.624e-10 -2.14e-10
8.0931 1.54e-10 -1.808e-10
8.1031 1.446e-10 -1.506e-10
8.1131 1.342e-10 -1.24e-10
8.1231 1.232e-10 -1.01e-10
8.1331 1.118e-10 -8.14e-11
8.1431 1.004e-10 -6.5e-11
8.1531 8.92e-11 -5.12e-11
8.1631 7.84e-11 -4e-11
8.1731 6.82e-11 -3.08e-11
8.1831 5.88e-11 -2.36e-11
8.1931 5e-11 -1.78e-11
8.2031 4.22e-11 -1.33e-11
8.2131 3.5e-11 -9.84e-12
8.2231 2.88e-11 -7.2e-12
8.2331 2.36e-11 -5.2e-12
8.2431 1.9e-11 -3.72e-12
8.2531 1.516e-11 -2.64e-12
8.2631 1.196e-11 -1.848e-12
8.2731 9.34e-12 -1.28e-12
8.2831 7.22e-12 -8.78e-13
8.2931 5.5e-12 -5.94e-13
8.3031 4.16e-12 -4e-13
8.3131 3.12e-12 -2.64e-13
8.3231 2.3e-12 -1.738e-13
8.3331 1.684e-12 -1.13e-13
8.3431 1.22e-12 -7.26e-14
8.3531 8.74e-13 -4.62e-14
8.3631 6.18e-13 -2.9e-14
8.3731 4.34e-13 -1.802e-14
8.3831 3e-13 -1.11e-14
8.3931 2.06e-13 -6.76e-15
8.4031 1.398e-13 -4.06e-15
8.4131 9.38e-14 -2.42e-15
8.4231 6.22e-14 -1.426e-15
8.4331 4.08e-14 -8.32e-16
8.4431 2.66e-14 -4.8e-16
8.4531 1.708e-14 -2.74e-16
