-21.1569 4.726e-08 -0.0005558
-21.1469 8.782e-08 -0.0008502
-21.1369 1.608e-07 -0.001288
-21.1269 2.912e-07 -0.001926
-21.1169 5.228e-07 -0.00285
-21.1069 9.286e-07 -0.00418
-21.0969 1.63e-06 -0.006056
-21.0869 2.84e-06 -0.008668
-21.0769 4.868e-06 -0.0123
-21.0669 8.282e-06 -0.01724
-21.0569 1.392e-05 -0.02398
-21.0469 2.316e-05 -0.03278
-21.0369 3.818e-05 -0.04464
-21.0269 6.206e-05 -0.05986
-21.0169 9.998e-05 -0.07956
-21.0069 0.0001592 -0.10472
-20.9969 0.0002506 -0.136
-20.9869 0.0003914 -0.175
-20.9769 0.0006038 -0.2228
-20.9669 0.0009212 -0.2802
-20.9569 0.00139 -0.3492
-20.9469 0.002074 -0.43
-20.9369 0.003056 -0.5248
-20.9269 0.004486 -0.6318
-20.9169 0.006468 -0.7552
-20.9069 0.00926 -0.8906
-20.8969 0.0131 -1.04
-20.8869 0.01832 -1.1994
-20.8769 0.02532 -1.37
-20.8669 0.03484 -1.55
-20.8569 0.04702 -1.732
-20.8469 0.06302 -1.916
-20.8369 0.08356 -2.096
-20.8269 0.10978 -2.268
-20.8169 0.1422 -2.424
-20.8069 0.1828 -2.566
-20.7969 0.232 -2.686
-20.7869 0.2912 -2.8
-20.7769 0.3626 -2.872
-20.7669 0.4462 -2.898
-20.7569 0.5418 -2.92
-20.7469 0.6516 -2.896
-20.7369 0.7756 -2.848
-20.7269 0.9118 -2.756
-20.7169 1.0622 -2.658
-20.7069 1.2244 -2.518
-20.6969 1.396 -2.372
-20.6869 1.574 -2.206
-20.6769 1.754 -2.03
-20.6669 1.936 -1.85
-20.6569 2.114 -1.664
-20.6469 2.282 -1.484
-20.6369 2.436 -1.308
-20.6269 2.578 -1.14
-20.6169 2.696 -0.9832
-20.6069 2.792 -0.8384
-20.5969 2.842 -0.7078
-20.5869 2.888 -0.5914
-20.5769 2.888 -0.4892
-20.5669 2.864 -0.399
-20.5569 2.794 -0.323
-20.5469 2.72 -0.2588
-20.5369 2.602 -0.2042
-20.5269 2.46 -0.1598
-20.5169 2.318 -0.12374
-20.5069 2.15 -0.09476
-20.4969 1.976 -0.07194
-20.4869 1.794 -0.0539
-20.4769 1.614 -0.0399
-20.4669 1.434 -0.02922
-20.4569 1.26 -0.02126
-20.4469 1.0978 -0.01524
-20.4369 0.943 -0.01083
-20.4269 0.8042 -0.007602
-20.4169 0.6776 -0.005294
-20.4069 0.5634 -0.003634
-20.3969 0.4654 -0.00247
-20.3869 0.3794 -0.001664
-20.3769 0.3056 -0.0011068
-20.3669 0.2436 -0.000729
-20.3569 0.1926 -0.000475
-20.3469 0.1504 -0.0003064
-20.3369 0.11622 -0.0001952
-20.3269 0.08878 -0.00012302
-20.3169 0.06708 -7.694e-05
-20.3069 0.05014 -4.77e-05
-20.2969 0.03722 -2.962e-05
-20.2869 0.0272 -1.862e-05
-20.2769 0.01966 -1.2448e-05
-20.2669 0.01408 -9.64e-06
-20.2569 0.009978 -9.522e-06
-20.2469 0.006994 -1.2092e-05
-20.2369 0.004846 -1.7902e-05
-20.2269 0.00332 -2.828e-05
-20.2169 0.002258 -4.558e-05
-20.2069 0.001516 -7.314e-05
-20.1969 0.0010072 -0.00011692
-20.1869 0.0006612 -0.00018472
-20.1769 0.0004296 -0.000289
-20.1669 0.0002768 -0.0004468
-20.1569 0.0001756 -0.0006868
-20.1469 0.00011052 -0.0010402
-20.1369 6.874e-05 -0.0015582
-20.1269 4.246e-05 -0.002312
-20.1169 2.578e-05 -0.0034
-20.1069 1.568e-05 -0.004912
-20.0969 9.506e-06 -0.007068
-20.0869 5.888e-06 -0.010046
-20.0769 3.932e-06 -0.014092
-20.0669 3.152e-06 -0.019604
-20.0569 3.324e-06 -0.0269
-20.0469 4.498e-06 -0.03668
-20.0369 6.978e-06 -0.04934
-20.0269 1.1382e-05 -0.06558
-20.0169 1.8754e-05 -0.08646
-20.0069 3.078e-05 -0.11268
-19.9969 5.016e-05 -0.14514
-19.9869 8.092e-05 -0.18514
-19.9769 0.00012906 -0.2334
-19.9669 0.0002038 -0.2912
-19.9569 0.0003188 -0.36
-19.9469 0.0004906 -0.438
-19.9369 0.0007512 -0.529
-19.9269 0.0011346 -0.6334
-19.9169 0.0016964 -0.749
-19.9069 0.002518 -0.8756
-19.8969 0.003678 -1.0134
-19.8869 0.005326 -1.158
-19.8769 0.007624 -1.3114
-19.8669 0.01079 -1.4692
-19.8569 0.015116 -1.627
-19.8469 0.02098 -1.7826
-19.8369 0.02876 -1.9336
-19.8269 0.03902 -2.074
-19.8169 0.05238 -2.2
-19.8069 0.06956 -2.312
-19.7969 0.0914 -2.4
-19.7869 0.1188 -2.466
-19.7769 0.1527 -2.51
-19.7669 0.19416 -2.512
-19.7569 0.2452 -2.51
-19.7469 0.3032 -2.466
-19.7369 0.3744 -2.4
-19.7269 0.4548 -2.31
-19.7169 0.5484 -2.194
-19.7069 0.6532 -2.068
-19.6969 0.7714 -1.927
-19.6869 0.9006 -1.776
-19.6769 1.0388 -1.6202
-19.6669 1.1858 -1.4624
-19.6569 1.3376 -1.3046
-19.6469 1.4958 -1.1514
-19.6369 1.6518 -1.0068
-19.6269 1.8056 -0.869
-19.6169 1.952 -0.7424
-19.6069 2.088 -0.629
-19.5969 2.212 -0.5246
-19.5869 2.318 -0.4356
-19.5769 2.406 -0.3556
-19.5669 2.452 -0.2888
-19.5569 2.496 -0.2312
-19.5469 2.496 -0.18314
-19.5369 2.474 -0.14358
-19.5269 2.43 -0.11136
-19.5169 2.362 -0.08536
-19.5069 2.272 -0.0649
-19.4969 2.152 -0.04868
-19.4869 2.022 -0.03622
-19.4769 1.8792 -0.02666
-19.4669 1.7276 -0.019314
-19.4569 1.5716 -0.01389
-19.4469 1.4154 -0.00987
-19.4369 1.2596 -0.006956
-19.4269 1.11 -0.004844
-19.4169 0.9674 -0.003334
-19.4069 0.8336 -0.002268
-19.3969 0.711 -0.0015292
-19.3869 0.5996 -0.0010202
-19.3769 0.4994 -0.0006734
-19.3669 0.4124 -0.00044
-19.3569 0.3366 -0.0002824
-19.3469 0.272 -0.00018092
-19.3369 0.2176 -0.00011424
-19.3269 0.17188 -7.136e-05
-19.3169 0.13442 -4.422e-05
-19.3069 0.1041 -2.69e-05
-19.2969 0.07958 -1.6336e-05
-19.2869 0.0602 -9.778e-06
-19.2769 0.04524 -5.78e-06
-19.2669 0.03344 -3.38e-06
-19.2569 0.02452 -1.9626e-06
-19.2469 0.017788 -1.1246e-06
-19.2369 0.012752 -6.378e-07
-19.2269 0.00905 -3.578e-07
-19.2169 0.006354 -1.9848e-07
-19.2069 0.004414 -1.0892e-07
-19.1969 0.003032 -5.912e-08
-19.1869 0.00206 -3.178e-08
-19.1769 0.0013844 -1.6892e-08
-19.1669 0.0009206 -8.868e-09
-19.1569 0.0006062 -4.622e-09
-19.1469 0.0003946 -2.378e-09
-19.1369 0.000254 -1.209e-09
-19.1269 0.00016162 -6.09e-10
-19.1169 0.00010188 -3.024e-10
-19.1069 6.352e-05 -1.4914e-10
-19.0969 3.922e-05 -7.268e-11
-19.0869 2.386e-05 -3.512e-11
-19.0769 1.4402e-05 -1.6716e-11
-19.0669 8.604e-06 0
-19.0569 5.082e-06 0
-19.0469 2.966e-06 0
-19.0369 1.7144e-06 0
-19.0269 9.808e-07 0
-19.0169 5.55e-07 0
-19.0069 3.098e-07 0
-18.9969 1.7166e-07 0
-18.9869 9.406e-08 0
-18.9769 5.084e-08 0
-18.9669 2.72e-08 0
-18.9569 1.4446e-08 0
-18.9469 7.58e-09 0
-18.9369 3.924e-09 0
-18.9269 2.018e-09 0
-18.9169 1.0234e-09 0
-18.9069 5.148e-10 0
-18.8969 2.562e-10 0
-18.8869 1.2552e-10 0
-18.8769 6.108e-11 0
-18.8669 2.942e-11 0
-18.8569 1.3976e-11 0
-18.8469 0.0 0
-18.8369 0.0 0
-18.8269 0.0 0
-18.8169 0.0 0
-18.8069 0.0 0
-18.7969 0.0 0
-18.7869 0.0 0
-18.7769 0.0 0
-18.7669 0.0 0
-18.7569 0.0 0
-18.7469 0.0 0
-18.7369 0.0 0
-18.7269 0.0 0
-18.7169 0.0 0
-18.7069 0.0 0
-18.6969 0.0 0
-18.6869 0.0 0
-18.6769 0.0 0
-18.6669 0.0 0
-18.6569 0.0 0
-18.6469 0.0 0
-18.6369 0.0 0
-18.6269 0.0 0
-18.6169 0.0 0
-18.6069 0.0 0
-18.5969 0.0 0
-18.5869 0.0 0
-18.5769 0.0 0
-18.5669 0.0 0
-18.5569 0.0 0
-18.5469 0.0 0
-18.5369 0.0 0
-18.5269 0.0 0
-18.5169 0.0 0
-18.5069 0.0 0
-18.4969 0.0 0
-18.4869 0.0 0
-18.4769 0.0 0
-18.4669 0.0 0
-18.4569 0.0 0
-18.4469 0.0 0
-18.4369 0.0 0
-18.4269 0.0 0
-18.4169 0.0 0
-18.4069 0.0 0
-18.3969 0.0 0
-18.3869 0.0 0
-18.3769 0.0 0
-18.3669 0.0 0
-18.3569 0.0 0
-18.3469 0.0 0
-18.3369 0.0 0
-18.3269 0.0 0
-18.3169 0.0 0
-18.3069 0.0 0
-18.2969 0.0 0
-18.2869 0.0 0
-18.2769 0.0 0
-18.2669 0.0 0
-18.2569 0.0 0
-18.2469 0.0 0
-18.2369 0.0 0
-18.2269 0.0 0
-18.2169 0.0 0
-18.2069 0.0 0
-18.1969 0.0 0
-18.1869 0.0 0
-18.1769 0.0 0
-18.1669 0.0 0
-18.1569 0.0 0
-18.1469 0.0 0
-18.1369 0.0 0
-18.1269 0.0 0
-18.1169 0.0 0
-18.1069 0.0 0
-18.0969 0.0 0
-18.0869 0.0 0
-18.0769 0.0 0
-18.0669 0.0 0
-18.0569 0.0 0
-18.0469 0.0 0
-18.0369 0.0 0
-18.0269 0.0 0
-18.0169 0.0 0
-18.0069 0.0 0
-17.9969 0.0 0
-17.9869 0.0 0
-17.9769 0.0 0
-17.9669 0.0 0
-17.9569 0.0 0
-17.9469 0.0 0
-17.9369 0.0 0
-17.9269 0.0 0
-17.9169 0.0 0
-17.9069 0.0 0
-17.8969 0.0 0
-17.8869 0.0 0
-17.8769 0.0 0
-17.8669 0.0 0
-17.8569 0.0 0
-17.8469 0.0 0
-17.8369 0.0 0
-17.8269 0.0 0
-17.8169 0.0 0
-17.8069 0.0 0
-17.7969 0.0 0
-17.7869 0.0 0
-17.7769 0.0 0
-17.7669 0.0 0
-17.7569 0.0 0
-17.7469 0.0 0
-17.7369 0.0 0
-17.7269 0.0 0
-17.7169 0.0 0
-17.7069 0.0 0
-17.6969 0.0 0
-17.6869 0.0 0
-17.6769 0.0 0
-17.6669 0.0 0
-17.6569 0.0 0
-17.6469 0.0 0
-17.6369 0.0 0
-17.6269 0.0 0
-17.6169 0.0 0
-17.6069 0.0 0
-17.5969 0.0 0
-17.5869 0.0 0
-17.5769 0.0 0
-17.5669 0.0 0
-17.5569 0.0 0
-17.5469 0.0 0
-17.5369 0.0 0
-17.5269 0.0 0
-17.5169 0.0 0
-17.5069 0.0 0
-17.4969 0.0 0
-17.4869 0.0 0
-17.4769 0.0 0
-17.4669 0.0 0
-17.4569 0.0 0
-17.4469 0.0 0
-17.4369 0.0 0
-17.4269 0.0 0
-17.4169 0.0 0
-17.4069 0.0 0
-17.3969 0.0 0
-17.3869 0.0 0
-17.3769 0.0 0
-17.3669 0.0 0
-17.3569 0.0 0
-17.3469 0.0 0
-17.3369 0.0 0
-17.3269 0.0 0
-17.3169 0.0 0
-17.3069 0.0 0
-17.2969 0.0 0
-17.2869 0.0 0
-17.2769 0.0 0
-17.2669 0.0 0
-17.2569 0.0 0
-17.2469 0.0 0
-17.2369 0.0 0
-17.2269 0.0 0
-17.2169 0.0 0
-17.2069 0.0 0
-17.1969 0.0 0
-17.1869 0.0 0
-17.1769 0.0 0
-17.1669 0.0 0
-17.1569 0.0 0
-17.1469 0.0 0
-17.1369 0.0 0
-17.1269 0.0 0
-17.1169 0.0 0
-17.1069 0.0 0
-17.0969 0.0 0
-17.0869 0.0 0
-17.0769 0.0 0
-17.0669 0.0 0
-17.0569 0.0 0
-17.0469 0.0 0
-17.0369 0.0 0
-17.0269 0.0 0
-17.0169 0.0 0
-17.0069 0.0 0
-16.9969 0.0 0
-16.9869 0.0 0
-16.9769 0.0 0
-16.9669 0.0 0
-16.9569 0.0 0
-16.9469 0.0 0
-16.9369 0.0 0
-16.9269 0.0 0
-16.9169 0.0 0
-16.9069 0.0 0
-16.8969 0.0 0
-16.8869 0.0 0
-16.8769 0.0 0
-16.8669 0.0 0
-16.8569 0.0 0
-16.8469 0.0 0
-16.8369 0.0 0
-16.8269 0.0 0
-16.8169 0.0 0
-16.8069 0.0 0
-16.7969 0.0 0
-16.7869 0.0 0
-16.7769 0.0 0
-16.7669 0.0 0
-16.7569 0.0 0
-16.7469 0.0 0
-16.7369 0.0 0
-16.7269 0.0 0
-16.7169 0.0 0
-16.7069 0.0 0
-16.6969 0.0 0
-16.6869 0.0 0
-16.6769 0.0 0
-16.6669 0.0 0
-16.6569 0.0 0
-16.6469 0.0 0
-16.6369 0.0 0
-16.6269 0.0 0
-16.6169 0.0 0
-16.6069 0.0 0
-16.5969 0.0 0
-16.5869 0.0 0
-16.5769 0.0 0
-16.5669 0.0 0
-16.5569 0.0 0
-16.5469 0.0 0
-16.5369 0.0 0
-16.5269 0.0 0
-16.5169 0.0 0
-16.5069 0.0 0
-16.4969 0.0 0
-16.4869 0.0 0
-16.4769 0.0 0
-16.4669 0.0 0
-16.4569 0.0 0
-16.4469 0.0 0
-16.4369 0.0 0
-16.4269 0.0 0
-16.4169 0.0 0
-16.4069 0.0 0
-16.3969 0.0 0
-16.3869 0.0 0
-16.3769 0.0 0
-16.3669 0.0 0
-16.3569 0.0 0
-16.3469 0.0 0
-16.3369 0.0 0
-16.3269 0.0 0
-16.3169 0.0 0
-16.3069 0.0 0
-16.2969 0.0 0
-16.2869 0.0 0
-16.2769 0.0 0
-16.2669 0.0 0
-16.2569 0.0 0
-16.2469 0.0 0
-16.2369 0.0 0
-16.2269 0.0 0
-16.2169 0.0 0
-16.2069 0.0 0
-16.1969 0.0 0
-16.1869 0.0 0
-16.1769 0.0 0
-16.1669 0.0 0
-16.1569 0.0 0
-16.1469 0.0 0
-16.1369 0.0 0
-16.1269 0.0 0
-16.1169 0.0 0
-16.1069 0.0 0
-16.0969 0.0 0
-16.0869 0.0 0
-16.0769 0.0 0
-16.0669 0.0 0
-16.0569 0.0 0
-16.0469 0.0 0
-16.0369 0.0 0
-16.0269 0.0 0
-16.0169 0.0 0
-16.0069 0.0 0
-15.9969 0.0 0
-15.9869 0.0 0
-15.9769 0.0 0
-15.9669 0.0 0
-15.9569 0.0 0
-15.9469 0.0 0
-15.9369 0.0 0
-15.9269 0.0 0
-15.9169 0.0 0
-15.9069 0.0 0
-15.8969 0.0 0
-15.8869 0.0 0
-15.8769 0.0 0
-15.8669 0.0 0
-15.8569 0.0 0
-15.8469 0.0 0
-15.8369 0.0 0
-15.8269 0.0 0
-15.8169 0.0 0
-15.8069 0.0 0
-15.7969 0.0 0
-15.7869 0.0 0
-15.7769 0.0 0
-15.7669 0.0 0
-15.7569 0.0 0
-15.7469 0.0 0
-15.7369 0.0 0
-15.7269 0.0 0
-15.7169 0.0 0
-15.7069 0.0 0
-15.6969 0.0 0
-15.6869 0.0 0
-15.6769 0.0 0
-15.6669 0.0 0
-15.6569 0.0 0
-15.6469 0.0 0
-15.6369 0.0 0
-15.6269 0.0 0
-15.6169 0.0 0
-15.6069 0.0 0
-15.5969 0.0 0
-15.5869 0.0 0
-15.5769 0.0 0
-15.5669 0.0 0
-15.5569 0.0 0
-15.5469 0.0 0
-15.5369 0.0 0
-15.5269 0.0 0
-15.5169 0.0 0
-15.5069 0.0 0
-15.4969 0.0 0
-15.4869 0.0 0
-15.4769 0.0 0
-15.4669 0.0 0
-15.4569 0.0 0
-15.4469 0.0 0
-15.4369 0.0 0
-15.4269 0.0 0
-15.4169 0.0 0
-15.4069 0.0 0
-15.3969 0.0 0
-15.3869 0.0 0
-15.3769 0.0 0
-15.3669 0.0 0
-15.3569 0.0 0
-15.3469 0.0 0
-15.3369 0.0 0
-15.3269 0.0 0
-15.3169 0.0 0
-15.3069 0.0 0
-15.2969 0.0 0
-15.2869 0.0 0
-15.2769 0.0 0
-15.2669 0.0 0
-15.2569 0.0 0
-15.2469 0.0 0
-15.2369 0.0 0
-15.2269 0.0 0
-15.2169 0.0 0
-15.2069 0.0 0
-15.1969 0.0 0
-15.1869 0.0 0
-15.1769 0.0 0
-15.1669 0.0 0
-15.1569 0.0 0
-15.1469 0.0 0
-15.1369 0.0 0
-15.1269 0.0 0
-15.1169 0.0 0
-15.1069 0.0 0
-15.0969 0.0 0
-15.0869 0.0 0
-15.0769 0.0 0
-15.0669 0.0 0
-15.0569 0.0 0
-15.0469 0.0 0
-15.0369 0.0 0
-15.0269 0.0 0
-15.0169 0.0 0
-15.0069 0.0 0
-14.9969 0.0 0
-14.9869 0.0 0
-14.9769 0.0 0
-14.9669 0.0 0
-14.9569 0.0 0
-14.9469 0.0 0
-14.9369 0.0 0
-14.9269 0.0 0
-14.9169 0.0 0
-14.9069 0.0 0
-14.8969 0.0 0
-14.8869 0.0 0
-14.8769 0.0 0
-14.8669 0.0 0
-14.8569 0.0 0
-14.8469 0.0 0
-14.8369 0.0 0
-14.8269 0.0 0
-14.8169 0.0 0
-14.8069 0.0 0
-14.7969 0.0 0
-14.7869 0.0 0
-14.7769 0.0 0
-14.7669 0.0 0
-14.7569 0.0 0
-14.7469 0.0 0
-14.7369 0.0 0
-14.7269 0.0 0
-14.7169 0.0 0
-14.7069 0.0 0
-14.6969 0.0 0
-14.6869 0.0 0
-14.6769 0.0 0
-14.6669 0.0 0
-14.6569 0.0 0
-14.6469 0.0 0
-14.6369 0.0 0
-14.6269 0.0 0
-14.6169 0.0 0
-14.6069 0.0 0
-14.5969 0.0 0
-14.5869 0.0 0
-14.5769 0.0 0
-14.5669 0.0 0
-14.5569 0.0 0
-14.5469 0.0 0
-14.5369 0.0 0
-14.5269 0.0 0
-14.5169 0.0 0
-14.5069 0.0 0
-14.4969 0.0 0
-14.4869 0.0 0
-14.4769 0.0 0
-14.4669 0.0 0
-14.4569 0.0 0
-14.4469 0.0 0
-14.4369 0.0 0
-14.4269 0.0 0
-14.4169 0.0 0
-14.4069 0.0 0
-14.3969 0.0 0
-14.3869 0.0 0
-14.3769 0.0 0
-14.3669 0.0 0
-14.3569 0.0 0
-14.3469 0.0 0
-14.3369 0.0 0
-14.3269 0.0 0
-14.3169 0.0 0
-14.3069 0.0 0
-14.2969 0.0 0
-14.2869 0.0 0
-14.2769 0.0 0
-14.2669 0.0 0
-14.2569 0.0 0
-14.2469 0.0 0
-14.2369 0.0 0
-14.2269 0.0 0
-14.2169 0.0 0
-14.2069 0.0 0
-14.1969 0.0 0
-14.1869 0.0 0
-14.1769 0.0 0
-14.1669 0.0 0
-14.1569 0.0 0
-14.1469 0.0 0
-14.1369 0.0 0
-14.1269 0.0 0
-14.1169 0.0 0
-14.1069 0.0 0
-14.0969 0.0 0
-14.0869 0.0 0
-14.0769 0.0 0
-14.0669 0.0 0
-14.0569 0.0 0
-14.0469 0.0 0
-14.0369 0.0 0
-14.0269 0.0 0
-14.0169 0.0 0
-14.0069 0.0 0
-13.9969 0.0 0
-13.9869 0.0 0
-13.9769 0.0 0
-13.9669 0.0 0
-13.9569 0.0 0
-13.9469 0.0 0
-13.9369 0.0 0
-13.9269 0.0 0
-13.9169 0.0 0
-13.9069 0.0 0
-13.8969 0.0 0
-13.8869 0.0 0
-13.8769 0.0 0
-13.8669 0.0 0
-13.8569 0.0 0
-13.8469 0.0 0
-13.8369 0.0 0
-13.8269 0.0 0
-13.8169 0.0 0
-13.8069 0.0 0
-13.7969 0.0 0
-13.7869 0.0 0
-13.7769 0.0 0
-13.7669 0.0 0
-13.7569 0.0 0
-13.7469 0.0 0
-13.7369 0.0 0
-13.7269 0.0 0
-13.7169 0.0 0
-13.7069 0.0 0
-13.6969 0.0 0
-13.6869 0.0 0
-13.6769 0.0 0
-13.6669 0.0 0
-13.6569 0.0 0
-13.6469 0.0 0
-13.6369 0.0 0
-13.6269 0.0 0
-13.6169 0.0 0
-13.6069 0.0 0
-13.5969 0.0 0
-13.5869 0.0 0
-13.5769 0.0 0
-13.5669 0.0 0
-13.5569 0.0 0
-13.5469 0.0 0
-13.5369 0.0 0
-13.5269 0.0 0
-13.5169 0.0 0
-13.5069 0.0 0
-13.4969 0.0 0
-13.4869 0.0 0
-13.4769 0.0 0
-13.4669 0.0 0
-13.4569 0.0 0
-13.4469 0.0 0
-13.4369 0.0 0
-13.4269 0.0 0
-13.4169 0.0 0
-13.4069 0.0 0
-13.3969 0.0 0
-13.3869 0.0 0
-13.3769 0.0 0
-13.3669 0.0 0
-13.3569 0.0 0
-13.3469 0.0 0
-13.3369 0.0 0
-13.3269 0.0 0
-13.3169 0.0 0
-13.3069 0.0 0
-13.2969 0.0 0
-13.2869 0.0 0
-13.2769 0.0 0
-13.2669 0.0 0
-13.2569 0.0 0
-13.2469 0.0 0
-13.2369 0.0 0
-13.2269 0.0 0
-13.2169 0.0 0
-13.2069 0.0 0
-13.1969 0.0 0
-13.1869 0.0 0
-13.1769 0.0 0
-13.1669 0.0 0
-13.1569 0.0 0
-13.1469 0.0 0
-13.1369 0.0 0
-13.1269 0.0 0
-13.1169 0.0 0
-13.1069 0.0 0
-13.0969 0.0 0
-13.0869 0.0 0
-13.0769 0.0 0
-13.0669 0.0 0
-13.0569 0.0 0
-13.0469 0.0 0
-13.0369 0.0 0
-13.0269 0.0 0
-13.0169 0.0 0
-13.0069 0.0 0
-12.9969 0.0 0
-12.9869 0.0 0
-12.9769 0.0 0
-12.9669 0.0 0
-12.9569 0.0 0
-12.9469 0.0 0
-12.9369 0.0 0
-12.9269 0.0 0
-12.9169 0.0 0
-12.9069 0.0 0
-12.8969 0.0 0
-12.8869 0.0 0
-12.8769 0.0 0
-12.8669 0.0 0
-12.8569 0.0 0
-12.8469 0.0 0
-12.8369 0.0 0
-12.8269 0.0 0
-12.8169 0.0 0
-12.8069 0.0 0
-12.7969 0.0 0
-12.7869 0.0 0
-12.7769 0.0 0
-12.7669 0.0 0
-12.7569 0.0 0
-12.7469 0.0 0
-12.7369 0.0 0
-12.7269 0.0 0
-12.7169 0.0 0
-12.7069 0.0 0
-12.6969 0.0 0
-12.6869 0.0 0
-12.6769 0.0 0
-12.6669 0.0 0
-12.6569 0.0 0
-12.6469 0.0 0
-12.6369 0.0 0
-12.6269 0.0 0
-12.6169 0.0 0
-12.6069 0.0 0
-12.5969 0.0 0
-12.5869 0.0 0
-12.5769 0.0 0
-12.5669 0.0 0
-12.5569 0.0 0
-12.5469 0.0 0
-12.5369 0.0 0
-12.5269 0.0 0
-12.5169 0.0 0
-12.5069 0.0 0
-12.4969 0.0 0
-12.4869 0.0 0
-12.4769 0.0 0
-12.4669 0.0 0
-12.4569 0.0 0
-12.4469 0.0 0
-12.4369 0.0 0
-12.4269 0.0 0
-12.4169 0.0 0
-12.4069 0.0 0
-12.3969 0.0 0
-12.3869 0.0 0
-12.3769 0.0 0
-12.3669 0.0 0
-12.3569 0.0 0
-12.3469 0.0 0
-12.3369 0.0 0
-12.3269 0.0 0
-12.3169 0.0 0
-12.3069 0.0 0
-12.2969 0.0 0
-12.2869 0.0 0
-12.2769 0.0 0
-12.2669 0.0 0
-12.2569 0.0 0
-12.2469 0.0 0
-12.2369 0.0 0
-12.2269 0.0 0
-12.2169 0.0 0
-12.2069 0.0 0
-12.1969 0.0 0
-12.1869 0.0 0
-12.1769 0.0 0
-12.1669 0.0 0
-12.1569 0.0 0
-12.1469 0.0 0
-12.1369 0.0 0
-12.1269 0.0 0
-12.1169 0.0 0
-12.1069 0.0 0
-12.0969 0.0 0
-12.0869 0.0 0
-12.0769 0.0 0
-12.0669 0.0 0
-12.0569 0.0 0
-12.0469 0.0 0
-12.0369 0.0 0
-12.0269 0.0 0
-12.0169 0.0 0
-12.0069 0.0 0
-11.9969 0.0 0
-11.9869 0.0 0
-11.9769 0.0 0
-11.9669 0.0 0
-11.9569 0.0 0
-11.9469 0.0 0
-11.9369 0.0 0
-11.9269 0.0 0
-11.9169 0.0 0
-11.9069 0.0 0
-11.8969 0.0 0
-11.8869 0.0 0
-11.8769 0.0 0
-11.8669 0.0 0
-11.8569 0.0 0
-11.8469 0.0 0
-11.8369 0.0 0
-11.8269 0.0 0
-11.8169 0.0 0
-11.8069 0.0 0
-11.7969 0.0 0
-11.7869 0.0 0
-11.7769 0.0 0
-11.7669 0.0 0
-11.7569 0.0 0
-11.7469 0.0 0
-11.7369 0.0 0
-11.7269 0.0 0
-11.7169 0.0 0
-11.7069 0.0 0
-11.6969 0.0 0
-11.6869 0.0 0
-11.6769 0.0 0
-11.6669 0.0 0
-11.6569 0.0 0
-11.6469 0.0 0
-11.6369 0.0 0
-11.6269 0.0 0
-11.6169 0.0 0
-11.6069 0.0 0
-11.5969 0.0 0
-11.5869 0.0 0
-11.5769 0.0 0
-11.5669 0.0 0
-11.5569 0.0 0
-11.5469 0.0 0
-11.5369 0.0 0
-11.5269 0.0 0
-11.5169 0.0 0
-11.5069 0.0 0
-11.4969 0.0 0
-11.4869 0.0 0
-11.4769 0.0 0
-11.4669 0.0 0
-11.4569 0.0 0
-11.4469 0.0 0
-11.4369 0.0 0
-11.4269 0.0 0
-11.4169 0.0 0
-11.4069 0.0 0
-11.3969 0.0 0
-11.3869 0.0 0
-11.3769 0.0 0
-11.3669 0.0 0
-11.3569 0.0 0
-11.3469 0.0 0
-11.3369 0.0 0
-11.3269 0.0 0
-11.3169 0.0 0
-11.3069 0.0 0
-11.2969 0.0 0
-11.2869 0.0 0
-11.2769 0.0 0
-11.2669 0.0 0
-11.2569 0.0 0
-11.2469 0.0 0
-11.2369 0.0 0
-11.2269 0.0 0
-11.2169 0.0 0
-11.2069 0.0 0
-11.1969 0.0 0
-11.1869 0.0 0
-11.1769 0.0 0
-11.1669 0.0 0
-11.1569 0.0 0
-11.1469 0.0 0
-11.1369 0.0 0
-11.1269 0.0 0
-11.1169 0.0 0
-11.1069 0.0 0
-11.0969 0.0 0
-11.0869 0.0 0
-11.0769 0.0 0
-11.0669 0.0 0
-11.0569 0.0 0
-11.0469 0.0 0
-11.0369 0.0 0
-11.0269 0.0 0
-11.0169 0.0 0
-11.0069 0.0 0
-10.9969 0.0 0
-10.9869 0.0 0
-10.9769 0.0 0
-10.9669 0.0 0
-10.9569 0.0 0
-10.9469 0.0 0
-10.9369 0.0 0
-10.9269 0.0 0
-10.9169 0.0 0
-10.9069 0.0 0
-10.8969 0.0 0
-10.8869 0.0 0
-10.8769 0.0 0
-10.8669 0.0 0
-10.8569 0.0 0
-10.8469 0.0 0
-10.8369 0.0 0
-10.8269 0.0 0
-10.8169 0.0 0
-10.8069 0.0 0
-10.7969 0.0 0
-10.7869 0.0 0
-10.7769 0.0 0
-10.7669 0.0 0
-10.7569 0.0 0
-10.7469 0.0 0
-10.7369 0.0 0
-10.7269 0.0 0
-10.7169 0.0 0
-10.7069 0.0 0
-10.6969 0.0 0
-10.6869 0.0 0
-10.6769 0.0 0
-10.6669 0.0 0
-10.6569 0.0 0
-10.6469 0.0 0
-10.6369 0.0 0
-10.6269 0.0 0
-10.6169 0.0 0
-10.6069 0.0 0
-10.5969 0.0 0
-10.5869 0.0 0
-10.5769 0.0 0
-10.5669 0.0 0
-10.5569 0.0 0
-10.5469 0.0 0
-10.5369 0.0 0
-10.5269 0.0 0
-10.5169 0.0 0
-10.5069 0.0 0
-10.4969 0.0 0
-10.4869 0.0 0
-10.4769 0.0 0
-10.4669 0.0 0
-10.4569 0.0 0
-10.4469 0.0 0
-10.4369 0.0 0
-10.4269 0.0 0
-10.4169 0.0 0
-10.4069 0.0 0
-10.3969 0.0 0
-10.3869 0.0 0
-10.3769 0.0 0
-10.3669 0.0 0
-10.3569 0.0 0
-10.3469 0.0 0
-10.3369 0.0 0
-10.3269 0.0 0
-10.3169 0.0 0
-10.3069 0.0 0
-10.2969 0.0 0
-10.2869 0.0 0
-10.2769 0.0 0
-10.2669 0.0 0
-10.2569 0.0 0
-10.2469 0.0 0
-10.2369 0.0 0
-10.2269 0.0 0
-10.2169 0.0 0
-10.2069 0.0 0
-10.1969 0.0 0
-10.1869 0.0 0
-10.1769 0.0 0
-10.1669 0.0 0
-10.1569 0.0 0
-10.1469 0.0 0
-10.1369 0.0 0
-10.1269 0.0 0
-10.1169 0.0 0
-10.1069 0.0 0
-10.0969 0.0 0
-10.0869 0.0 0
-10.0769 0.0 0
-10.0669 0.0 0
-10.0569 0.0 0
-10.0469 0.0 0
-10.0369 0.0 0
-10.0269 0.0 0
-10.0169 0.0 0
-10.0069 0.0 0
-9.9969 0.0 0
-9.9869 0.0 0
-9.9769 0.0 0
-9.9669 0.0 0
-9.9569 0.0 0
-9.9469 0.0 0
-9.9369 0.0 0
-9.9269 0.0 0
-9.9169 0.0 0
-9.9069 0.0 0
-9.8969 0.0 0
-9.8869 0.0 0
-9.8769 0.0 0
-9.8669 0.0 0
-9.8569 0.0 0
-9.8469 0.0 0
-9.8369 0.0 0
-9.8269 0.0 0
-9.8169 0.0 0
-9.8069 0.0 0
-9.7969 0.0 0
-9.7869 0.0 0
-9.7769 0.0 0
-9.7669 0.0 0
-9.7569 0.0 0
-9.7469 0.0 0
-9.7369 0.0 0
-9.7269 0.0 0
-9.7169 0.0 0
-9.7069 0.0 0
-9.6969 0.0 0
-9.6869 0.0 0
-9.6769 0.0 0
-9.6669 0.0 0
-9.6569 0.0 0
-9.6469 0.0 0
-9.6369 0.0 0
-9.6269 0.0 0
-9.6169 0.0 0
-9.6069 0.0 0
-9.5969 0.0 0
-9.5869 0.0 0
-9.5769 0.0 0
-9.5669 0.0 0
-9.5569 0.0 0
-9.5469 0.0 0
-9.5369 0.0 0
-9.5269 0.0 0
-9.5169 0.0 0
-9.5069 0.0 0
-9.4969 0.0 0
-9.4869 0.0 0
-9.4769 0.0 0
-9.4669 0.0 0
-9.4569 0.0 0
-9.4469 0.0 0
-9.4369 0.0 0
-9.4269 0.0 0
-9.4169 0.0 0
-9.4069 0.0 0
-9.3969 0.0 0
-9.3869 0.0 0
-9.3769 0.0 0
-9.3669 0.0 0
-9.3569 0.0 0
-9.3469 0.0 0
-9.3369 0.0 0
-9.3269 0.0 0
-9.3169 0.0 0
-9.3069 0.0 0
-9.2969 0.0 0
-9.2869 0.0 0
-9.2769 0.0 0
-9.2669 0.0 0
-9.2569 0.0 0
-9.2469 0.0 0
-9.2369 0.0 0
-9.2269 0.0 0
-9.2169 0.0 0
-9.2069 0.0 0
-9.1969 0.0 0
-9.1869 0.0 0
-9.1769 0.0 0
-9.1669 0.0 0
-9.1569 0.0 0
-9.1469 0.0 0
-9.1369 0.0 0
-9.1269 0.0 0
-9.1169 0.0 0
-9.1069 0.0 0
-9.0969 0.0 0
-9.0869 0.0 0
-9.0769 0.0 0
-9.0669 0.0 0
-9.0569 0.0 0
-9.0469 0.0 0
-9.0369 0.0 0
-9.0269 0.0 0
-9.0169 0.0 0
-9.0069 0.0 0
-8.9969 0.0 0
-8.9869 0.0 0
-8.9769 0.0 0
-8.9669 0.0 0
-8.9569 0.0 0
-8.9469 0.0 0
-8.9369 0.0 0
-8.9269 0.0 0
-8.9169 0.0 0
-8.9069 0.0 0
-8.8969 0.0 0
-8.8869 0.0 0
-8.8769 0.0 0
-8.8669 0.0 0
-8.8569 0.0 0
-8.8469 0.0 0
-8.8369 0.0 0
-8.8269 0.0 0
-8.8169 0.0 0
-8.8069 0.0 0
-8.7969 0.0 0
-8.7869 0.0 0
-8.7769 0.0 0
-8.7669 0.0 0
-8.7569 0.0 0
-8.7469 0.0 0
-8.7369 0.0 0
-8.7269 0.0 0
-8.7169 0.0 0
-8.7069 0.0 0
-8.6969 0.0 0
-8.6869 0.0 0
-8.6769 0.0 0
-8.6669 0.0 0
-8.6569 0.0 0
-8.6469 0.0 0
-8.6369 0.0 0
-8.6269 0.0 0
-8.6169 0.0 0
-8.6069 0.0 0
-8.5969 0.0 0
-8.5869 0.0 0
-8.5769 0.0 0
-8.5669 0.0 0
-8.5569 0.0 0
-8.5469 0.0 0
-8.5369 0.0 0
-8.5269 0.0 0
-8.5169 0.0 0
-8.5069 0.0 0
-8.4969 0.0 0
-8.4869 0.0 0
-8.4769 0.0 0
-8.4669 0.0 0
-8.4569 0.0 0
-8.4469 0.0 0
-8.4369 0.0 0
-8.4269 0.0 0
-8.4169 0.0 0
-8.4069 0.0 0
-8.3969 0.0 0
-8.3869 0.0 0
-8.3769 0.0 0
-8.3669 0.0 0
-8.3569 0.0 0
-8.3469 0.0 0
-8.3369 0.0 0
-8.3269 0.0 0
-8.3169 0.0 0
-8.3069 0.0 0
-8.2969 0.0 0
-8.2869 0.0 0
-8.2769 0.0 0
-8.2669 0.0 0
-8.2569 0.0 0
-8.2469 0.0 0
-8.2369 0.0 0
-8.2269 0.0 0
-8.2169 0.0 0
-8.2069 0.0 0
-8.1969 0.0 0
-8.1869 0.0 0
-8.1769 0.0 0
-8.1669 0.0 0
-8.1569 0.0 0
-8.1469 0.0 0
-8.1369 0.0 0
-8.1269 0.0 0
-8.1169 0.0 0
-8.1069 0.0 0
-8.0969 0.0 0
-8.0869 0.0 0
-8.0769 0.0 0
-8.0669 0.0 0
-8.0569 0.0 0
-8.0469 0.0 0
-8.0369 0.0 0
-8.0269 0.0 0
-8.0169 0.0 0
-8.0069 0.0 0
-7.9969 0.0 0
-7.9869 0.0 0
-7.9769 0.0 0
-7.9669 0.0 0
-7.9569 0.0 0
-7.9469 0.0 0
-7.9369 0.0 0
-7.9269 0.0 0
-7.9169 0.0 0
-7.9069 0.0 0
-7.8969 0.0 0
-7.8869 0.0 0
-7.8769 0.0 0
-7.8669 0.0 0
-7.8569 0.0 0
-7.8469 0.0 0
-7.8369 0.0 0
-7.8269 0.0 0
-7.8169 0.0 0
-7.8069 0.0 0
-7.7969 0.0 0
-7.7869 0.0 0
-7.7769 0.0 0
-7.7669 0.0 0
-7.7569 0.0 0
-7.7469 0.0 0
-7.7369 0.0 0
-7.7269 0.0 0
-7.7169 0.0 0
-7.7069 0.0 0
-7.6969 0.0 0
-7.6869 0.0 0
-7.6769 0.0 0
-7.6669 0.0 0
-7.6569 0.0 0
-7.6469 0.0 0
-7.6369 0.0 0
-7.6269 0.0 0
-7.6169 0.0 0
-7.6069 0.0 0
-7.5969 0.0 0
-7.5869 0.0 0
-7.5769 0.0 0
-7.5669 0.0 0
-7.5569 0.0 0
-7.5469 0.0 0
-7.5369 0.0 0
-7.5269 0.0 0
-7.5169 0.0 0
-7.5069 0.0 0
-7.4969 0.0 0
-7.4869 0.0 0
-7.4769 0.0 0
-7.4669 0.0 0
-7.4569 0.0 0
-7.4469 0.0 0
-7.4369 0.0 0
-7.4269 0.0 0
-7.4169 0.0 0
-7.4069 0.0 0
-7.3969 0.0 0
-7.3869 0.0 0
-7.3769 0.0 0
-7.3669 0.0 0
-7.3569 0.0 0
-7.3469 0.0 0
-7.3369 0.0 0
-7.3269 0.0 0
-7.3169 0.0 0
-7.3069 0.0 0
-7.2969 0.0 0
-7.2869 0.0 0
-7.2769 0.0 0
-7.2669 0.0 0
-7.2569 0.0 0
-7.2469 0.0 0
-7.2369 0.0 0
-7.2269 0.0 0
-7.2169 0.0 0
-7.2069 0.0 0
-7.1969 0.0 0
-7.1869 0.0 0
-7.1769 0.0 0
-7.1669 0.0 0
-7.1569 0.0 0
-7.1469 0.0 0
-7.1369 0.0 0
-7.1269 0.0 0
-7.1169 0.0 0
-7.1069 0.0 0
-7.0969 0.0 0
-7.0869 0.0 0
-7.0769 0.0 0
-7.0669 0.0 0
-7.0569 0.0 0
-7.0469 0.0 0
-7.0369 0.0 0
-7.0269 0.0 0
-7.0169 0.0 0
-7.0069 0.0 0
-6.9969 0.0 0
-6.9869 0.0 0
-6.9769 0.0 0
-6.9669 0.0 0
-6.9569 0.0 0
-6.9469 0.0 0
-6.9369 0.0 0
-6.9269 0.0 0
-6.9169 0.0 0
-6.9069 0.0 0
-6.8969 0.0 0
-6.8869 0.0 0
-6.8769 0.0 0
-6.8669 0.0 0
-6.8569 0.0 0
-6.8469 0.0 0
-6.8369 0.0 0
-6.8269 0.0 0
-6.8169 0.0 0
-6.8069 0.0 0
-6.7969 0.0 0
-6.7869 0.0 0
-6.7769 0.0 0
-6.7669 0.0 0
-6.7569 0.0 0
-6.7469 0.0 0
-6.7369 0.0 0
-6.7269 0.0 0
-6.7169 0.0 0
-6.7069 0.0 0
-6.6969 0.0 0
-6.6869 0.0 0
-6.6769 0.0 0
-6.6669 0.0 0
-6.6569 0.0 0
-6.6469 0.0 0
-6.6369 0.0 0
-6.6269 0.0 0
-6.6169 0.0 0
-6.6069 0.0 0
-6.5969 0.0 0
-6.5869 0.0 0
-6.5769 0.0 0
-6.5669 0.0 0
-6.5569 0.0 0
-6.5469 0.0 0
-6.5369 0.0 0
-6.5269 0.0 0
-6.5169 0.0 0
-6.5069 0.0 0
-6.4969 0.0 0
-6.4869 0.0 0
-6.4769 0.0 0
-6.4669 0.0 0
-6.4569 0.0 0
-6.4469 0.0 0
-6.4369 0.0 0
-6.4269 0.0 0
-6.4169 0.0 0
-6.4069 0.0 0
-6.3969 0.0 0
-6.3869 0.0 0
-6.3769 0.0 0
-6.3669 0.0 0
-6.3569 0.0 0
-6.3469 0.0 0
-6.3369 0.0 0
-6.3269 0.0 0
-6.3169 0.0 0
-6.3069 0.0 0
-6.2969 0.0 0
-6.2869 0.0 0
-6.2769 0.0 0
-6.2669 0.0 0
-6.2569 0.0 0
-6.2469 0.0 0
-6.2369 0.0 0
-6.2269 0.0 0
-6.2169 0.0 0
-6.2069 0.0 0
-6.1969 0.0 0
-6.1869 0.0 0
-6.1769 0.0 0
-6.1669 0.0 0
-6.1569 0.0 0
-6.1469 0.0 0
-6.1369 0.0 0
-6.1269 0.0 0
-6.1169 0.0 0
-6.1069 0.0 0
-6.0969 0.0 0
-6.0869 0.0 -2.108e-11
-6.0769 0.0 -4.426e-11
-6.0669 0.0 -9.22e-11
-6.0569 0.0 -1.896e-10
-6.0469 0.0 -3.85e-10
-6.0369 0.0 -7.76e-10
-6.0269 0.0 -1.546e-09
-6.0169 0.0 -3.054e-09
-6.0069 0.0 -5.94e-09
-5.9969 0.0 -1.142e-08
-5.9869 0.0 -2.18e-08
-5.9769 0.0 -4.118e-08
-5.9669 1.808e-11 -7.66e-08
-5.9569 3.816e-11 -1.418e-07
-5.9469 7.92e-11 -2.586e-07
-5.9369 1.636e-10 -4.668e-07
-5.9269 3.334e-10 -8.36e-07
-5.9169 6.72e-10 -1.478e-06
-5.9069 1.342e-09 -2.584e-06
-5.8969 2.65e-09 -4.478e-06
-5.8869 5.17e-09 -7.66e-06
-5.8769 1e-08 -1.296e-05
-5.8669 1.91e-08 -2.168e-05
-5.8569 3.61e-08 -3.602e-05
-5.8469 6.76e-08 -5.9e-05
-5.8369 1.25e-07 -9.54e-05
-5.8269 2.288e-07 -0.0001532
-5.8169 4.132e-07 -0.0002432
-5.8069 7.42e-07 -0.0003818
-5.7969 1.314e-06 -0.000594
-5.7869 2.306e-06 -0.000912
-5.7769 4.002e-06 -0.001384
-5.7669 6.86e-06 -0.002082
-5.7569 1.164e-05 -0.003092
-5.7469 1.954e-05 -0.004548
-5.7369 3.242e-05 -0.00664
-5.7269 5.322e-05 -0.00954
-5.7169 8.66e-05 -0.0136
-5.7069 0.0001392 -0.01914
-5.6969 0.0002214 -0.02672
-5.6869 0.0003486 -0.03692
-5.6769 0.0005416 -0.05026
-5.6669 0.000834 -0.0678
-5.6569 0.001272 -0.0906
-5.6469 0.001916 -0.1196
-5.6369 0.002858 -0.156
-5.6269 0.004218 -0.2018
-5.6169 0.00614 -0.258
-5.6069 0.00886 -0.3268
-5.5969 0.01266 -0.4086
-5.5869 0.01788 -0.5056
-5.5769 0.02498 -0.618
-5.5669 0.03454 -0.748
-5.5569 0.04712 -0.898
-5.5469 0.0638 -1.064
-5.5369 0.0854 -1.248
-5.5269 0.1132 -1.448
-5.5169 0.148 -1.662
-5.5069 0.1918 -1.886
-5.4969 0.2458 -2.118
-5.4869 0.3118 -2.354
-5.4769 0.3912 -2.586
-5.4669 0.4856 -2.814
-5.4569 0.596 -3.026
-5.4469 0.722 -3.214
-5.4369 0.868 -3.39
-5.4269 1.03 -3.518
-5.4169 1.21 -3.634
-5.4069 1.408 -3.698
-5.3969 1.62 -3.728
-5.3869 1.844 -3.724
-5.3769 2.074 -3.668
-5.3669 2.308 -3.578
-5.3569 2.544 -3.456
-5.3469 2.772 -3.302
-5.3369 2.988 -3.12
-5.3269 3.182 -2.918
-5.3169 3.362 -2.696
-5.3069 3.514 -2.466
-5.2969 3.612 -2.232
-5.2869 3.7 -1.998
-5.2769 3.732 -1.77
-5.2669 3.732 -1.55
-5.2569 3.698 -1.342
-5.2469 3.61 -1.152
-5.2369 3.488 -0.976
-5.2269 3.338 -0.818
-5.2169 3.176 -0.678
-5.2069 2.968 -0.5576
-5.1969 2.75 -0.454
-5.1869 2.522 -0.3636
-5.1769 2.286 -0.2892
-5.1669 2.052 -0.2274
-5.1569 1.82 -0.177
-5.1469 1.598 -0.136
-5.1369 1.388 -0.1036
-5.1269 1.192 -0.0782
-5.1169 1.012 -0.05814
-5.1069 0.852 -0.04276
-5.0969 0.71 -0.0312
-5.0869 0.584 -0.0225
-5.0769 0.4742 -0.01606
-5.0669 0.3822 -0.01134
-5.0569 0.3046 -0.0079
-5.0469 0.24 -0.005456
-5.0369 0.187 -0.003728
-5.0269 0.1442 -0.002524
-5.0169 0.11 -0.001688
-5.0069 0.0832 -0.001116
-4.9969 0.062 -0.00073
-4.9869 0.04584 -0.0004726
-4.9769 0.03338 -0.0003026
-4.9669 0.02418 -0.0001918
-4.9569 0.0173 -0.0001202
-4.9469 0.01222 -7.46e-05
-4.9369 0.00856 -4.572e-05
-4.9269 0.00592 -2.772e-05
-4.9169 0.004062 -1.664e-05
-4.9069 0.002748 -9.88e-06
-4.8969 0.00184 -5.81e-06
-4.8869 0.00122 -3.384e-06
-4.8769 0.0008 -1.954e-06
-4.8669 0.0005196 -1.134e-06
-4.8569 0.0003332 -6.8e-07
-4.8469 0.0002116 -4.592e-07
-4.8369 0.000133 -4.024e-07
-4.8269 8.26e-05 -4.892e-07
-4.8169 5.076e-05 -7.5112e-07
-4.8069 3.088e-05 -1.2705e-06
-4.7969 1.856e-05 -2.20614e-06
-4.7869 1.104e-05 -3.82438e-06
-4.7769 6.5e-06 -6.58454e-06
-4.7669 3.79e-06 -1.12267e-05
-4.7569 2.182e-06 -1.89515e-05
-4.7469 1.244e-06 -3.1621e-05
-4.7369 7.02e-07 -5.22384e-05
-4.7269 3.952e-07 -8.54698e-05
-4.7169 2.24e-07 -0.000138326
-4.7069 1.34e-07 -0.000222224
-4.6969 9.46e-08 -0.000350396
-4.6869 9.24e-08 -0.000548692
-4.6769 1.2694e-07 -0.000849196
-4.6669 2.103e-07 -0.00130204
-4.6569 3.7172e-07 -0.00197346
-4.6469 6.6478e-07 -0.00296578
-4.6369 1.18388e-06 -0.00438954
-4.6269 2.0942e-06 -0.00645562
-4.6169 3.646e-06 -0.0093852
-4.6069 6.3076e-06 -0.0134804
-4.5969 1.08066e-05 -0.0191642
-4.5869 1.82954e-05 -0.0269006
-4.5769 3.0676e-05 -0.0375558
-4.5669 5.0886e-05 -0.051638
-4.5569 8.3244e-05 -0.070562
-4.5469 0.000135054 -0.095144
-4.5369 0.00021648 -0.126808
-4.5269 0.00034416 -0.167586
-4.5169 0.00054094 -0.219724
-4.5069 0.00084144 -0.28248
-4.4969 0.00129466 -0.36352
-4.4869 0.00197 -0.45896
-4.4769 0.002968 -0.5769
-4.4669 0.0044158 -0.71548
-4.4569 0.0065182 -0.87892
-4.4469 0.0095226 -1.0694
-4.4369 0.01374 -1.2872
-4.4269 0.019642 -1.5346
-4.4169 0.02783 -1.8118
-4.4069 0.038934 -2.1114
-4.3969 0.053766 -2.4456
-4.3869 0.073776 -2.8028
-4.3769 0.10004 -3.1834
-4.3669 0.1342 -3.5878
-4.3569 0.17822 -3.9962
-4.3469 0.23378 -4.429
-4.3369 0.30468 -4.846
-4.3269 0.3925 -5.248
-4.3169 0.49946 -5.654
-4.3069 0.6298 -6.022
-4.2969 0.788 -6.376
-4.2869 0.972 -6.67
-4.2769 1.1906 -6.948
-4.2669 1.44 -7.164
-4.2569 1.7266 -7.322
-4.2469 2.0488 -7.436
-4.2369 2.3988 -7.488
-4.2269 2.789 -7.474
-4.2169 3.224 -7.414
-4.2069 3.662 -7.288
-4.1969 4.146 -7.112
-4.1869 4.614 -6.888
-4.1769 5.106 -6.612
-4.1669 5.6 -6.288
-4.1569 6.056 -5.954
-4.1469 6.514 -5.572
-4.1369 6.912 -5.2
-4.1269 7.27 -4.78
-4.1169 7.584 -4.376
-4.1069 7.814 -3.964
-4.0969 7.98 -3.57
-4.0869 8.078 -3.194
-4.0769 8.088 -2.816
-4.0669 8.01 -2.466
-4.0569 7.862 -2.142
-4.0469 7.644 -1.84
-4.0369 7.356 -1.568
-4.0269 7.02 -1.324
-4.0169 6.614 -1.106
-4.0069 6.198 -0.9162
-3.9969 5.736 -0.7508
-3.9869 5.248 -0.6098
-3.9769 4.756 -0.4908
-3.9669 4.28 -0.3898
-3.9569 3.802 -0.308
-3.9469 3.344 -0.2398
-3.9369 2.926 -0.1852
-3.9269 2.53 -0.1414
-3.9169 2.156 -0.107
-3.9069 1.824 -0.08018
-3.8969 1.528 -0.05932
-3.8869 1.268 -0.04354
-3.8769 1.0408 -0.03164
-3.8669 0.8466 -0.02266
-3.8569 0.6806 -0.0161
-3.8469 0.5426 -0.01132
-3.8369 0.4284 -0.00788
-3.8269 0.3336 -0.005414
-3.8169 0.2578 -0.003696
-3.8069 0.1972 -0.002486
-3.7969 0.1492 -0.001658
-3.7869 0.1118 -0.001092
-3.7769 0.08288 -0.0007122
-3.7669 0.06096 -0.0004594
-3.7569 0.04426 -0.0002946
-3.7469 0.03176 -0.0001858
-3.7369 0.02262 -0.0001162
-3.7269 0.01594 -7.18e-05
-3.7169 0.0111 -4.388e-05
-3.7069 0.007648 -2.662e-05
-3.6969 0.005218 -1.594e-05
-3.6869 0.00354 -9.44e-06
-3.6769 0.002358 -5.536e-06
-3.6669 0.00156 -3.212e-06
-3.6569 0.001022 -1.838e-06
-3.6469 0.0006614 -1.042e-06
-3.6369 0.0004236 -5.854e-07
-3.6269 0.0002696 -3.244e-07
-3.6169 0.0001686 -1.786e-07
-3.6069 0.0001046 -9.7e-08
-3.5969 6.424e-05 -5.226e-08
-3.5869 3.9e-05 -2.772e-08
-3.5769 2.352e-05 -1.46e-08
-3.5669 1.4e-05 -7.586e-09
-3.5569 8.232e-06 -3.92e-09
-3.5469 4.794e-06 -1.992e-09
-3.5369 2.772e-06 -1.004e-09
-3.5269 1.578e-06 -4.998e-10
-3.5169 8.9e-07 -2.468e-10
-3.5069 4.962e-07 -1.206e-10
-3.4969 2.752e-07 -5.808e-11
-3.4869 1.5e-07 -2.772e-11
-3.4769 8.116e-08 0
-3.4669 4.344e-08 0
-3.4569 2.294e-08 0
-3.4469 1.202e-08 0
-3.4369 6.228e-09 0
-3.4269 3.182e-09 0
-3.4169 1.616e-09 0
-3.4069 7.954e-10 0
-3.3969 3.96e-10 0
-3.3869 1.942e-10 0
-3.3769 9.44e-11 0
-3.3669 4.54e-11 0
-3.3569 2.16e-11 0
-3.3469 0.0 0
-3.3369 0.0 0
-3.3269 0.0 0
-3.3169 0.0 0
-3.3069 0.0 0
-3.2969 0.0 0
-3.2869 0.0 0
-3.2769 0.0 0
-3.2669 0.0 0
-3.2569 0.0 0
-3.2469 0.0 0
-3.2369 0.0 0
-3.2269 0.0 0
-3.2169 0.0 0
-3.2069 0.0 0
-3.1969 0.0 0
-3.1869 0.0 0
-3.1769 0.0 0
-3.1669 0.0 0
-3.1569 0.0 0
-3.1469 0.0 0
-3.1369 0.0 0
-3.1269 0.0 0
-3.1169 0.0 0
-3.1069 0.0 0
-3.0969 0.0 0
-3.0869 0.0 0
-3.0769 0.0 0
-3.0669 0.0 0
-3.0569 0.0 0
-3.0469 0.0 0
-3.0369 0.0 0
-3.0269 0.0 0
-3.0169 0.0 0
-3.0069 0.0 0
-2.9969 0.0 0
-2.9869 0.0 0
-2.9769 0.0 0
-2.9669 0.0 0
-2.9569 0.0 0
-2.9469 0.0 0
-2.9369 0.0 0
-2.9269 0.0 0
-2.9169 0.0 0
-2.9069 0.0 0
-2.8969 0.0 0
-2.8869 0.0 0
-2.8769 0.0 0
-2.8669 0.0 0
-2.8569 0.0 0
-2.8469 0.0 0
-2.8369 0.0 0
-2.8269 0.0 0
-2.8169 0.0 0
-2.8069 0.0 0
-2.7969 0.0 0
-2.7869 0.0 0
-2.7769 0.0 0
-2.7669 0.0 0
-2.7569 0.0 0
-2.7469 0.0 0
-2.7369 0.0 0
-2.7269 0.0 0
-2.7169 0.0 0
-2.7069 0.0 0
-2.6969 0.0 0
-2.6869 0.0 0
-2.6769 0.0 0
-2.6669 0.0 0
-2.6569 0.0 0
-2.6469 0.0 0
-2.6369 0.0 0
-2.6269 0.0 0
-2.6169 0.0 0
-2.6069 0.0 0
-2.5969 0.0 0
-2.5869 0.0 0
-2.5769 0.0 0
-2.5669 0.0 0
-2.5569 0.0 0
-2.5469 0.0 0
-2.5369 0.0 0
-2.5269 0.0 0
-2.5169 0.0 0
-2.5069 0.0 0
-2.4969 0.0 0
-2.4869 0.0 0
-2.4769 0.0 0
-2.4669 0.0 0
-2.4569 0.0 0
-2.4469 0.0 0
-2.4369 0.0 0
-2.4269 0.0 0
-2.4169 0.0 0
-2.4069 0.0 0
-2.3969 0.0 0
-2.3869 0.0 0
-2.3769 0.0 0
-2.3669 0.0 0
-2.3569 0.0 0
-2.3469 0.0 0
-2.3369 0.0 0
-2.3269 0.0 0
-2.3169 0.0 0
-2.3069 0.0 0
-2.2969 0.0 0
-2.2869 0.0 0
-2.2769 0.0 0
-2.2669 0.0 0
-2.2569 0.0 0
-2.2469 0.0 0
-2.2369 0.0 0
-2.2269 0.0 0
-2.2169 0.0 0
-2.2069 0.0 0
-2.1969 0.0 0
-2.1869 0.0 0
-2.1769 0.0 0
-2.1669 0.0 0
-2.1569 0.0 0
-2.1469 0.0 0
-2.1369 0.0 0
-2.1269 0.0 0
-2.1169 0.0 0
-2.1069 0.0 0
-2.0969 0.0 0
-2.0869 0.0 0
-2.0769 0.0 0
-2.0669 0.0 0
-2.0569 0.0 0
-2.0469 0.0 0
-2.0369 0.0 0
-2.0269 0.0 0
-2.0169 0.0 0
-2.0069 0.0 0
-1.9969 0.0 0
-1.9869 0.0 0
-1.9769 0.0 0
-1.9669 0.0 0
-1.9569 0.0 0
-1.9469 0.0 0
-1.9369 0.0 0
-1.9269 0.0 0
-1.9169 0.0 0
-1.9069 0.0 0
-1.8969 0.0 0
-1.8869 0.0 0
-1.8769 0.0 0
-1.8669 0.0 0
-1.8569 0.0 0
-1.8469 0.0 0
-1.8369 0.0 0
-1.8269 0.0 0
-1.8169 0.0 0
-1.8069 0.0 0
-1.7969 0.0 0
-1.7869 0.0 0
-1.7769 0.0 0
-1.7669 0.0 0
-1.7569 0.0 0
-1.7469 0.0 0
-1.7369 0.0 0
-1.7269 0.0 0
-1.7169 0.0 0
-1.7069 0.0 0
-1.6969 0.0 0
-1.6869 0.0 0
-1.6769 0.0 0
-1.6669 0.0 0
-1.6569 0.0 0
-1.6469 0.0 0
-1.6369 0.0 0
-1.6269 0.0 0
-1.6169 0.0 0
-1.6069 0.0 0
-1.5969 0.0 0
-1.5869 0.0 0
-1.5769 0.0 0
-1.5669 0.0 0
-1.5569 0.0 0
-1.5469 0.0 0
-1.5369 0.0 0
-1.5269 0.0 0
-1.5169 0.0 0
-1.5069 0.0 0
-1.4969 0.0 0
-1.4869 0.0 0
-1.4769 0.0 0
-1.4669 0.0 0
-1.4569 0.0 0
-1.4469 0.0 0
-1.4369 0.0 0
-1.4269 0.0 -5.28e-11
-1.4169 0.0 -1.106e-10
-1.4069 0.0 -2.3e-10
-1.3969 0.0 -4.72e-10
-1.3869 0.0 -9.56e-10
-1.3769 0.0 -1.922e-09
-1.3669 0.0 -3.82e-09
-1.3569 0.0 -7.52e-09
-1.3469 0.0 -1.462e-08
-1.3369 0.0 -2.82e-08
-1.3269 0.0 -5.36e-08
-1.3169 0.0 -1.008e-07
-1.3069 0.0 -1.876e-07
-1.2969 0.0 -3.46e-07
-1.2869 0.0 -6.3e-07
-1.2769 0.0 -1.136e-06
-1.2669 0.0 -2.02e-06
-1.2569 0.0 -3.58e-06
-1.2469 0.0 -6.24e-06
-1.2369 0.0 -1.08e-05
-1.2269 0.0 -1.844e-05
-1.2169 0.0 -3.12e-05
-1.2069 0.0 -5.2e-05
-1.1969 0.0 -8.62e-05
-1.1869 0.0 -0.000141
-1.1769 0.0 -0.000228
-1.1669 0.0 -0.000366
-1.1569 0.0 -0.000578
-1.1469 0.0 -0.000908
-1.1369 0.0 -0.001406
-1.1269 0.0 -0.00216
-1.1169 0.0 -0.00328
-1.1069 0.0 -0.0049
-1.0969 4.38e-11 -0.00728
-1.0869 9.22e-11 -0.0107
-1.0769 1.92e-10 -0.01556
-1.0669 3.96e-10 -0.0224
-1.0569 8.04e-10 -0.0318
-1.0469 1.62e-09 -0.0446
-1.0369 3.24e-09 -0.0622
-1.0269 6.36e-09 -0.0856
-1.0169 1.242e-08 -0.1166
-1.0069 2.4e-08 -0.157
-0.9969 4.58e-08 -0.21
-0.9869 8.64e-08 -0.276
-0.9769 1.612e-07 -0.36
-0.9669 2.98e-07 -0.464
-0.9569 5.44e-07 -0.592
-0.9469 9.84e-07 -0.748
-0.9369 1.76e-06 -0.934
-0.9269 3.12e-06 -1.154
-0.9169 5.46e-06 -1.41
-0.9069 9.44e-06 -1.704
-0.8969 1.618e-05 -2.04
-0.8869 2.74e-05 -2.42
-0.8769 4.6e-05 -2.82
-0.8669 7.62e-05 -3.28
-0.8569 0.000125 -3.74
-0.8469 0.000202 -4.24
-0.8369 0.000326 -4.76
-0.8269 0.000518 -5.28
-0.8169 0.000812 -5.78
-0.8069 0.001264 -6.28
-0.7969 0.001942 -6.74
-0.7869 0.00296 -7.16
-0.7769 0.00444 -7.52
-0.7669 0.00662 -7.82
-0.7569 0.00974 -8.04
-0.7469 0.0142 -8.18
-0.7369 0.0204 -8.24
-0.7269 0.0292 -8.2
-0.7169 0.0412 -8.08
-0.7069 0.0574 -7.86
-0.6969 0.0792 -7.58
-0.6869 0.1082 -7.22
-0.6769 0.146 -6.82
-0.6669 0.1952 -6.36
-0.6569 0.258 -5.86
-0.6469 0.338 -5.36
-0.6369 0.436 -4.84
-0.6269 0.558 -4.32
-0.6169 0.706 -3.82
-0.6069 0.884 -3.34
-0.5969 1.096 -2.88
-0.5869 1.344 -2.48
-0.5769 1.628 -2.1
-0.5669 1.952 -1.752
-0.5569 2.32 -1.452
-0.5469 2.72 -1.19
-0.5369 3.16 -0.964
-0.5269 3.62 -0.774
-0.5169 4.12 -0.614
-0.5069 4.64 -0.482
-0.4969 5.14 -0.374
-0.4869 5.66 -0.288
-0.4769 6.16 -0.218
-0.4669 6.64 -0.164
-0.4569 7.06 -0.1218
-0.4469 7.44 -0.0896
-0.4369 7.76 -0.0652
-0.4269 8.0 -0.047
-0.4169 8.16 -0.0334
-0.4069 8.22 -0.0236
-0.3969 8.22 -0.01642
-0.3869 8.1 -0.01132
-0.3769 7.92 -0.00772
-0.3669 7.66 -0.0052
-0.3569 7.32 -0.00348
-0.3469 6.92 -0.0023
-0.3369 6.46 -0.001498
-0.3269 5.98 -0.000968
-0.3169 5.48 -0.000618
-0.3069 4.96 -0.000392
-0.2969 4.44 -0.000244
-0.2869 3.94 -0.0001514
-0.2769 3.46 -9.28e-05
-0.2669 3.0 -5.62e-05
-0.2569 2.56 -3.36e-05
-0.2469 2.18 -1.994e-05
-0.2369 1.83 -1.168e-05
-0.2269 1.52 -6.78e-06
-0.2169 1.25 -3.88e-06
-0.2069 1.016 -2.2e-06
-0.1969 0.816 -1.24e-06
-0.1869 0.65 -6.88e-07
-0.1769 0.512 -3.78e-07
-0.1669 0.398 -2.06e-07
-0.1569 0.306 -1.106e-07
-0.1469 0.234 -5.88e-08
-0.1369 0.176 -3.1e-08
-0.1269 0.1312 -1.61e-08
-0.1169 0.0968 -8.3e-09
-0.1069 0.0706 -4.22e-09
-0.0969 0.051 -2.12e-09
-0.0869 0.0364 -1.062e-09
-0.0769 0.0256 -5.24e-10
-0.0669 0.01796 -2.56e-10
-0.0569 0.0124 -1.232e-10
-0.0469 0.00848 -5.88e-11
-0.0369 0.00574 0
-0.0269 0.00384 0
-0.0169 0.00254 0
-0.0069 0.001666 0
0.0031 0.001078 0
0.0131 0.000692 0
0.0231 0.000438 0
0.0331 0.000274 0
0.0431 0.0001706 0
0.0531 0.0001046 0
0.0631 6.36e-05 0
0.0731 3.82e-05 0
0.0831 2.26e-05 0
0.0931 1.334e-05 0
0.1031 7.76e-06 0
0.1131 4.46e-06 0
0.1231 2.54e-06 0
0.1331 1.428e-06 0
0.1431 7.96e-07 0
0.1531 4.38e-07 0
0.1631 2.38e-07 0
0.1731 1.288e-07 0
0.1831 6.86e-08 0
0.1931 3.62e-08 0
0.2031 1.892e-08 0
0.2131 9.76e-09 0
0.2231 4.98e-09 0
0.2331 2.52e-09 0
0.2431 1.26e-09 0
0.2531 6.24e-10 0
0.2631 3.04e-10 0
0.2731 1.476e-10 0
0.2831 7.06e-11 0
0.2931 0.0 0
0.3031 0.0 0
0.3131 0.0 0
0.3231 0.0 0
0.3331 0.0 0
0.3431 0.0 0
0.3531 0.0 0
0.3631 0.0 0
0.3731 0.0 0
0.3831 0.0 0
0.3931 0.0 0
0.4031 0.0 0
0.4131 0.0 0
0.4231 0.0 0
0.4331 0.0 0
0.4431 0.0 0
0.4531 0.0 0
0.4631 0.0 0
0.4731 0.0 0
0.4831 0.0 0
0.4931 0.0 0
0.5031 0.0 0
0.5131 0.0 0
0.5231 0.0 0
0.5331 0.0 0
0.5431 0.0 0
0.5531 0.0 0
0.5631 0.0 0
0.5731 0.0 0
0.5831 0.0 0
0.5931 0.0 0
0.6031 0.0 0
0.6131 0.0 0
0.6231 0.0 0
0.6331 0.0 0
0.6431 0.0 0
0.6531 0.0 0
0.6631 0.0 0
0.6731 0.0 0
0.6831 0.0 0
0.6931 0.0 0
0.7031 0.0 0
0.7131 0.0 0
0.7231 0.0 0
0.7331 0.0 0
0.7431 0.0 0
0.7531 0.0 0
0.7631 0.0 0
0.7731 0.0 0
0.7831 0.0 0
0.7931 0.0 0
0.8031 0.0 0
0.8131 0.0 0
0.8231 0.0 0
0.8331 0.0 0
0.8431 0.0 0
0.8531 0.0 0
0.8631 0.0 0
0.8731 0.0 0
0.8831 0.0 0
0.8931 0.0 0
0.9031 0.0 0
0.9131 0.0 0
0.9231 0.0 0
0.9331 0.0 0
0.9431 0.0 0
0.9531 0.0 0
0.9631 0.0 0
0.9731 0.0 0
0.9831 0.0 0
0.9931 0.0 0
1.0031 0.0 0
1.0131 0.0 0
1.0231 0.0 0
1.0331 0.0 0
1.0431 0.0 0
1.0531 0.0 0
1.0631 0.0 0
1.0731 0.0 0
1.0831 0.0 0
1.0931 0.0 0
1.1031 0.0 0
1.1131 0.0 0
1.1231 0.0 0
1.1331 0.0 0
1.1431 0.0 0
1.1531 0.0 0
1.1631 0.0 0
1.1731 0.0 0
1.1831 0.0 0
1.1931 0.0 0
1.2031 0.0 0
1.2131 0.0 0
1.2231 0.0 0
1.2331 0.0 0
1.2431 0.0 0
1.2531 0.0 0
1.2631 0.0 0
1.2731 0.0 0
1.2831 0.0 0
1.2931 0.0 0
1.3031 0.0 0
1.3131 0.0 0
1.3231 0.0 0
1.3331 0.0 0
1.3431 0.0 0
1.3531 0.0 0
1.3631 0.0 0
1.3731 0.0 0
1.3831 0.0 0
1.3931 0.0 0
1.4031 0.0 0
1.4131 0.0 0
1.4231 0.0 0
1.4331 0.0 0
1.4431 0.0 0
1.4531 0.0 0
1.4631 0.0 0
1.4731 0.0 0
1.4831 0.0 0
1.4931 0.0 0
1.5031 0.0 0
1.5131 0.0 0
1.5231 0.0 0
1.5331 0.0 0
1.5431 0.0 0
1.5531 0.0 0
1.5631 0.0 0
1.5731 0.0 0
1.5831 0.0 0
1.5931 0.0 0
1.6031 0.0 0
1.6131 0.0 0
1.6231 0.0 0
1.6331 0.0 0
1.6431 0.0 0
1.6531 0.0 0
1.6631 0.0 0
1.6731 0.0 0
1.6831 0.0 0
1.6931 0.0 0
1.7031 0.0 0
1.7131 0.0 0
1.7231 0.0 0
1.7331 0.0 0
1.7431 0.0 0
1.7531 0.0 0
1.7631 0.0 0
1.7731 0.0 0
1.7831 0.0 0
1.7931 0.0 0
1.8031 0.0 0
1.8131 0.0 0
1.8231 0.0 0
1.8331 0.0 0
1.8431 0.0 0
1.8531 0.0 0
1.8631 0.0 0
1.8731 0.0 0
1.8831 0.0 0
1.8931 0.0 0
1.9031 0.0 0
1.9131 0.0 0
1.9231 0.0 0
1.9331 0.0 0
1.9431 0.0 0
1.9531 0.0 0
1.9631 0.0 0
1.9731 0.0 0
1.9831 0.0 0
1.9931 0.0 0
2.0031 0.0 0
2.0131 0.0 0
2.0231 0.0 0
2.0331 0.0 0
2.0431 0.0 0
2.0531 0.0 0
2.0631 0.0 0
2.0731 0.0 0
2.0831 0.0 0
2.0931 0.0 0
2.1031 0.0 0
2.1131 0.0 0
2.1231 0.0 0
2.1331 0.0 0
2.1431 0.0 0
2.1531 0.0 0
2.1631 0.0 0
2.1731 0.0 0
2.1831 0.0 0
2.1931 0.0 0
2.2031 0.0 0
2.2131 0.0 0
2.2231 0.0 0
2.2331 0.0 0
2.2431 0.0 0
2.2531 0.0 0
2.2631 0.0 0
2.2731 0.0 0
2.2831 0.0 0
2.2931 0.0 0
2.3031 0.0 0
2.3131 0.0 0
2.3231 0.0 0
2.3331 0.0 0
2.3431 0.0 0
2.3531 0.0 0
2.3631 0.0 0
2.3731 0.0 0
2.3831 0.0 0
2.3931 0.0 0
2.4031 0.0 0
2.4131 0.0 0
2.4231 0.0 0
2.4331 0.0 0
2.4431 0.0 0
2.4531 0.0 0
2.4631 0.0 0
2.4731 0.0 0
2.4831 0.0 0
2.4931 0.0 0
2.5031 0.0 0
2.5131 0.0 0
2.5231 0.0 0
2.5331 0.0 0
2.5431 0.0 0
2.5531 0.0 0
2.5631 0.0 0
2.5731 0.0 0
2.5831 0.0 0
2.5931 0.0 0
2.6031 0.0 0
2.6131 0.0 0
2.6231 0.0 0
2.6331 0.0 0
2.6431 0.0 0
2.6531 0.0 0
2.6631 0.0 0
2.6731 0.0 0
2.6831 0.0 0
2.6931 0.0 0
2.7031 0.0 0
2.7131 0.0 0
2.7231 0.0 0
2.7331 0.0 0
2.7431 0.0 0
2.7531 0.0 0
2.7631 0.0 0
2.7731 0.0 0
2.7831 0.0 0
2.7931 0.0 0
2.8031 0.0 0
2.8131 0.0 0
2.8231 0.0 0
2.8331 0.0 0
2.8431 0.0 0
2.8531 0.0 0
2.8631 0.0 0
2.8731 0.0 0
2.8831 0.0 0
2.8931 0.0 0
2.9031 0.0 0
2.9131 0.0 0
2.9231 0.0 0
2.9331 0.0 0
2.9431 0.0 0
2.9531 0.0 0
2.9631 0.0 0
2.9731 0.0 0
2.9831 0.0 0
2.9931 0.0 0
3.0031 0.0 0
3.0131 0.0 0
3.0231 0.0 0
3.0331 0.0 0
3.0431 0.0 0
3.0531 0.0 0
3.0631 0.0 0
3.0731 0.0 0
3.0831 0.0 0
3.0931 0.0 0
3.1031 0.0 0
3.1131 0.0 0
3.1231 0.0 0
3.1331 0.0 0
3.1431 0.0 0
3.1531 0.0 0
3.1631 0.0 0
3.1731 0.0 0
3.1831 0.0 0
3.1931 0.0 0
3.2031 0.0 0
3.2131 0.0 0
3.2231 0.0 0
3.2331 0.0 0
3.2431 0.0 0
3.2531 0.0 0
3.2631 0.0 0
3.2731 0.0 0
3.2831 0.0 0
3.2931 0.0 0
3.3031 0.0 0
3.3131 0.0 0
3.3231 0.0 0
3.3331 0.0 0
3.3431 0.0 0
3.3531 0.0 0
3.3631 0.0 0
3.3731 0.0 0
3.3831 0.0 0
3.3931 0.0 0
3.4031 0.0 0
3.4131 0.0 0
3.4231 0.0 0
3.4331 0.0 0
3.4431 0.0 0
3.4531 0.0 0
3.4631 0.0 0
3.4731 0.0 0
3.4831 0.0 0
3.4931 0.0 0
3.5031 0.0 0
3.5131 0.0 0
3.5231 0.0 0
3.5331 0.0 0
3.5431 0.0 0
3.5531 0.0 0
3.5631 0.0 0
3.5731 0.0 0
3.5831 0.0 0
3.5931 0.0 0
3.6031 0.0 0
3.6131 0.0 0
3.6231 0.0 0
3.6331 0.0 0
3.6431 0.0 0
3.6531 0.0 0
3.6631 0.0 0
3.6731 0.0 0
3.6831 0.0 0
3.6931 0.0 0
3.7031 0.0 0
3.7131 0.0 0
3.7231 0.0 0
3.7331 0.0 0
3.7431 0.0 0
3.7531 0.0 0
3.7631 0.0 0
3.7731 0.0 0
3.7831 0.0 0
3.7931 0.0 0
3.8031 0.0 0
3.8131 0.0 0
3.8231 0.0 0
3.8331 0.0 0
3.8431 0.0 0
3.8531 0.0 0
3.8631 0.0 0
3.8731 0.0 0
3.8831 0.0 0
3.8931 0.0 0
3.9031 0.0 0
3.9131 0.0 0
3.9231 0.0 0
3.9331 0.0 0
3.9431 0.0 0
3.9531 0.0 0
3.9631 0.0 0
3.9731 0.0 0
3.9831 0.0 0
3.9931 0.0 0
4.0031 0.0 0
4.0131 0.0 0
4.0231 0.0 0
4.0331 0.0 0
4.0431 0.0 0
4.0531 0.0 0
4.0631 0.0 0
4.0731 0.0 0
4.0831 0.0 0
4.0931 0.0 0
4.1031 0.0 0
4.1131 0.0 0
4.1231 0.0 0
4.1331 0.0 0
4.1431 0.0 0
4.1531 0.0 0
4.1631 0.0 0
4.1731 0.0 0
4.1831 0.0 0
4.1931 0.0 0
4.2031 0.0 0
4.2131 0.0 0
4.2231 0.0 0
4.2331 0.0 0
4.2431 0.0 0
4.2531 0.0 0
4.2631 0.0 0
4.2731 0.0 0
4.2831 0.0 0
4.2931 0.0 0
4.3031 0.0 0
4.3131 0.0 0
4.3231 0.0 0
4.3331 0.0 0
4.3431 0.0 0
4.3531 0.0 0
4.3631 0.0 0
4.3731 0.0 0
4.3831 0.0 0
4.3931 0.0 0
4.4031 0.0 0
4.4131 0.0 0
4.4231 0.0 0
4.4331 0.0 0
4.4431 0.0 0
4.4531 0.0 0
4.4631 0.0 0
4.4731 0.0 0
4.4831 0.0 0
4.4931 0.0 0
4.5031 0.0 0
4.5131 0.0 0
4.5231 0.0 0
4.5331 0.0 0
4.5431 0.0 0
4.5531 0.0 0
4.5631 0.0 0
4.5731 0.0 0
4.5831 0.0 0
4.5931 0.0 0
4.6031 0.0 0
4.6131 0.0 0
4.6231 0.0 0
4.6331 0.0 0
4.6431 0.0 0
4.6531 0.0 0
4.6631 0.0 0
4.6731 0.0 0
4.6831 0.0 0
4.6931 0.0 0
4.7031 0.0 0
4.7131 0.0 0
4.7231 0.0 0
4.7331 0.0 0
4.7431 0.0 0
4.7531 0.0 0
4.7631 0.0 0
4.7731 0.0 0
4.7831 0.0 0
4.7931 0.0 0
4.8031 0.0 0
4.8131 0.0 0
4.8231 0.0 0
4.8331 0.0 0
4.8431 0.0 0
4.8531 0.0 0
4.8631 0.0 0
4.8731 0.0 0
4.8831 0.0 0
4.8931 0.0 0
4.9031 0.0 0
4.9131 0.0 0
4.9231 0.0 0
4.9331 0.0 0
4.9431 0.0 0
4.9531 0.0 0
4.9631 0.0 0
4.9731 0.0 0
4.9831 0.0 0
4.9931 0.0 0
5.0031 0.0 0
5.0131 0.0 0
5.0231 0.0 0
5.0331 0.0 0
5.0431 0.0 0
5.0531 0.0 0
5.0631 0.0 0
5.0731 0.0 0
5.0831 0.0 0
5.0931 0.0 0
5.1031 0.0 0
5.1131 0.0 0
5.1231 0.0 0
5.1331 0.0 0
5.1431 0.0 0
5.1531 0.0 0
5.1631 0.0 0
5.1731 0.0 0
5.1831 0.0 0
5.1931 0.0 0
5.2031 0.0 0
5.2131 0.0 0
5.2231 0.0 0
5.2331 0.0 0
5.2431 0.0 0
5.2531 0.0 0
5.2631 0.0 0
5.2731 0.0 0
5.2831 0.0 0
5.2931 0.0 0
5.3031 0.0 0
5.3131 0.0 0
5.3231 0.0 0
5.3331 0.0 0
5.3431 0.0 0
5.3531 0.0 0
5.3631 0.0 0
5.3731 0.0 0
5.3831 0.0 0
5.3931 0.0 0
5.4031 0.0 0
5.4131 0.0 0
5.4231 0.0 0
5.4331 0.0 0
5.4431 0.0 0
5.4531 0.0 0
5.4631 0.0 0
5.4731 0.0 0
5.4831 0.0 0
5.4931 0.0 0
5.5031 0.0 0
5.5131 0.0 0
5.5231 0.0 0
5.5331 0.0 0
5.5431 0.0 0
5.5531 0.0 0
5.5631 0.0 0
5.5731 0.0 0
5.5831 0.0 0
5.5931 0.0 0
5.6031 0.0 0
5.6131 0.0 0
5.6231 0.0 0
5.6331 0.0 0
5.6431 0.0 0
5.6531 0.0 0
5.6631 0.0 0
5.6731 0.0 0
5.6831 0.0 0
5.6931 0.0 0
5.7031 0.0 0
5.7131 0.0 0
5.7231 0.0 0
5.7331 0.0 0
5.7431 0.0 0
5.7531 0.0 0
5.7631 0.0 0
5.7731 0.0 0
5.7831 0.0 0
5.7931 0.0 0
5.8031 0.0 0
5.8131 0.0 0
5.8231 0.0 0
5.8331 0.0 0
5.8431 0.0 0
5.8531 0.0 0
5.8631 0.0 0
5.8731 0.0 0
5.8831 0.0 0
5.8931 0.0 0
5.9031 0.0 0
5.9131 0.0 0
5.9231 0.0 0
5.9331 0.0 0
5.9431 0.0 0
5.9531 0.0 0
5.9631 0.0 0
5.9731 0.0 0
5.9831 0.0 0
5.9931 0.0 0
6.0031 0.0 0
6.0131 0.0 0
6.0231 0.0 -1.18e-12
6.0331 0.0 -2.486e-12
6.0431 1.252e-12 -5.174e-12
6.0531 2.636e-12 -1.068e-11
6.0631 5.5e-12 -2.18e-11
6.0731 1.132e-11 -4.408e-11
6.0831 2.304e-11 -8.8e-11
6.0931 4.644e-11 -1.734e-10
6.1031 9.26e-11 -3.398e-10
6.1131 1.828e-10 -6.56e-10
6.1231 3.564e-10 -1.252e-09
6.1331 6.9e-10 -2.37e-09
6.1431 1.316e-09 -4.44e-09
6.1531 2.488e-09 -8.2e-09
6.1631 4.646e-09 -1.504e-08
6.1731 8.62e-09 -2.724e-08
6.1831 1.574e-08 -4.884e-08
6.1931 2.848e-08 -8.64e-08
6.2031 5.092e-08 -1.516e-07
6.2131 9.04e-08 -2.632e-07
6.2231 1.584e-07 -4.51e-07
6.2331 2.744e-07 -7.66e-07
6.2431 4.704e-07 -1.288e-06
6.2531 7.98e-07 -2.14e-06
6.2631 1.338e-06 -3.526e-06
6.2731 2.222e-06 -5.72e-06
6.2831 3.654e-06 -9.2e-06
6.2931 5.92e-06 -1.462e-05
6.3031 9.54e-06 -2.304e-05
6.3131 1.514e-05 -3.592e-05
6.3231 2.382e-05 -5.52e-05
6.3331 3.714e-05 -8.42e-05
6.3431 5.7e-05 -0.000127
6.3531 8.68e-05 -0.0001894
6.3631 0.0001308 -0.0002794
6.3731 0.0001948 -0.000407
6.3831 0.0002874 -0.00059
6.3931 0.0004194 -0.000842
6.4031 0.000604 -0.001188
6.4131 0.000862 -0.00166
6.4231 0.001218 -0.002296
6.4331 0.0017 -0.00314
6.4431 0.002348 -0.004254
6.4531 0.00321 -0.0057
6.4631 0.00433 -0.00754
6.4731 0.00582 -0.00986
6.4831 0.00766 -0.0128
6.4931 0.01004 -0.0164
6.5031 0.013 -0.0208
6.5131 0.01666 -0.0261
6.5231 0.02112 -0.03244
6.5331 0.02646 -0.03974
6.5431 0.03278 -0.04824
6.5531 0.04032 -0.058
6.5631 0.04892 -0.069
6.5731 0.0586 -0.081
6.5831 0.0696 -0.0942
6.5931 0.0818 -0.1084
6.6031 0.095 -0.1236
6.6131 0.1094 -0.139
6.6231 0.1244 -0.155
6.6331 0.1398 -0.1708
6.6431 0.1558 -0.1862
6.6531 0.1714 -0.2008
6.6631 0.1866 -0.2144
6.6731 0.2012 -0.2262
6.6831 0.2144 -0.2362
6.6931 0.226 -0.244
6.7031 0.2358 -0.2492
6.7131 0.2432 -0.2518
6.7231 0.2484 -0.2518
6.7331 0.2508 -0.2492
6.7431 0.2506 -0.244
6.7531 0.2476 -0.236
6.7631 0.2422 -0.226
6.7731 0.2342 -0.214
6.7831 0.2242 -0.2008
6.7931 0.212 -0.186
6.8031 0.1986 -0.1706
6.8131 0.184 -0.1548
6.8231 0.1686 -0.139
6.8331 0.1526 -0.1232
6.8431 0.137 -0.1084
6.8531 0.1214 -0.0942
6.8631 0.1066 -0.081
6.8731 0.0926 -0.0688
6.8831 0.0794 -0.058
6.8931 0.0674 -0.0482
6.9031 0.0568 -0.0397
6.9131 0.0471 -0.0322
6.9231 0.0388 -0.02604
6.9331 0.03158 -0.02074
6.9431 0.0254 -0.01636
6.9531 0.02024 -0.01276
6.9631 0.01594 -0.00984
6.9731 0.01242 -0.0075
6.9831 0.00958 -0.00568
6.9931 0.0073 -0.004228
7.0031 0.0055 -0.00313
7.0131 0.004104 -0.002288
7.0231 0.003034 -0.001654
7.0331 0.002216 -0.001182
7.0431 0.001602 -0.000838
7.0531 0.001144 -0.000586
7.0631 0.000808 -0.0004064
7.0731 0.000566 -0.000278
7.0831 0.0003912 -0.0001884
7.0931 0.000268 -0.0001264
7.1031 0.0001814 -8.38e-05
7.1131 0.0001214 -5.48e-05
7.1231 8.04e-05 -3.564e-05
7.1331 5.278e-05 -2.292e-05
7.1431 3.43e-05 -1.456e-05
7.1531 2.196e-05 -9.14e-06
7.1631 1.392e-05 -5.68e-06
7.1731 8.74e-06 -3.498e-06
7.1831 5.44e-06 -2.128e-06
7.1931 3.338e-06 -1.28e-06
7.2031 2.028e-06 -7.62e-07
7.2131 1.22e-06 -4.48e-07
7.2231 7.26e-07 -2.614e-07
7.2331 4.262e-07 -1.506e-07
7.2431 2.484e-07 -8.6e-08
7.2531 1.43e-07 -4.85e-08
7.2631 8.14e-08 -2.71e-08
7.2731 4.582e-08 -1.508e-08
7.2831 2.56e-08 -8.44e-09
7.2931 1.412e-08 -4.988e-09
7.3031 7.7e-09 -3.5e-09
7.3131 4.16e-09 -3.494e-09
7.3231 2.218e-09 -5.018e-09
7.3331 1.17e-09 -8.6828e-09
7.3431 6.1e-10 -1.59628e-08
7.3531 3.334e-10 -2.96318e-08
7.3631 1.964e-10 -5.48159e-08
7.3731 1.534e-10 -1.00208e-07
7.3831 1.8698e-10 -1.81804e-07
7.3931 3.1552e-10 -3.26002e-07
7.4031 5.9968e-10 -5.78001e-07
7.4131 1.169782e-09 -1.014e-06
7.4231 2.280854e-09 -1.76e-06
7.4331 4.42000000044e-09 -3.02e-06
7.4431 8.44000000085e-09 -5.14e-06
7.4531 1.59800000016e-08 -8.64e-06
7.4631 3.0000000003e-08 -1.434e-05
7.4731 5.54000000056e-08 -2.36e-05
7.4831 1.0160000001e-07 -3.84e-05
7.4931 1.84400000018e-07 -6.18e-05
7.5031 3.30000000033e-07 -9.84e-05
7.5131 5.86000000059e-07 -0.000155
7.5231 1.0300000001e-06 -0.000242
7.5331 1.79000000018e-06 -0.000372
7.5431 3.08000000031e-06 -0.000568
7.5531 5.22000000052e-06 -0.000856
7.5631 8.78000000088e-06 -0.001278
7.5731 1.46000000015e-05 -0.001886
7.5831 2.40000000024e-05 -0.00276
7.5931 3.92000000039e-05 -0.00398
7.6031 6.30000000063e-05 -0.00568
7.6131 0.00010040000001 -0.00804
7.6231 0.000158000000016 -0.01124
7.6331 0.000246000000025 -0.01554
7.6431 0.000380000000038 -0.0212
7.6531 0.000580000000058 -0.0288
7.6631 0.000874000000088 -0.0386
7.6731 0.00130600000013 -0.0512
7.6831 0.00192800000019 -0.067
7.6931 0.00282000000028 -0.0868
7.7031 0.00408000000041 -0.1114
7.7131 0.00582000000058 -0.1414
7.7231 0.00824000000082 -0.1776
7.7331 0.0115200000012 -0.22
7.7431 0.0159400000016 -0.27
7.7531 0.0218000000022 -0.33
7.7631 0.029600000003 -0.396
7.7731 0.039600000004 -0.47
7.7831 0.0526000000053 -0.554
7.7931 0.0688000000069 -0.644
7.8031 0.0894000000089 -0.742
7.8131 0.114600000011 -0.844
7.8231 0.145600000015 -0.952
7.8331 0.182800000018 -1.062
7.8431 0.228000000023 -1.17
7.8531 0.278000000028 -1.276
7.8631 0.340000000034 -1.378
7.8731 0.408000000041 -1.47
7.8831 0.486000000049 -1.552
7.8931 0.572000000057 -1.622
7.9031 0.666000000067 -1.676
7.9131 0.766000000077 -1.714
7.9231 0.874000000087 -1.734
7.9331 0.984000000099 -1.734
7.9431 1.09800000011 -1.716
7.9531 1.21000000012 -1.68
7.9631 1.32200000013 -1.628
7.9731 1.42600000014 -1.56
7.9831 1.52400000015 -1.478
7.9931 1.61000000016 -1.386
8.0031 1.68200000017 -1.286
8.0131 1.73800000017 -1.18
8.0231 1.77800000018 -1.072
8.0331 1.80000000018 -0.962
8.0431 1.80200000018 -0.854
8.0531 1.78400000018 -0.75
8.0631 1.74600000017 -0.652
8.0731 1.69200000017 -0.562
8.0831 1.62200000016 -0.478
8.0931 1.53800000015 -0.402
8.1031 1.44400000014 -0.334
8.1131 1.34000000013 -0.276
8.1231 1.23000000012 -0.224
8.1331 1.11600000011 -0.1812
8.1431 1.0040000001 -0.1444
8.1531 0.892000000089 -0.114
8.1631 0.784000000078 -0.089
8.1731 0.682000000068 -0.0686
8.1831 0.586000000059 -0.0524
8.1931 0.50000000005 -0.0396
8.2031 0.420000000042 -0.0296
8.2131 0.350000000035 -0.0218
8.2231 0.288000000029 -0.016
8.2331 0.236000000024 -0.01158
8.2431 0.189800000019 -0.00828
8.2531 0.151400000015 -0.00586
8.2631 0.119400000012 -0.0041
8.2731 0.0932000000093 -0.00284
8.2831 0.0720000000072 -0.001952
8.2931 0.0550000000055 -0.001324
8.3031 0.0416000000042 -0.000888
8.3131 0.0310000000031 -0.00059
8.3231 0.0230000000023 -0.000386
8.3331 0.0168200000017 -0.000252
8.3431 0.0121800000012 -0.0001614
8.3531 0.00872000000087 -0.0001026
8.3631 0.00618000000062 -6.44e-05
8.3731 0.00432000000043 -4.02e-05
8.3831 0.0030000000003 -2.46e-05
8.3931 0.00206000000021 -1.502e-05
8.4031 0.00139600000014 -9.04e-06
8.4131 0.000936000000094 -5.38e-06
8.4231 0.000622000000062 -3.18e-06
8.4331 0.000408000000041 -1.85e-06
8.4431 0.000266000000027 -1.066e-06
8.4531 0.000170600000017 -6.08e-07
