-55.332 1.841e-10 0
-55.322 2.97e-10 0
-55.312 4.75e-10 0
-55.302 7.51e-10 0
-55.292 1.174e-09 0
-55.282 1.814e-09 0
-55.272 2.78e-09 0
-55.262 4.21e-09 0
-55.252 6.3e-09 0
-55.242 9.34e-09 0
-55.232 1.369e-08 0
-55.222 1.982e-08 0
-55.212 2.84e-08 0
-55.202 4.04e-08 0
-55.192 5.67e-08 0
-55.182 7.88e-08 0
-55.172 1.084e-07 0
-55.162 1.474e-07 0
-55.152 1.983e-07 0
-55.142 2.65e-07 0
-55.132 3.48e-07 0
-55.122 4.55e-07 0
-55.112 5.87e-07 0
-55.102 7.51e-07 0
-55.092 9.53e-07 0
-55.082 1.198e-06 0
-55.072 1.495e-06 0
-55.062 1.85e-06 0
-55.052 2.279e-06 0
-55.042 2.8e-06 0
-55.032 3.44e-06 0
-55.022 4.23e-06 0
-55.012 5.21e-06 0
-55.002 6.46e-06 0
-54.992 8.12e-06 0
-54.982 1.032e-05 0
-54.972 1.329e-05 0
-54.962 1.742e-05 0
-54.952 2.322e-05 0
-54.942 3.127e-05 0
-54.932 4.245e-05 0
-54.922 5.819e-05 0
-54.912 8e-05 0
-54.902 0.00011 0
-54.892 0.0001514 0
-54.882 0.0002075 0
-54.872 0.0002816 0
-54.862 0.0003814 0
-54.852 0.0005136 0
-54.842 0.000684 0
-54.832 0.000904 0
-54.822 0.001181 0
-54.812 0.001539 0
-54.802 0.001976 0
-54.792 0.002514 0
-54.782 0.003175 0
-54.772 0.003969 0
-54.762 0.00491 0
-54.752 0.006018 0
-54.742 0.007295 0
-54.732 0.008773 0
-54.722 0.01044 0
-54.712 0.01232 0
-54.702 0.01434 0
-54.692 0.01668 0
-54.682 0.01903 0
-54.672 0.0217 0
-54.662 0.02439 0
-54.652 0.02718 0
-54.642 0.02997 0
-54.632 0.03287 0
-54.622 0.03565 0
-54.612 0.03832 0
-54.602 0.04078 0
-54.592 0.04311 0
-54.582 0.0451 0
-54.572 0.04687 0
-54.562 0.0482 0
-54.552 0.04918 0
-54.542 0.04982 0
-54.532 0.04992 0
-54.522 0.04968 0
-54.512 0.04909 0
-54.502 0.04807 0
-54.492 0.04671 0
-54.482 0.04501 0
-54.472 0.04299 0
-54.462 0.04075 0
-54.452 0.03839 0
-54.442 0.03591 0
-54.432 0.03333 0
-54.422 0.03065 0
-54.412 0.02807 0
-54.402 0.0255 0
-54.392 0.02304 0
-54.382 0.0207 0
-54.372 0.01857 0
-54.362 0.01655 0
-54.352 0.01466 0
-54.342 0.01298 0
-54.332 0.011528 0
-54.322 0.01022 0
-54.312 0.00907 0
-54.302 0.008076 0
-54.292 0.007217 0
-54.282 0.006482 0
-54.272 0.00587 0
-54.262 0.005348 0
-54.252 0.004906 0
-54.242 0.004531 0
-54.232 0.004214 0
-54.222 0.003943 0
-54.212 0.003716 0
-54.202 0.003514 0
-54.192 0.003336 0
-54.182 0.003181 0
-54.172 0.003038 0
-54.162 0.002918 0
-54.152 0.0028 0
-54.142 0.002694 0
-54.132 0.0026 0
-54.122 0.002507 0
-54.112 0.002426 0
-54.102 0.002347 0
-54.092 0.002278 0
-54.082 0.002211 0
-54.072 0.002144 0
-54.062 0.002088 0
-54.052 0.002041 0
-54.042 0.001985 0
-54.032 0.001938 0
-54.022 0.00189 0
-54.012 0.001841 0
-54.002 0.001801 0
-53.992 0.001748 0
-53.982 0.001704 0
-53.972 0.001647 0
-53.962 0.001588 0
-53.952 0.001536 0
-53.942 0.001472 0
-53.932 0.001405 0
-53.922 0.001326 0
-53.912 0.001252 0
-53.902 0.001173 0
-53.892 0.001092 0
-53.882 0.001008 0
-53.872 0.000925 0
-53.862 0.00084 0
-53.852 0.000759 0
-53.842 0.000679 0
-53.832 0.000602 0
-53.822 0.000529 0
-53.812 0.000462 0
-53.802 0.0003987 0
-53.792 0.0003406 0
-53.782 0.0002887 0
-53.772 0.0002431 0
-53.762 0.0002017 0
-53.752 0.0001665 0
-53.742 0.0001354 0
-53.732 0.0001095 0
-53.722 8.75e-05 0
-53.712 6.93e-05 0
-53.702 5.43e-05 0
-53.692 4.22e-05 0
-53.682 3.243e-05 0
-53.672 2.463e-05 0
-53.662 1.851e-05 0
-53.652 1.382e-05 0
-53.642 1.02e-05 0
-53.632 7.45e-06 0
-53.622 5.38e-06 0
-53.612 3.846e-06 0
-53.602 2.724e-06 0
-53.592 1.914e-06 0
-53.582 1.328e-06 0
-53.572 9.1e-07 0
-53.562 6.18e-07 0
-53.552 4.156e-07 0
-53.542 2.763e-07 0
-53.532 1.823e-07 0
-53.522 1.185e-07 0
-53.512 7.64e-08 0
-53.502 4.87e-08 0
-53.492 3.076e-08 0
-53.482 1.928e-08 0
-53.472 1.189e-08 0
-53.462 7.27e-09 0
-53.452 4.41e-09 0
-53.442 2.634e-09 0
-53.432 1.564e-09 0
-53.422 9.18e-10 0
-53.412 5.33e-10 0
-53.402 3.063e-10 0
-53.392 1.735e-10 0
-53.382 9.78e-11 0
-53.372 5.45e-11 0
-53.362 2.998e-11 0
-53.352 1.63e-11 0
-53.342 8.8e-12 0
-53.332 4.69e-12 0
-53.322 2.477e-12 0
-53.312 1.293e-12 0
-53.302 6.69e-13 0
-53.292 3.414e-13 0
-53.282 1.721e-13 0
-53.272 8.6e-14 0
-53.262 4.238e-14 0
-53.252 2.063e-14 0
-53.242 9.18e-15 0
-53.232 4.062e-15 0
-53.222 1.748e-15 0
-53.212 6.042e-17 0
-53.202 0.0 0
-53.192 0.0 0
-53.182 0.0 0
-53.172 0.0 0
-53.162 0.0 0
-53.152 0.0 0
-53.142 0.0 0
-53.132 0.0 0
-53.122 0.0 0
-53.112 0.0 0
-53.102 0.0 0
-53.092 0.0 0
-53.082 0.0 0
-53.072 0.0 0
-53.062 0.0 0
-53.052 0.0 0
-53.042 0.0 0
-53.032 0.0 0
-53.022 0.0 0
-53.012 0.0 0
-53.002 0.0 0
-52.992 0.0 0
-52.982 0.0 0
-52.972 0.0 0
-52.962 0.0 0
-52.952 0.0 0
-52.942 0.0 0
-52.932 0.0 0
-52.922 0.0 0
-52.912 0.0 0
-52.902 0.0 0
-52.892 0.0 0
-52.882 0.0 0
-52.872 0.0 0
-52.862 0.0 0
-52.852 0.0 0
-52.842 0.0 0
-52.832 0.0 0
-52.822 0.0 0
-52.812 0.0 0
-52.802 0.0 0
-52.792 0.0 0
-52.782 0.0 0
-52.772 0.0 0
-52.762 0.0 0
-52.752 0.0 0
-52.742 0.0 0
-52.732 0.0 0
-52.722 0.0 0
-52.712 0.0 0
-52.702 0.0 0
-52.692 0.0 0
-52.682 0.0 0
-52.672 0.0 0
-52.662 0.0 0
-52.652 0.0 0
-52.642 0.0 0
-52.632 0.0 0
-52.622 0.0 0
-52.612 0.0 0
-52.602 0.0 0
-52.592 0.0 0
-52.582 0.0 0
-52.572 0.0 0
-52.562 0.0 0
-52.552 0.0 0
-52.542 0.0 0
-52.532 0.0 0
-52.522 0.0 -3.645e-15
-52.512 0.0 -3.27e-14
-52.502 0.0 -1.056e-13
-52.492 0.0 -2.312e-13
-52.482 0.0 -5.151e-13
-52.472 0.0 -1.088e-12
-52.462 0.0 -2.207e-12
-52.452 0.0 -4.414e-12
-52.442 0.0 -8.78e-12
-52.432 0.0 -1.723e-11
-52.422 0.0 -3.342e-11
-52.412 0.0 -6.417e-11
-52.402 0.0 -1.217e-10
-52.392 0.0 -2.294e-10
-52.382 0.0 -4.255e-10
-52.372 0.0 -7.83e-10
-52.362 0.0 -1.422e-09
-52.352 0.0 -2.567e-09
-52.342 0.0 -4.581e-09
-52.332 0.0 -8.07e-09
-52.322 0.0 -1.408e-08
-52.312 0.0 -2.426e-08
-52.302 0.0 -4.152e-08
-52.292 0.0 -7.021e-08
-52.282 0.0 -1.177e-07
-52.272 0.0 -1.943e-07
-52.262 0.0 -3.187e-07
-52.252 0.0 -5.161e-07
-52.242 0.0 -8.29e-07
-52.232 0.0 -1.312e-06
-52.222 0.0 -2.065e-06
-52.212 0.0 -3.215e-06
-52.202 0.0 -4.936e-06
-52.192 0.0 -7.519e-06
-52.182 0.0 -1.133e-05
-52.172 0.0 -1.685e-05
-52.162 0.0 -2.492e-05
-52.152 0.0 -3.64e-05
-52.142 0.0 -5.265e-05
-52.132 0.0 -7.525e-05
-52.122 0.0 -0.0001066
-52.112 0.0 -0.0001489
-52.102 0.0 -0.0002067
-52.092 0.0 -0.0002838
-52.082 0.0 -0.0003868
-52.072 0.0 -0.0005195
-52.062 0.0 -0.0006916
-52.052 0.0 -0.000912
-52.042 0.0 -0.00119
-52.032 0.0 -0.00154
-52.022 0.0 -0.001969
-52.012 0.0 -0.002489
-52.002 0.0 -0.003122
-51.992 0.0 -0.003868
-51.982 0.0 -0.004758
-51.972 0.0 -0.005785
-51.962 0.0 -0.00698
-51.952 0.0 -0.008332
-51.942 0.0 -0.00984
-51.932 0.0 -0.01151
-51.922 0.0 -0.01341
-51.912 0.0 -0.01534
-51.902 0.0 -0.01747
-51.892 0.0 -0.01972
-51.882 0.0 -0.02207
-51.872 0.0 -0.02443
-51.862 0.0 -0.02679
-51.852 0.0 -0.02924
-51.842 0.0 -0.03149
-51.832 0.0 -0.03372
-51.822 0.0 -0.03584
-51.812 0.0 -0.03773
-51.802 0.0 -0.0394
-51.792 0.0 -0.04084
-51.782 0.0 -0.04205
-51.772 0.0 -0.04293
-51.762 0.0 -0.04357
-51.752 0.0 -0.04388
-51.742 0.0 -0.04396
-51.732 0.0 -0.04371
-51.722 0.0 -0.04323
-51.712 0.0 -0.04242
-51.702 0.0 -0.04148
-51.692 0.0 -0.04033
-51.682 0.0 -0.03905
-51.672 0.0 -0.03757
-51.662 0.0 -0.03607
-51.652 0.0 -0.03447
-51.642 0.0 -0.03276
-51.632 0.0 -0.03106
-51.622 0.0 -0.02936
-51.612 0.0 -0.02776
-51.602 0.0 -0.02607
-51.592 0.0 -0.0245
-51.582 0.0 -0.02303
-51.572 0.0 -0.02158
-51.562 0.0 -0.02033
-51.552 0.0 -0.01901
-51.542 0.0 -0.01789
-51.532 0.0 -0.01679
-51.522 0.0 -0.0158
-51.512 0.0 -0.01492
-51.502 0.0 -0.01405
-51.492 0.0 -0.01329
-51.482 0.0 -0.01264
-51.472 0.0 -0.011994
-51.462 0.0 -0.011352
-51.452 0.0 -0.010784
-51.442 0.0 -0.010238
-51.432 0.0 -0.009714
-51.422 0.0 -0.009221
-51.412 0.0 -0.008728
-51.402 0.0 -0.008254
-51.392 0.0 -0.00779
-51.382 0.0 -0.007335
-51.372 0.0 -0.006879
-51.362 0.0 -0.006432
-51.352 0.0 -0.005994
-51.342 0.0 -0.005556
-51.332 0.0 -0.005128
-51.322 0.0 -0.00472
-51.312 0.0 -0.004323
-51.302 0.0 -0.003937
-51.292 0.0 -0.003562
-51.282 0.0 -0.003208
-51.272 0.0 -0.002876
-51.262 0.0 -0.002567
-51.252 0.0 -0.002269
-51.242 0.0 -0.002003
-51.232 0.0 -0.00176
-51.222 0.0 -0.001528
-51.212 0.0 -0.001329
-51.202 0.0 -0.001141
-51.192 0.0 -0.0009789
-51.182 0.0 -0.0008341
-51.172 0.0 -0.000706
-51.162 0.0 -0.0005943
-51.152 0.0 -0.0004971
-51.142 0.0 -0.000413
-51.132 0.0 -0.0003411
-51.122 0.0 -0.0002801
-51.112 0.0 -0.000229
-51.102 0.0 -0.0001857
-51.092 0.0 -0.0001501
-51.082 0.0 -0.00012
-51.072 0.0 -9.53e-05
-51.062 0.0 -7.516e-05
-51.052 0.0 -5.893e-05
-51.042 0.0 -4.592e-05
-51.032 0.0 -3.547e-05
-51.022 0.0 -2.715e-05
-51.012 0.0 -2.062e-05
-51.002 0.0 -1.564e-05
-50.992 0.0 -1.169e-05
-50.982 0.0 -8.66e-06
-50.972 0.0 -6.382e-06
-50.962 0.0 -4.657e-06
-50.952 0.0 -3.363e-06
-50.942 0.0 -2.418e-06
-50.932 0.0 -1.713e-06
-50.922 0.0 -1.21e-06
-50.912 0.0 -8.43e-07
-50.902 0.0 -5.831e-07
-50.892 0.0 -3.992e-07
-50.882 0.0 -2.711e-07
-50.872 0.0 -1.82e-07
-50.862 0.0 -1.213e-07
-50.852 0.0 -7.97e-08
-50.842 0.0 -5.199e-08
-50.832 0.0 -3.356e-08
-50.822 0.0 -2.153e-08
-50.812 0.0 -1.363e-08
-50.802 0.0 -8.53e-09
-50.792 0.0 -5.301e-09
-50.782 0.0 -3.252e-09
-50.772 0.0 -1.98e-09
-50.762 0.0 -1.19e-09
-50.752 0.0 -7.104e-10
-50.742 0.0 -4.186e-10
-50.732 0.0 -2.447e-10
-50.722 0.0 -1.417e-10
-50.712 0.0 -8.08e-11
-50.702 0.0 -4.569e-11
-50.692 0.0 -2.558e-11
-50.682 0.0 -1.416e-11
-50.672 0.0 -7.791e-12
-50.662 0.0 -4.23e-12
-50.652 0.0 -2.268e-12
-50.642 0.0 -1.207e-12
-50.632 0.0 -6.342e-13
-50.622 0.0 -3.301e-13
-50.612 0.0 -1.706e-13
-50.602 0.0 -8.66e-14
-50.592 0.0 -4.352e-14
-50.582 0.0 -2.169e-14
-50.572 0.0 -1.057e-14
-50.562 0.0 -5.009e-15
-50.552 0.0 -2.283e-15
-50.542 0.0 -9.106e-16
-50.532 0.0 -3.554e-16
-50.522 0.0 -6.3671e-17
-50.512 0.0 0
-50.502 0.0 0
-50.492 0.0 0
-50.482 0.0 0
-50.472 0.0 0
-50.462 0.0 0
-50.452 0.0 0
-50.442 0.0 0
-50.432 0.0 0
-50.422 0.0 0
-50.412 0.0 0
-50.402 0.0 0
-50.392 0.0 0
-50.382 0.0 0
-50.372 0.0 0
-50.362 0.0 0
-50.352 0.0 0
-50.342 0.0 0
-50.332 0.0 0
-50.322 0.0 0
-50.312 0.0 0
-50.302 0.0 0
-50.292 0.0 0
-50.282 0.0 0
-50.272 0.0 0
-50.262 0.0 0
-50.252 0.0 0
-50.242 0.0 0
-50.232 0.0 0
-50.222 0.0 0
-50.212 0.0 0
-50.202 0.0 0
-50.192 0.0 0
-50.182 0.0 0
-50.172 0.0 0
-50.162 0.0 0
-50.152 0.0 0
-50.142 0.0 0
-50.132 0.0 0
-50.122 0.0 0
-50.112 0.0 0
-50.102 0.0 0
-50.092 0.0 0
-50.082 0.0 0
-50.072 0.0 0
-50.062 0.0 0
-50.052 0.0 0
-50.042 0.0 0
-50.032 0.0 0
-50.022 0.0 0
-50.012 0.0 0
-50.002 0.0 0
-49.992 0.0 0
-49.982 0.0 0
-49.972 0.0 0
-49.962 0.0 0
-49.952 0.0 0
-49.942 0.0 0
-49.932 0.0 0
-49.922 0.0 0
-49.912 0.0 0
-49.902 0.0 0
-49.892 0.0 0
-49.882 0.0 0
-49.872 0.0 0
-49.862 0.0 0
-49.852 0.0 0
-49.842 0.0 0
-49.832 0.0 0
-49.822 0.0 0
-49.812 0.0 0
-49.802 0.0 0
-49.792 0.0 0
-49.782 0.0 0
-49.772 0.0 0
-49.762 0.0 0
-49.752 0.0 0
-49.742 0.0 0
-49.732 0.0 0
-49.722 0.0 0
-49.712 0.0 0
-49.702 0.0 0
-49.692 0.0 0
-49.682 0.0 0
-49.672 0.0 0
-49.662 0.0 0
-49.652 0.0 0
-49.642 0.0 0
-49.632 0.0 0
-49.622 0.0 0
-49.612 0.0 0
-49.602 0.0 0
-49.592 0.0 0
-49.582 0.0 0
-49.572 0.0 0
-49.562 0.0 0
-49.552 0.0 0
-49.542 0.0 0
-49.532 0.0 0
-49.522 0.0 0
-49.512 0.0 0
-49.502 0.0 0
-49.492 0.0 0
-49.482 0.0 0
-49.472 0.0 0
-49.462 0.0 0
-49.452 0.0 0
-49.442 0.0 0
-49.432 0.0 0
-49.422 0.0 0
-49.412 0.0 0
-49.402 0.0 0
-49.392 0.0 0
-49.382 0.0 0
-49.372 0.0 0
-49.362 0.0 0
-49.352 0.0 0
-49.342 0.0 0
-49.332 0.0 0
-49.322 0.0 0
-49.312 0.0 0
-49.302 0.0 0
-49.292 0.0 0
-49.282 0.0 0
-49.272 0.0 0
-49.262 0.0 0
-49.252 0.0 0
-49.242 0.0 0
-49.232 0.0 0
-49.222 0.0 0
-49.212 0.0 0
-49.202 0.0 0
-49.192 0.0 0
-49.182 0.0 0
-49.172 0.0 0
-49.162 0.0 0
-49.152 0.0 0
-49.142 0.0 0
-49.132 0.0 0
-49.122 0.0 0
-49.112 0.0 0
-49.102 0.0 0
-49.092 0.0 0
-49.082 0.0 0
-49.072 0.0 0
-49.062 0.0 0
-49.052 0.0 0
-49.042 0.0 0
-49.032 0.0 0
-49.022 0.0 0
-49.012 0.0 0
-49.002 0.0 0
-48.992 0.0 0
-48.982 0.0 0
-48.972 0.0 0
-48.962 0.0 0
-48.952 0.0 0
-48.942 0.0 0
-48.932 0.0 0
-48.922 0.0 0
-48.912 0.0 0
-48.902 0.0 0
-48.892 0.0 0
-48.882 0.0 0
-48.872 0.0 0
-48.862 0.0 0
-48.852 0.0 0
-48.842 0.0 0
-48.832 0.0 0
-48.822 0.0 0
-48.812 0.0 0
-48.802 0.0 0
-48.792 0.0 0
-48.782 0.0 0
-48.772 0.0 0
-48.762 0.0 0
-48.752 0.0 0
-48.742 0.0 0
-48.732 0.0 0
-48.722 0.0 0
-48.712 0.0 0
-48.702 0.0 0
-48.692 0.0 0
-48.682 0.0 0
-48.672 0.0 0
-48.662 0.0 0
-48.652 0.0 0
-48.642 0.0 0
-48.632 0.0 0
-48.622 0.0 0
-48.612 0.0 0
-48.602 0.0 0
-48.592 0.0 0
-48.582 0.0 0
-48.572 0.0 0
-48.562 0.0 0
-48.552 0.0 0
-48.542 0.0 0
-48.532 0.0 0
-48.522 0.0 0
-48.512 0.0 0
-48.502 0.0 0
-48.492 0.0 0
-48.482 0.0 0
-48.472 0.0 0
-48.462 0.0 0
-48.452 0.0 0
-48.442 0.0 0
-48.432 0.0 0
-48.422 0.0 0
-48.412 0.0 0
-48.402 0.0 0
-48.392 0.0 0
-48.382 0.0 0
-48.372 0.0 0
-48.362 0.0 0
-48.352 0.0 0
-48.342 0.0 0
-48.332 0.0 0
-48.322 0.0 0
-48.312 0.0 0
-48.302 0.0 0
-48.292 0.0 0
-48.282 0.0 0
-48.272 0.0 0
-48.262 0.0 0
-48.252 0.0 0
-48.242 0.0 0
-48.232 0.0 0
-48.222 0.0 0
-48.212 0.0 0
-48.202 0.0 0
-48.192 0.0 0
-48.182 0.0 0
-48.172 0.0 0
-48.162 0.0 0
-48.152 0.0 0
-48.142 0.0 0
-48.132 0.0 0
-48.122 0.0 0
-48.112 0.0 0
-48.102 0.0 0
-48.092 0.0 0
-48.082 0.0 0
-48.072 0.0 0
-48.062 0.0 0
-48.052 0.0 0
-48.042 0.0 0
-48.032 0.0 0
-48.022 0.0 0
-48.012 0.0 0
-48.002 0.0 0
-47.992 0.0 0
-47.982 0.0 0
-47.972 0.0 0
-47.962 0.0 0
-47.952 0.0 0
-47.942 0.0 0
-47.932 0.0 0
-47.922 0.0 0
-47.912 0.0 0
-47.902 0.0 0
-47.892 0.0 0
-47.882 0.0 0
-47.872 0.0 0
-47.862 0.0 0
-47.852 0.0 0
-47.842 0.0 0
-47.832 0.0 0
-47.822 0.0 0
-47.812 0.0 0
-47.802 0.0 0
-47.792 0.0 0
-47.782 0.0 0
-47.772 0.0 0
-47.762 0.0 0
-47.752 0.0 0
-47.742 0.0 0
-47.732 0.0 0
-47.722 0.0 0
-47.712 0.0 0
-47.702 0.0 0
-47.692 0.0 0
-47.682 0.0 0
-47.672 0.0 0
-47.662 0.0 0
-47.652 0.0 0
-47.642 0.0 0
-47.632 0.0 0
-47.622 0.0 0
-47.612 0.0 0
-47.602 0.0 0
-47.592 0.0 0
-47.582 0.0 0
-47.572 0.0 0
-47.562 0.0 0
-47.552 0.0 0
-47.542 0.0 0
-47.532 0.0 0
-47.522 0.0 0
-47.512 0.0 0
-47.502 0.0 0
-47.492 0.0 0
-47.482 0.0 0
-47.472 0.0 0
-47.462 0.0 0
-47.452 0.0 0
-47.442 0.0 0
-47.432 0.0 0
-47.422 0.0 0
-47.412 0.0 0
-47.402 0.0 0
-47.392 0.0 0
-47.382 0.0 0
-47.372 0.0 0
-47.362 0.0 0
-47.352 0.0 0
-47.342 0.0 0
-47.332 0.0 0
-47.322 0.0 0
-47.312 0.0 0
-47.302 0.0 0
-47.292 0.0 0
-47.282 0.0 0
-47.272 0.0 0
-47.262 0.0 0
-47.252 0.0 0
-47.242 0.0 0
-47.232 0.0 0
-47.222 0.0 0
-47.212 0.0 0
-47.202 0.0 0
-47.192 0.0 0
-47.182 0.0 0
-47.172 0.0 0
-47.162 0.0 0
-47.152 0.0 0
-47.142 0.0 0
-47.132 0.0 0
-47.122 0.0 0
-47.112 0.0 0
-47.102 0.0 0
-47.092 0.0 0
-47.082 0.0 0
-47.072 0.0 0
-47.062 0.0 0
-47.052 0.0 0
-47.042 0.0 0
-47.032 0.0 0
-47.022 0.0 0
-47.012 0.0 0
-47.002 0.0 0
-46.992 0.0 0
-46.982 0.0 0
-46.972 0.0 0
-46.962 0.0 0
-46.952 0.0 0
-46.942 0.0 0
-46.932 0.0 0
-46.922 0.0 0
-46.912 0.0 0
-46.902 0.0 0
-46.892 0.0 0
-46.882 0.0 0
-46.872 0.0 0
-46.862 0.0 0
-46.852 0.0 0
-46.842 0.0 0
-46.832 0.0 0
-46.822 0.0 0
-46.812 0.0 0
-46.802 0.0 0
-46.792 0.0 0
-46.782 0.0 0
-46.772 0.0 0
-46.762 0.0 0
-46.752 0.0 0
-46.742 0.0 0
-46.732 0.0 0
-46.722 0.0 0
-46.712 0.0 0
-46.702 0.0 0
-46.692 0.0 0
-46.682 0.0 0
-46.672 0.0 0
-46.662 0.0 0
-46.652 0.0 0
-46.642 0.0 0
-46.632 0.0 0
-46.622 0.0 0
-46.612 0.0 0
-46.602 0.0 0
-46.592 0.0 0
-46.582 0.0 0
-46.572 0.0 0
-46.562 0.0 0
-46.552 0.0 0
-46.542 0.0 0
-46.532 0.0 0
-46.522 0.0 0
-46.512 0.0 0
-46.502 0.0 0
-46.492 0.0 0
-46.482 0.0 0
-46.472 0.0 0
-46.462 0.0 0
-46.452 0.0 0
-46.442 0.0 0
-46.432 0.0 0
-46.422 0.0 0
-46.412 0.0 0
-46.402 0.0 0
-46.392 0.0 0
-46.382 0.0 0
-46.372 0.0 0
-46.362 0.0 0
-46.352 0.0 0
-46.342 0.0 0
-46.332 0.0 0
-46.322 0.0 0
-46.312 0.0 0
-46.302 0.0 0
-46.292 0.0 0
-46.282 0.0 0
-46.272 0.0 0
-46.262 0.0 0
-46.252 0.0 0
-46.242 0.0 0
-46.232 0.0 0
-46.222 0.0 0
-46.212 0.0 0
-46.202 0.0 0
-46.192 0.0 0
-46.182 0.0 0
-46.172 0.0 0
-46.162 0.0 0
-46.152 0.0 0
-46.142 0.0 0
-46.132 0.0 0
-46.122 0.0 0
-46.112 0.0 0
-46.102 0.0 0
-46.092 0.0 0
-46.082 0.0 0
-46.072 0.0 0
-46.062 0.0 0
-46.052 0.0 0
-46.042 0.0 0
-46.032 0.0 0
-46.022 0.0 0
-46.012 0.0 0
-46.002 0.0 0
-45.992 0.0 0
-45.982 0.0 0
-45.972 0.0 0
-45.962 0.0 0
-45.952 0.0 0
-45.942 0.0 0
-45.932 0.0 0
-45.922 0.0 0
-45.912 0.0 0
-45.902 0.0 0
-45.892 0.0 0
-45.882 0.0 0
-45.872 0.0 0
-45.862 0.0 0
-45.852 0.0 0
-45.842 0.0 0
-45.832 0.0 0
-45.822 0.0 0
-45.812 0.0 0
-45.802 0.0 0
-45.792 0.0 0
-45.782 0.0 0
-45.772 0.0 0
-45.762 0.0 0
-45.752 0.0 0
-45.742 0.0 0
-45.732 0.0 0
-45.722 0.0 0
-45.712 0.0 0
-45.702 0.0 0
-45.692 0.0 0
-45.682 0.0 0
-45.672 0.0 0
-45.662 0.0 0
-45.652 0.0 0
-45.642 0.0 0
-45.632 0.0 0
-45.622 0.0 0
-45.612 0.0 0
-45.602 0.0 0
-45.592 0.0 0
-45.582 0.0 0
-45.572 0.0 0
-45.562 0.0 0
-45.552 0.0 0
-45.542 0.0 0
-45.532 0.0 0
-45.522 0.0 0
-45.512 0.0 0
-45.502 0.0 0
-45.492 0.0 0
-45.482 0.0 0
-45.472 0.0 0
-45.462 0.0 0
-45.452 0.0 0
-45.442 0.0 0
-45.432 0.0 0
-45.422 0.0 0
-45.412 0.0 0
-45.402 0.0 0
-45.392 0.0 0
-45.382 0.0 0
-45.372 0.0 0
-45.362 0.0 0
-45.352 0.0 0
-45.342 0.0 0
-45.332 0.0 0
-45.322 0.0 0
-45.312 0.0 0
-45.302 0.0 0
-45.292 0.0 0
-45.282 0.0 0
-45.272 0.0 0
-45.262 0.0 0
-45.252 0.0 0
-45.242 0.0 0
-45.232 0.0 0
-45.222 0.0 0
-45.212 0.0 0
-45.202 0.0 0
-45.192 0.0 0
-45.182 0.0 0
-45.172 0.0 0
-45.162 0.0 0
-45.152 0.0 0
-45.142 0.0 0
-45.132 0.0 0
-45.122 0.0 0
-45.112 0.0 0
-45.102 0.0 0
-45.092 0.0 0
-45.082 0.0 0
-45.072 0.0 0
-45.062 0.0 0
-45.052 0.0 0
-45.042 0.0 0
-45.032 0.0 0
-45.022 0.0 0
-45.012 0.0 0
-45.002 0.0 0
-44.992 0.0 0
-44.982 0.0 0
-44.972 0.0 0
-44.962 0.0 0
-44.952 0.0 0
-44.942 0.0 0
-44.932 0.0 0
-44.922 0.0 0
-44.912 0.0 0
-44.902 0.0 0
-44.892 0.0 0
-44.882 0.0 0
-44.872 0.0 0
-44.862 0.0 0
-44.852 0.0 0
-44.842 0.0 0
-44.832 0.0 0
-44.822 0.0 0
-44.812 0.0 0
-44.802 0.0 0
-44.792 0.0 0
-44.782 0.0 0
-44.772 0.0 0
-44.762 0.0 0
-44.752 0.0 0
-44.742 0.0 0
-44.732 0.0 0
-44.722 0.0 0
-44.712 0.0 0
-44.702 0.0 0
-44.692 0.0 0
-44.682 0.0 0
-44.672 0.0 0
-44.662 0.0 0
-44.652 0.0 0
-44.642 0.0 0
-44.632 0.0 0
-44.622 0.0 0
-44.612 0.0 0
-44.602 0.0 0
-44.592 0.0 0
-44.582 0.0 0
-44.572 0.0 0
-44.562 0.0 0
-44.552 0.0 0
-44.542 0.0 0
-44.532 0.0 0
-44.522 0.0 0
-44.512 0.0 0
-44.502 0.0 0
-44.492 0.0 0
-44.482 0.0 0
-44.472 0.0 0
-44.462 0.0 0
-44.452 0.0 0
-44.442 0.0 0
-44.432 0.0 0
-44.422 0.0 0
-44.412 0.0 0
-44.402 0.0 0
-44.392 0.0 0
-44.382 0.0 0
-44.372 0.0 0
-44.362 0.0 0
-44.352 0.0 0
-44.342 0.0 0
-44.332 0.0 0
-44.322 0.0 0
-44.312 0.0 0
-44.302 0.0 0
-44.292 0.0 0
-44.282 0.0 0
-44.272 0.0 0
-44.262 0.0 0
-44.252 0.0 0
-44.242 0.0 0
-44.232 0.0 0
-44.222 0.0 0
-44.212 0.0 0
-44.202 0.0 0
-44.192 0.0 0
-44.182 0.0 0
-44.172 0.0 0
-44.162 0.0 0
-44.152 0.0 0
-44.142 0.0 0
-44.132 0.0 0
-44.122 0.0 0
-44.112 0.0 0
-44.102 0.0 0
-44.092 0.0 0
-44.082 0.0 0
-44.072 0.0 0
-44.062 0.0 0
-44.052 0.0 0
-44.042 0.0 0
-44.032 0.0 0
-44.022 0.0 0
-44.012 0.0 0
-44.002 0.0 0
-43.992 0.0 0
-43.982 0.0 0
-43.972 0.0 0
-43.962 0.0 0
-43.952 0.0 0
-43.942 0.0 0
-43.932 0.0 0
-43.922 0.0 0
-43.912 0.0 0
-43.902 0.0 0
-43.892 0.0 0
-43.882 0.0 0
-43.872 0.0 0
-43.862 0.0 0
-43.852 0.0 0
-43.842 0.0 0
-43.832 0.0 0
-43.822 0.0 0
-43.812 0.0 0
-43.802 0.0 0
-43.792 0.0 0
-43.782 0.0 0
-43.772 0.0 0
-43.762 0.0 0
-43.752 0.0 0
-43.742 0.0 0
-43.732 0.0 0
-43.722 0.0 0
-43.712 0.0 0
-43.702 0.0 0
-43.692 0.0 0
-43.682 0.0 0
-43.672 0.0 0
-43.662 0.0 0
-43.652 0.0 0
-43.642 0.0 0
-43.632 0.0 0
-43.622 0.0 0
-43.612 0.0 0
-43.602 0.0 0
-43.592 0.0 0
-43.582 0.0 0
-43.572 0.0 0
-43.562 0.0 0
-43.552 0.0 0
-43.542 0.0 0
-43.532 0.0 0
-43.522 0.0 0
-43.512 0.0 0
-43.502 0.0 0
-43.492 0.0 0
-43.482 0.0 0
-43.472 0.0 0
-43.462 0.0 0
-43.452 0.0 0
-43.442 0.0 0
-43.432 0.0 0
-43.422 0.0 0
-43.412 0.0 0
-43.402 0.0 0
-43.392 0.0 0
-43.382 0.0 0
-43.372 0.0 0
-43.362 0.0 0
-43.352 0.0 0
-43.342 0.0 0
-43.332 0.0 0
-43.322 0.0 0
-43.312 0.0 0
-43.302 0.0 0
-43.292 0.0 0
-43.282 0.0 0
-43.272 0.0 0
-43.262 0.0 0
-43.252 0.0 0
-43.242 0.0 0
-43.232 0.0 0
-43.222 0.0 0
-43.212 0.0 0
-43.202 0.0 0
-43.192 0.0 0
-43.182 0.0 0
-43.172 0.0 0
-43.162 0.0 0
-43.152 0.0 0
-43.142 0.0 0
-43.132 0.0 0
-43.122 0.0 0
-43.112 0.0 0
-43.102 0.0 0
-43.092 0.0 0
-43.082 0.0 0
-43.072 0.0 0
-43.062 0.0 0
-43.052 0.0 0
-43.042 0.0 0
-43.032 0.0 0
-43.022 0.0 0
-43.012 0.0 0
-43.002 0.0 0
-42.992 0.0 0
-42.982 0.0 0
-42.972 0.0 0
-42.962 0.0 0
-42.952 0.0 0
-42.942 0.0 0
-42.932 0.0 0
-42.922 0.0 0
-42.912 0.0 0
-42.902 0.0 0
-42.892 0.0 0
-42.882 0.0 0
-42.872 0.0 0
-42.862 0.0 0
-42.852 0.0 0
-42.842 0.0 0
-42.832 0.0 0
-42.822 0.0 0
-42.812 0.0 0
-42.802 0.0 0
-42.792 0.0 0
-42.782 0.0 0
-42.772 0.0 0
-42.762 0.0 0
-42.752 0.0 0
-42.742 0.0 0
-42.732 0.0 0
-42.722 0.0 0
-42.712 0.0 0
-42.702 0.0 0
-42.692 0.0 0
-42.682 0.0 0
-42.672 0.0 0
-42.662 0.0 0
-42.652 0.0 0
-42.642 0.0 0
-42.632 0.0 0
-42.622 0.0 0
-42.612 0.0 0
-42.602 0.0 0
-42.592 0.0 0
-42.582 0.0 0
-42.572 0.0 0
-42.562 0.0 0
-42.552 0.0 0
-42.542 0.0 0
-42.532 0.0 0
-42.522 0.0 0
-42.512 0.0 0
-42.502 0.0 0
-42.492 0.0 0
-42.482 0.0 0
-42.472 0.0 0
-42.462 0.0 0
-42.452 0.0 0
-42.442 0.0 0
-42.432 0.0 0
-42.422 0.0 0
-42.412 0.0 0
-42.402 0.0 0
-42.392 0.0 0
-42.382 0.0 0
-42.372 0.0 0
-42.362 0.0 0
-42.352 0.0 0
-42.342 0.0 0
-42.332 0.0 0
-42.322 0.0 0
-42.312 0.0 0
-42.302 0.0 0
-42.292 0.0 0
-42.282 0.0 0
-42.272 0.0 0
-42.262 0.0 0
-42.252 0.0 0
-42.242 0.0 0
-42.232 0.0 0
-42.222 0.0 0
-42.212 0.0 0
-42.202 0.0 0
-42.192 0.0 0
-42.182 0.0 0
-42.172 0.0 0
-42.162 0.0 0
-42.152 0.0 0
-42.142 0.0 0
-42.132 0.0 0
-42.122 0.0 0
-42.112 0.0 0
-42.102 0.0 0
-42.092 0.0 0
-42.082 0.0 0
-42.072 0.0 0
-42.062 0.0 0
-42.052 0.0 0
-42.042 0.0 0
-42.032 0.0 0
-42.022 0.0 0
-42.012 0.0 0
-42.002 0.0 0
-41.992 0.0 0
-41.982 0.0 0
-41.972 0.0 0
-41.962 0.0 0
-41.952 0.0 0
-41.942 0.0 0
-41.932 0.0 0
-41.922 0.0 0
-41.912 0.0 0
-41.902 0.0 0
-41.892 0.0 0
-41.882 0.0 0
-41.872 0.0 0
-41.862 0.0 0
-41.852 0.0 0
-41.842 0.0 0
-41.832 0.0 0
-41.822 0.0 0
-41.812 0.0 0
-41.802 0.0 0
-41.792 0.0 0
-41.782 0.0 0
-41.772 0.0 0
-41.762 0.0 0
-41.752 0.0 0
-41.742 0.0 0
-41.732 0.0 0
-41.722 0.0 0
-41.712 0.0 0
-41.702 0.0 0
-41.692 0.0 0
-41.682 0.0 0
-41.672 0.0 0
-41.662 0.0 0
-41.652 0.0 0
-41.642 0.0 0
-41.632 0.0 0
-41.622 0.0 0
-41.612 0.0 0
-41.602 0.0 0
-41.592 0.0 0
-41.582 0.0 0
-41.572 0.0 0
-41.562 0.0 0
-41.552 0.0 0
-41.542 0.0 0
-41.532 0.0 0
-41.522 0.0 0
-41.512 0.0 0
-41.502 0.0 0
-41.492 0.0 0
-41.482 0.0 0
-41.472 0.0 0
-41.462 0.0 0
-41.452 0.0 0
-41.442 0.0 0
-41.432 0.0 0
-41.422 0.0 0
-41.412 0.0 0
-41.402 0.0 0
-41.392 0.0 0
-41.382 0.0 0
-41.372 0.0 0
-41.362 0.0 0
-41.352 0.0 0
-41.342 0.0 0
-41.332 0.0 0
-41.322 0.0 0
-41.312 0.0 0
-41.302 0.0 0
-41.292 0.0 0
-41.282 0.0 0
-41.272 0.0 0
-41.262 0.0 0
-41.252 0.0 0
-41.242 0.0 0
-41.232 0.0 0
-41.222 0.0 0
-41.212 0.0 0
-41.202 0.0 0
-41.192 0.0 0
-41.182 0.0 0
-41.172 0.0 0
-41.162 0.0 0
-41.152 0.0 0
-41.142 0.0 0
-41.132 0.0 0
-41.122 0.0 0
-41.112 0.0 0
-41.102 0.0 0
-41.092 0.0 0
-41.082 0.0 0
-41.072 0.0 0
-41.062 0.0 0
-41.052 0.0 0
-41.042 0.0 0
-41.032 0.0 0
-41.022 0.0 0
-41.012 0.0 0
-41.002 0.0 0
-40.992 0.0 0
-40.982 0.0 0
-40.972 0.0 0
-40.962 0.0 0
-40.952 0.0 0
-40.942 0.0 0
-40.932 0.0 0
-40.922 0.0 0
-40.912 0.0 0
-40.902 0.0 0
-40.892 0.0 0
-40.882 0.0 0
-40.872 0.0 0
-40.862 0.0 0
-40.852 0.0 0
-40.842 0.0 0
-40.832 0.0 0
-40.822 0.0 0
-40.812 0.0 0
-40.802 0.0 0
-40.792 0.0 0
-40.782 0.0 0
-40.772 0.0 0
-40.762 0.0 0
-40.752 0.0 0
-40.742 0.0 0
-40.732 0.0 0
-40.722 0.0 0
-40.712 0.0 0
-40.702 0.0 0
-40.692 0.0 0
-40.682 0.0 0
-40.672 0.0 0
-40.662 0.0 0
-40.652 0.0 0
-40.642 0.0 0
-40.632 0.0 0
-40.622 0.0 0
-40.612 0.0 0
-40.602 0.0 0
-40.592 0.0 0
-40.582 0.0 0
-40.572 0.0 0
-40.562 0.0 0
-40.552 0.0 0
-40.542 0.0 0
-40.532 0.0 0
-40.522 0.0 0
-40.512 0.0 0
-40.502 0.0 0
-40.492 0.0 0
-40.482 0.0 0
-40.472 0.0 0
-40.462 0.0 0
-40.452 0.0 0
-40.442 0.0 0
-40.432 0.0 0
-40.422 0.0 0
-40.412 0.0 0
-40.402 0.0 0
-40.392 0.0 0
-40.382 0.0 0
-40.372 0.0 0
-40.362 0.0 0
-40.352 0.0 0
-40.342 0.0 0
-40.332 0.0 0
-40.322 0.0 0
-40.312 0.0 0
-40.302 0.0 0
-40.292 0.0 0
-40.282 0.0 0
-40.272 0.0 0
-40.262 0.0 0
-40.252 0.0 0
-40.242 0.0 0
-40.232 0.0 0
-40.222 0.0 0
-40.212 0.0 0
-40.202 0.0 0
-40.192 0.0 0
-40.182 0.0 0
-40.172 0.0 0
-40.162 0.0 0
-40.152 0.0 0
-40.142 0.0 0
-40.132 0.0 0
-40.122 0.0 0
-40.112 0.0 0
-40.102 0.0 0
-40.092 0.0 0
-40.082 0.0 0
-40.072 0.0 0
-40.062 0.0 0
-40.052 0.0 0
-40.042 0.0 0
-40.032 0.0 0
-40.022 0.0 0
-40.012 0.0 0
-40.002 0.0 0
-39.992 0.0 0
-39.982 0.0 0
-39.972 0.0 0
-39.962 0.0 0
-39.952 0.0 0
-39.942 0.0 0
-39.932 0.0 0
-39.922 0.0 0
-39.912 0.0 0
-39.902 0.0 0
-39.892 0.0 0
-39.882 0.0 0
-39.872 0.0 0
-39.862 0.0 0
-39.852 0.0 0
-39.842 0.0 0
-39.832 0.0 0
-39.822 0.0 0
-39.812 0.0 0
-39.802 0.0 0
-39.792 0.0 0
-39.782 0.0 0
-39.772 0.0 0
-39.762 0.0 0
-39.752 0.0 0
-39.742 0.0 0
-39.732 0.0 0
-39.722 0.0 0
-39.712 0.0 0
-39.702 0.0 0
-39.692 0.0 0
-39.682 0.0 0
-39.672 0.0 0
-39.662 0.0 0
-39.652 0.0 0
-39.642 0.0 0
-39.632 0.0 0
-39.622 0.0 0
-39.612 0.0 0
-39.602 0.0 0
-39.592 0.0 0
-39.582 0.0 0
-39.572 0.0 0
-39.562 0.0 0
-39.552 0.0 0
-39.542 0.0 0
-39.532 0.0 0
-39.522 0.0 0
-39.512 0.0 0
-39.502 0.0 0
-39.492 0.0 0
-39.482 0.0 0
-39.472 0.0 0
-39.462 0.0 0
-39.452 0.0 0
-39.442 0.0 0
-39.432 0.0 0
-39.422 0.0 0
-39.412 0.0 0
-39.402 0.0 0
-39.392 0.0 0
-39.382 0.0 0
-39.372 0.0 0
-39.362 0.0 0
-39.352 0.0 0
-39.342 0.0 0
-39.332 0.0 0
-39.322 0.0 0
-39.312 0.0 0
-39.302 0.0 0
-39.292 0.0 0
-39.282 0.0 0
-39.272 0.0 0
-39.262 0.0 0
-39.252 0.0 0
-39.242 0.0 0
-39.232 0.0 0
-39.222 0.0 0
-39.212 0.0 0
-39.202 0.0 0
-39.192 0.0 0
-39.182 0.0 0
-39.172 0.0 0
-39.162 0.0 0
-39.152 0.0 0
-39.142 0.0 0
-39.132 0.0 0
-39.122 0.0 0
-39.112 0.0 0
-39.102 0.0 0
-39.092 0.0 0
-39.082 0.0 0
-39.072 0.0 0
-39.062 0.0 0
-39.052 0.0 0
-39.042 0.0 0
-39.032 0.0 0
-39.022 0.0 0
-39.012 0.0 0
-39.002 0.0 0
-38.992 0.0 0
-38.982 0.0 0
-38.972 0.0 0
-38.962 0.0 0
-38.952 0.0 0
-38.942 0.0 0
-38.932 0.0 0
-38.922 0.0 0
-38.912 0.0 0
-38.902 0.0 0
-38.892 0.0 0
-38.882 0.0 0
-38.872 0.0 0
-38.862 0.0 0
-38.852 0.0 0
-38.842 0.0 0
-38.832 0.0 0
-38.822 0.0 0
-38.812 0.0 0
-38.802 0.0 0
-38.792 0.0 0
-38.782 0.0 0
-38.772 0.0 0
-38.762 0.0 0
-38.752 0.0 0
-38.742 0.0 0
-38.732 0.0 0
-38.722 0.0 0
-38.712 0.0 0
-38.702 0.0 0
-38.692 0.0 0
-38.682 0.0 0
-38.672 0.0 0
-38.662 0.0 0
-38.652 0.0 0
-38.642 0.0 0
-38.632 0.0 0
-38.622 0.0 0
-38.612 0.0 0
-38.602 0.0 0
-38.592 0.0 0
-38.582 0.0 0
-38.572 0.0 0
-38.562 0.0 0
-38.552 0.0 0
-38.542 0.0 0
-38.532 0.0 0
-38.522 0.0 0
-38.512 0.0 0
-38.502 0.0 0
-38.492 0.0 0
-38.482 0.0 0
-38.472 0.0 0
-38.462 0.0 0
-38.452 0.0 0
-38.442 0.0 0
-38.432 0.0 0
-38.422 0.0 0
-38.412 0.0 0
-38.402 0.0 0
-38.392 0.0 0
-38.382 0.0 0
-38.372 0.0 0
-38.362 0.0 0
-38.352 0.0 0
-38.342 0.0 0
-38.332 0.0 0
-38.322 0.0 0
-38.312 0.0 0
-38.302 0.0 0
-38.292 0.0 0
-38.282 0.0 0
-38.272 0.0 0
-38.262 0.0 0
-38.252 0.0 0
-38.242 0.0 0
-38.232 0.0 0
-38.222 0.0 0
-38.212 0.0 0
-38.202 0.0 0
-38.192 0.0 0
-38.182 0.0 0
-38.172 0.0 0
-38.162 0.0 0
-38.152 0.0 0
-38.142 0.0 0
-38.132 0.0 0
-38.122 0.0 0
-38.112 0.0 0
-38.102 0.0 0
-38.092 0.0 0
-38.082 0.0 0
-38.072 0.0 0
-38.062 0.0 0
-38.052 0.0 0
-38.042 0.0 0
-38.032 0.0 0
-38.022 0.0 0
-38.012 0.0 0
-38.002 0.0 0
-37.992 0.0 0
-37.982 0.0 0
-37.972 0.0 0
-37.962 0.0 0
-37.952 0.0 0
-37.942 0.0 0
-37.932 0.0 0
-37.922 0.0 0
-37.912 0.0 0
-37.902 0.0 0
-37.892 0.0 0
-37.882 0.0 0
-37.872 0.0 0
-37.862 0.0 0
-37.852 0.0 0
-37.842 0.0 0
-37.832 0.0 0
-37.822 0.0 0
-37.812 0.0 0
-37.802 0.0 0
-37.792 0.0 0
-37.782 0.0 0
-37.772 0.0 0
-37.762 0.0 0
-37.752 0.0 0
-37.742 0.0 0
-37.732 0.0 0
-37.722 0.0 0
-37.712 0.0 0
-37.702 0.0 0
-37.692 0.0 0
-37.682 0.0 0
-37.672 0.0 0
-37.662 0.0 0
-37.652 0.0 0
-37.642 0.0 0
-37.632 0.0 0
-37.622 0.0 0
-37.612 0.0 0
-37.602 0.0 0
-37.592 0.0 0
-37.582 0.0 0
-37.572 0.0 0
-37.562 0.0 0
-37.552 0.0 0
-37.542 0.0 0
-37.532 0.0 0
-37.522 0.0 0
-37.512 0.0 0
-37.502 0.0 0
-37.492 0.0 0
-37.482 0.0 0
-37.472 0.0 0
-37.462 0.0 0
-37.452 0.0 0
-37.442 0.0 0
-37.432 0.0 0
-37.422 0.0 0
-37.412 0.0 0
-37.402 0.0 0
-37.392 0.0 0
-37.382 0.0 0
-37.372 0.0 0
-37.362 0.0 0
-37.352 0.0 0
-37.342 0.0 0
-37.332 0.0 0
-37.322 0.0 0
-37.312 0.0 0
-37.302 0.0 0
-37.292 0.0 0
-37.282 0.0 0
-37.272 0.0 0
-37.262 0.0 0
-37.252 0.0 0
-37.242 0.0 0
-37.232 0.0 0
-37.222 0.0 0
-37.212 0.0 0
-37.202 0.0 0
-37.192 0.0 0
-37.182 0.0 0
-37.172 0.0 0
-37.162 0.0 0
-37.152 0.0 0
-37.142 0.0 0
-37.132 0.0 0
-37.122 0.0 0
-37.112 0.0 0
-37.102 0.0 0
-37.092 0.0 0
-37.082 0.0 0
-37.072 0.0 0
-37.062 0.0 0
-37.052 0.0 0
-37.042 0.0 0
-37.032 0.0 0
-37.022 0.0 0
-37.012 0.0 0
-37.002 0.0 0
-36.992 0.0 0
-36.982 0.0 0
-36.972 0.0 0
-36.962 0.0 0
-36.952 0.0 0
-36.942 0.0 0
-36.932 0.0 0
-36.922 0.0 0
-36.912 0.0 0
-36.902 0.0 0
-36.892 0.0 0
-36.882 0.0 0
-36.872 0.0 0
-36.862 0.0 0
-36.852 0.0 0
-36.842 0.0 0
-36.832 0.0 0
-36.822 0.0 0
-36.812 0.0 0
-36.802 0.0 0
-36.792 0.0 0
-36.782 0.0 0
-36.772 0.0 0
-36.762 0.0 0
-36.752 0.0 0
-36.742 0.0 0
-36.732 0.0 0
-36.722 0.0 0
-36.712 0.0 0
-36.702 0.0 0
-36.692 0.0 0
-36.682 0.0 0
-36.672 0.0 0
-36.662 0.0 0
-36.652 0.0 0
-36.642 0.0 0
-36.632 0.0 0
-36.622 0.0 0
-36.612 0.0 0
-36.602 0.0 0
-36.592 0.0 0
-36.582 0.0 0
-36.572 0.0 0
-36.562 0.0 0
-36.552 0.0 0
-36.542 0.0 0
-36.532 0.0 0
-36.522 0.0 0
-36.512 0.0 0
-36.502 0.0 0
-36.492 0.0 0
-36.482 0.0 0
-36.472 0.0 0
-36.462 0.0 0
-36.452 0.0 0
-36.442 0.0 0
-36.432 0.0 0
-36.422 0.0 0
-36.412 0.0 0
-36.402 0.0 0
-36.392 0.0 0
-36.382 0.0 0
-36.372 0.0 0
-36.362 0.0 0
-36.352 0.0 0
-36.342 0.0 0
-36.332 0.0 0
-36.322 0.0 0
-36.312 0.0 0
-36.302 0.0 0
-36.292 0.0 0
-36.282 0.0 0
-36.272 0.0 0
-36.262 0.0 0
-36.252 0.0 0
-36.242 0.0 0
-36.232 0.0 0
-36.222 0.0 0
-36.212 0.0 0
-36.202 0.0 0
-36.192 0.0 0
-36.182 0.0 0
-36.172 0.0 0
-36.162 0.0 0
-36.152 0.0 0
-36.142 0.0 0
-36.132 0.0 0
-36.122 0.0 0
-36.112 0.0 0
-36.102 0.0 0
-36.092 0.0 0
-36.082 0.0 0
-36.072 0.0 0
-36.062 0.0 0
-36.052 0.0 0
-36.042 0.0 0
-36.032 0.0 0
-36.022 0.0 0
-36.012 0.0 0
-36.002 0.0 0
-35.992 0.0 0
-35.982 0.0 0
-35.972 0.0 0
-35.962 0.0 0
-35.952 0.0 0
-35.942 0.0 0
-35.932 0.0 0
-35.922 0.0 0
-35.912 0.0 0
-35.902 0.0 0
-35.892 0.0 0
-35.882 0.0 0
-35.872 0.0 0
-35.862 0.0 0
-35.852 0.0 0
-35.842 0.0 0
-35.832 0.0 0
-35.822 0.0 0
-35.812 0.0 0
-35.802 0.0 0
-35.792 0.0 0
-35.782 0.0 0
-35.772 0.0 0
-35.762 0.0 0
-35.752 0.0 0
-35.742 0.0 0
-35.732 0.0 0
-35.722 0.0 0
-35.712 0.0 0
-35.702 0.0 0
-35.692 0.0 0
-35.682 0.0 0
-35.672 0.0 0
-35.662 0.0 0
-35.652 0.0 0
-35.642 0.0 0
-35.632 0.0 0
-35.622 0.0 0
-35.612 0.0 0
-35.602 0.0 0
-35.592 0.0 0
-35.582 0.0 0
-35.572 0.0 0
-35.562 0.0 0
-35.552 0.0 0
-35.542 0.0 0
-35.532 0.0 0
-35.522 0.0 0
-35.512 0.0 0
-35.502 0.0 0
-35.492 0.0 0
-35.482 0.0 0
-35.472 0.0 0
-35.462 0.0 0
-35.452 0.0 0
-35.442 0.0 0
-35.432 0.0 0
-35.422 0.0 0
-35.412 0.0 0
-35.402 0.0 0
-35.392 0.0 0
-35.382 0.0 0
-35.372 0.0 0
-35.362 0.0 0
-35.352 0.0 0
-35.342 0.0 0
-35.332 0.0 0
-35.322 0.0 0
-35.312 0.0 0
-35.302 0.0 0
-35.292 0.0 0
-35.282 0.0 0
-35.272 0.0 0
-35.262 0.0 0
-35.252 0.0 0
-35.242 0.0 0
-35.232 0.0 0
-35.222 0.0 0
-35.212 0.0 0
-35.202 0.0 0
-35.192 0.0 0
-35.182 0.0 0
-35.172 0.0 0
-35.162 0.0 0
-35.152 0.0 0
-35.142 0.0 0
-35.132 0.0 0
-35.122 0.0 0
-35.112 0.0 0
-35.102 0.0 0
-35.092 0.0 0
-35.082 0.0 0
-35.072 0.0 0
-35.062 0.0 0
-35.052 0.0 0
-35.042 0.0 0
-35.032 0.0 0
-35.022 0.0 0
-35.012 0.0 0
-35.002 0.0 0
-34.992 0.0 0
-34.982 0.0 0
-34.972 0.0 0
-34.962 0.0 0
-34.952 0.0 0
-34.942 0.0 0
-34.932 0.0 0
-34.922 0.0 0
-34.912 0.0 0
-34.902 0.0 0
-34.892 0.0 0
-34.882 0.0 0
-34.872 0.0 0
-34.862 0.0 0
-34.852 0.0 0
-34.842 0.0 0
-34.832 0.0 0
-34.822 0.0 0
-34.812 0.0 0
-34.802 0.0 0
-34.792 0.0 0
-34.782 0.0 0
-34.772 0.0 0
-34.762 0.0 0
-34.752 0.0 0
-34.742 0.0 0
-34.732 0.0 0
-34.722 0.0 0
-34.712 0.0 0
-34.702 0.0 0
-34.692 0.0 0
-34.682 0.0 0
-34.672 0.0 0
-34.662 0.0 0
-34.652 0.0 0
-34.642 0.0 0
-34.632 0.0 0
-34.622 0.0 0
-34.612 0.0 0
-34.602 0.0 0
-34.592 0.0 0
-34.582 0.0 0
-34.572 0.0 0
-34.562 0.0 0
-34.552 0.0 0
-34.542 0.0 0
-34.532 0.0 0
-34.522 0.0 0
-34.512 0.0 0
-34.502 0.0 0
-34.492 0.0 0
-34.482 0.0 0
-34.472 0.0 0
-34.462 0.0 0
-34.452 0.0 0
-34.442 0.0 0
-34.432 0.0 0
-34.422 0.0 0
-34.412 0.0 0
-34.402 0.0 0
-34.392 0.0 0
-34.382 0.0 0
-34.372 0.0 0
-34.362 0.0 0
-34.352 0.0 0
-34.342 0.0 0
-34.332 0.0 0
-34.322 0.0 0
-34.312 0.0 0
-34.302 0.0 0
-34.292 0.0 0
-34.282 0.0 0
-34.272 0.0 0
-34.262 0.0 0
-34.252 0.0 0
-34.242 0.0 0
-34.232 0.0 0
-34.222 0.0 0
-34.212 0.0 0
-34.202 0.0 0
-34.192 0.0 0
-34.182 0.0 0
-34.172 0.0 0
-34.162 0.0 0
-34.152 0.0 0
-34.142 0.0 0
-34.132 0.0 0
-34.122 0.0 0
-34.112 0.0 0
-34.102 0.0 0
-34.092 0.0 0
-34.082 0.0 0
-34.072 0.0 0
-34.062 0.0 0
-34.052 0.0 0
-34.042 0.0 0
-34.032 0.0 0
-34.022 0.0 0
-34.012 0.0 0
-34.002 0.0 0
-33.992 0.0 0
-33.982 0.0 0
-33.972 0.0 0
-33.962 0.0 0
-33.952 0.0 0
-33.942 0.0 0
-33.932 0.0 0
-33.922 0.0 0
-33.912 0.0 0
-33.902 0.0 0
-33.892 0.0 0
-33.882 0.0 0
-33.872 0.0 0
-33.862 0.0 0
-33.852 0.0 0
-33.842 0.0 0
-33.832 0.0 0
-33.822 0.0 0
-33.812 0.0 0
-33.802 0.0 0
-33.792 0.0 0
-33.782 0.0 0
-33.772 0.0 0
-33.762 0.0 0
-33.752 0.0 0
-33.742 0.0 0
-33.732 0.0 0
-33.722 0.0 0
-33.712 0.0 0
-33.702 0.0 0
-33.692 0.0 0
-33.682 0.0 0
-33.672 0.0 0
-33.662 0.0 0
-33.652 0.0 0
-33.642 0.0 0
-33.632 0.0 0
-33.622 0.0 0
-33.612 0.0 0
-33.602 0.0 0
-33.592 0.0 0
-33.582 0.0 0
-33.572 0.0 0
-33.562 0.0 0
-33.552 0.0 0
-33.542 0.0 0
-33.532 0.0 0
-33.522 0.0 0
-33.512 0.0 0
-33.502 0.0 0
-33.492 0.0 0
-33.482 0.0 0
-33.472 0.0 0
-33.462 0.0 0
-33.452 0.0 0
-33.442 0.0 0
-33.432 0.0 0
-33.422 0.0 0
-33.412 0.0 0
-33.402 0.0 0
-33.392 0.0 0
-33.382 0.0 0
-33.372 0.0 0
-33.362 0.0 0
-33.352 0.0 0
-33.342 0.0 0
-33.332 0.0 0
-33.322 0.0 0
-33.312 0.0 0
-33.302 0.0 0
-33.292 0.0 0
-33.282 0.0 0
-33.272 0.0 0
-33.262 0.0 0
-33.252 0.0 0
-33.242 0.0 0
-33.232 0.0 0
-33.222 0.0 0
-33.212 0.0 0
-33.202 0.0 0
-33.192 0.0 0
-33.182 0.0 0
-33.172 0.0 0
-33.162 0.0 0
-33.152 0.0 0
-33.142 0.0 0
-33.132 0.0 0
-33.122 0.0 0
-33.112 0.0 0
-33.102 0.0 0
-33.092 0.0 0
-33.082 0.0 0
-33.072 0.0 0
-33.062 0.0 0
-33.052 0.0 0
-33.042 0.0 0
-33.032 0.0 0
-33.022 0.0 0
-33.012 0.0 0
-33.002 0.0 0
-32.992 0.0 0
-32.982 0.0 0
-32.972 0.0 0
-32.962 0.0 0
-32.952 0.0 0
-32.942 0.0 0
-32.932 0.0 0
-32.922 0.0 0
-32.912 0.0 0
-32.902 0.0 0
-32.892 0.0 0
-32.882 0.0 0
-32.872 0.0 0
-32.862 0.0 0
-32.852 0.0 0
-32.842 0.0 0
-32.832 0.0 0
-32.822 0.0 0
-32.812 0.0 0
-32.802 0.0 0
-32.792 0.0 0
-32.782 0.0 0
-32.772 0.0 0
-32.762 0.0 0
-32.752 0.0 0
-32.742 0.0 0
-32.732 0.0 0
-32.722 0.0 0
-32.712 0.0 0
-32.702 0.0 0
-32.692 0.0 0
-32.682 0.0 0
-32.672 0.0 0
-32.662 0.0 0
-32.652 0.0 0
-32.642 0.0 0
-32.632 0.0 0
-32.622 0.0 0
-32.612 0.0 0
-32.602 0.0 0
-32.592 0.0 0
-32.582 0.0 0
-32.572 0.0 0
-32.562 0.0 0
-32.552 0.0 0
-32.542 0.0 0
-32.532 0.0 0
-32.522 0.0 0
-32.512 0.0 0
-32.502 0.0 0
-32.492 0.0 0
-32.482 0.0 0
-32.472 0.0 0
-32.462 0.0 0
-32.452 0.0 0
-32.442 0.0 0
-32.432 0.0 0
-32.422 0.0 0
-32.412 0.0 0
-32.402 0.0 0
-32.392 0.0 0
-32.382 0.0 0
-32.372 0.0 0
-32.362 0.0 0
-32.352 0.0 0
-32.342 0.0 0
-32.332 0.0 0
-32.322 0.0 0
-32.312 0.0 0
-32.302 0.0 0
-32.292 0.0 0
-32.282 0.0 0
-32.272 0.0 0
-32.262 0.0 0
-32.252 0.0 0
-32.242 0.0 0
-32.232 0.0 0
-32.222 0.0 0
-32.212 0.0 0
-32.202 0.0 0
-32.192 0.0 0
-32.182 0.0 0
-32.172 0.0 0
-32.162 0.0 0
-32.152 0.0 0
-32.142 0.0 0
-32.132 0.0 0
-32.122 0.0 0
-32.112 0.0 0
-32.102 0.0 0
-32.092 0.0 0
-32.082 0.0 0
-32.072 0.0 0
-32.062 0.0 0
-32.052 0.0 0
-32.042 0.0 0
-32.032 0.0 0
-32.022 0.0 0
-32.012 0.0 0
-32.002 0.0 0
-31.992 0.0 0
-31.982 0.0 0
-31.972 0.0 0
-31.962 0.0 0
-31.952 0.0 0
-31.942 0.0 0
-31.932 0.0 0
-31.922 0.0 0
-31.912 0.0 0
-31.902 0.0 0
-31.892 0.0 0
-31.882 0.0 0
-31.872 0.0 0
-31.862 0.0 0
-31.852 0.0 0
-31.842 0.0 0
-31.832 0.0 0
-31.822 0.0 0
-31.812 0.0 0
-31.802 0.0 0
-31.792 0.0 0
-31.782 0.0 0
-31.772 0.0 0
-31.762 0.0 0
-31.752 0.0 0
-31.742 0.0 0
-31.732 0.0 0
-31.722 0.0 0
-31.712 0.0 0
-31.702 0.0 0
-31.692 0.0 0
-31.682 0.0 0
-31.672 0.0 0
-31.662 0.0 0
-31.652 0.0 0
-31.642 0.0 0
-31.632 0.0 0
-31.622 0.0 0
-31.612 0.0 0
-31.602 0.0 0
-31.592 0.0 0
-31.582 0.0 0
-31.572 0.0 0
-31.562 0.0 0
-31.552 0.0 0
-31.542 0.0 0
-31.532 0.0 0
-31.522 0.0 0
-31.512 0.0 0
-31.502 0.0 0
-31.492 0.0 0
-31.482 0.0 0
-31.472 0.0 0
-31.462 0.0 0
-31.452 0.0 0
-31.442 0.0 0
-31.432 0.0 0
-31.422 0.0 0
-31.412 0.0 0
-31.402 0.0 0
-31.392 0.0 0
-31.382 0.0 0
-31.372 0.0 0
-31.362 0.0 0
-31.352 0.0 0
-31.342 0.0 0
-31.332 0.0 0
-31.322 0.0 0
-31.312 0.0 0
-31.302 0.0 0
-31.292 0.0 0
-31.282 0.0 0
-31.272 0.0 0
-31.262 0.0 0
-31.252 0.0 0
-31.242 0.0 0
-31.232 0.0 0
-31.222 0.0 0
-31.212 0.0 0
-31.202 0.0 0
-31.192 0.0 0
-31.182 0.0 0
-31.172 0.0 0
-31.162 0.0 0
-31.152 0.0 0
-31.142 0.0 0
-31.132 0.0 0
-31.122 0.0 0
-31.112 0.0 0
-31.102 0.0 0
-31.092 0.0 0
-31.082 0.0 0
-31.072 0.0 0
-31.062 0.0 0
-31.052 0.0 0
-31.042 0.0 0
-31.032 0.0 0
-31.022 0.0 0
-31.012 0.0 0
-31.002 0.0 0
-30.992 0.0 0
-30.982 0.0 0
-30.972 0.0 0
-30.962 0.0 0
-30.952 0.0 0
-30.942 0.0 0
-30.932 0.0 0
-30.922 0.0 0
-30.912 0.0 0
-30.902 0.0 0
-30.892 0.0 0
-30.882 0.0 0
-30.872 0.0 0
-30.862 0.0 0
-30.852 0.0 0
-30.842 0.0 0
-30.832 0.0 0
-30.822 0.0 0
-30.812 0.0 0
-30.802 0.0 0
-30.792 0.0 0
-30.782 0.0 0
-30.772 0.0 0
-30.762 0.0 0
-30.752 0.0 0
-30.742 0.0 0
-30.732 0.0 0
-30.722 0.0 0
-30.712 0.0 0
-30.702 0.0 0
-30.692 0.0 0
-30.682 0.0 0
-30.672 0.0 0
-30.662 0.0 0
-30.652 0.0 0
-30.642 0.0 0
-30.632 0.0 0
-30.622 0.0 0
-30.612 0.0 0
-30.602 0.0 0
-30.592 0.0 0
-30.582 0.0 0
-30.572 0.0 0
-30.562 0.0 0
-30.552 0.0 0
-30.542 0.0 0
-30.532 0.0 0
-30.522 0.0 0
-30.512 0.0 0
-30.502 0.0 0
-30.492 0.0 0
-30.482 0.0 0
-30.472 0.0 0
-30.462 0.0 0
-30.452 0.0 0
-30.442 0.0 0
-30.432 0.0 0
-30.422 0.0 0
-30.412 0.0 0
-30.402 0.0 0
-30.392 0.0 0
-30.382 0.0 0
-30.372 0.0 0
-30.362 0.0 0
-30.352 0.0 0
-30.342 0.0 0
-30.332 0.0 0
-30.322 0.0 0
-30.312 0.0 0
-30.302 0.0 0
-30.292 0.0 0
-30.282 0.0 0
-30.272 0.0 0
-30.262 0.0 0
-30.252 0.0 0
-30.242 0.0 0
-30.232 0.0 0
-30.222 0.0 0
-30.212 0.0 0
-30.202 0.0 0
-30.192 0.0 0
-30.182 0.0 0
-30.172 0.0 0
-30.162 0.0 0
-30.152 0.0 0
-30.142 0.0 0
-30.132 0.0 0
-30.122 0.0 0
-30.112 0.0 0
-30.102 0.0 0
-30.092 0.0 0
-30.082 0.0 0
-30.072 0.0 0
-30.062 0.0 0
-30.052 0.0 0
-30.042 0.0 0
-30.032 0.0 0
-30.022 0.0 0
-30.012 0.0 0
-30.002 0.0 0
-29.992 0.0 0
-29.982 0.0 0
-29.972 0.0 0
-29.962 0.0 0
-29.952 0.0 0
-29.942 0.0 0
-29.932 0.0 0
-29.922 0.0 0
-29.912 0.0 0
-29.902 0.0 0
-29.892 0.0 0
-29.882 0.0 0
-29.872 0.0 0
-29.862 0.0 0
-29.852 0.0 0
-29.842 0.0 0
-29.832 0.0 0
-29.822 0.0 0
-29.812 0.0 0
-29.802 0.0 0
-29.792 0.0 0
-29.782 0.0 0
-29.772 0.0 0
-29.762 0.0 0
-29.752 0.0 0
-29.742 0.0 0
-29.732 0.0 0
-29.722 0.0 0
-29.712 0.0 0
-29.702 0.0 0
-29.692 0.0 0
-29.682 0.0 0
-29.672 0.0 0
-29.662 0.0 0
-29.652 0.0 0
-29.642 0.0 0
-29.632 0.0 0
-29.622 0.0 0
-29.612 0.0 0
-29.602 0.0 0
-29.592 0.0 0
-29.582 0.0 0
-29.572 0.0 0
-29.562 0.0 0
-29.552 0.0 0
-29.542 0.0 0
-29.532 0.0 0
-29.522 0.0 0
-29.512 0.0 0
-29.502 0.0 0
-29.492 0.0 0
-29.482 0.0 0
-29.472 0.0 0
-29.462 0.0 0
-29.452 0.0 0
-29.442 0.0 0
-29.432 0.0 0
-29.422 0.0 0
-29.412 0.0 0
-29.402 0.0 0
-29.392 0.0 0
-29.382 0.0 0
-29.372 0.0 0
-29.362 0.0 0
-29.352 0.0 0
-29.342 0.0 0
-29.332 0.0 0
-29.322 0.0 0
-29.312 0.0 0
-29.302 0.0 0
-29.292 0.0 0
-29.282 0.0 0
-29.272 0.0 0
-29.262 0.0 0
-29.252 0.0 0
-29.242 0.0 0
-29.232 0.0 0
-29.222 0.0 0
-29.212 0.0 0
-29.202 0.0 0
-29.192 0.0 0
-29.182 0.0 0
-29.172 0.0 0
-29.162 0.0 0
-29.152 0.0 0
-29.142 0.0 0
-29.132 0.0 0
-29.122 0.0 0
-29.112 0.0 0
-29.102 0.0 0
-29.092 0.0 0
-29.082 0.0 0
-29.072 0.0 0
-29.062 0.0 0
-29.052 0.0 0
-29.042 0.0 0
-29.032 0.0 0
-29.022 0.0 0
-29.012 0.0 0
-29.002 0.0 0
-28.992 0.0 0
-28.982 0.0 0
-28.972 0.0 0
-28.962 0.0 0
-28.952 0.0 0
-28.942 0.0 0
-28.932 0.0 0
-28.922 0.0 0
-28.912 0.0 0
-28.902 0.0 0
-28.892 0.0 0
-28.882 0.0 0
-28.872 0.0 0
-28.862 0.0 0
-28.852 0.0 0
-28.842 0.0 0
-28.832 0.0 0
-28.822 0.0 0
-28.812 0.0 0
-28.802 0.0 0
-28.792 0.0 0
-28.782 0.0 0
-28.772 0.0 0
-28.762 0.0 0
-28.752 0.0 0
-28.742 0.0 0
-28.732 0.0 0
-28.722 0.0 0
-28.712 0.0 0
-28.702 0.0 0
-28.692 0.0 0
-28.682 0.0 0
-28.672 0.0 0
-28.662 0.0 0
-28.652 0.0 0
-28.642 0.0 0
-28.632 0.0 0
-28.622 0.0 0
-28.612 0.0 0
-28.602 0.0 0
-28.592 0.0 0
-28.582 0.0 0
-28.572 0.0 0
-28.562 0.0 0
-28.552 0.0 0
-28.542 0.0 0
-28.532 0.0 0
-28.522 0.0 0
-28.512 0.0 0
-28.502 0.0 0
-28.492 0.0 0
-28.482 0.0 0
-28.472 0.0 0
-28.462 0.0 0
-28.452 0.0 0
-28.442 0.0 0
-28.432 0.0 0
-28.422 0.0 0
-28.412 0.0 0
-28.402 0.0 0
-28.392 0.0 0
-28.382 0.0 0
-28.372 0.0 0
-28.362 0.0 0
-28.352 0.0 0
-28.342 0.0 0
-28.332 0.0 0
-28.322 0.0 0
-28.312 0.0 0
-28.302 0.0 0
-28.292 0.0 0
-28.282 0.0 0
-28.272 0.0 0
-28.262 0.0 0
-28.252 0.0 0
-28.242 0.0 0
-28.232 0.0 0
-28.222 0.0 0
-28.212 0.0 0
-28.202 0.0 0
-28.192 0.0 0
-28.182 0.0 0
-28.172 0.0 0
-28.162 0.0 0
-28.152 0.0 0
-28.142 0.0 0
-28.132 0.0 0
-28.122 0.0 0
-28.112 0.0 0
-28.102 0.0 0
-28.092 0.0 0
-28.082 0.0 0
-28.072 0.0 0
-28.062 0.0 0
-28.052 0.0 0
-28.042 0.0 0
-28.032 0.0 0
-28.022 0.0 0
-28.012 0.0 0
-28.002 0.0 0
-27.992 0.0 0
-27.982 0.0 0
-27.972 0.0 0
-27.962 0.0 0
-27.952 0.0 0
-27.942 0.0 0
-27.932 0.0 0
-27.922 0.0 0
-27.912 0.0 0
-27.902 0.0 0
-27.892 0.0 0
-27.882 0.0 0
-27.872 0.0 0
-27.862 0.0 0
-27.852 0.0 0
-27.842 0.0 0
-27.832 0.0 0
-27.822 0.0 0
-27.812 0.0 0
-27.802 0.0 0
-27.792 0.0 0
-27.782 0.0 0
-27.772 0.0 0
-27.762 0.0 0
-27.752 0.0 0
-27.742 0.0 0
-27.732 0.0 0
-27.722 0.0 0
-27.712 0.0 0
-27.702 0.0 0
-27.692 0.0 0
-27.682 0.0 0
-27.672 0.0 0
-27.662 0.0 0
-27.652 0.0 0
-27.642 0.0 0
-27.632 0.0 0
-27.622 0.0 0
-27.612 0.0 0
-27.602 0.0 0
-27.592 0.0 0
-27.582 0.0 0
-27.572 0.0 0
-27.562 0.0 0
-27.552 0.0 0
-27.542 0.0 0
-27.532 0.0 0
-27.522 0.0 0
-27.512 0.0 0
-27.502 0.0 0
-27.492 0.0 0
-27.482 0.0 0
-27.472 0.0 0
-27.462 0.0 0
-27.452 0.0 0
-27.442 0.0 0
-27.432 0.0 0
-27.422 0.0 0
-27.412 0.0 0
-27.402 0.0 0
-27.392 0.0 0
-27.382 0.0 0
-27.372 0.0 0
-27.362 0.0 0
-27.352 0.0 0
-27.342 0.0 0
-27.332 0.0 0
-27.322 0.0 0
-27.312 0.0 0
-27.302 0.0 0
-27.292 0.0 0
-27.282 0.0 0
-27.272 0.0 0
-27.262 0.0 0
-27.252 0.0 0
-27.242 0.0 0
-27.232 0.0 0
-27.222 0.0 0
-27.212 0.0 0
-27.202 0.0 0
-27.192 0.0 0
-27.182 0.0 0
-27.172 0.0 0
-27.162 0.0 0
-27.152 0.0 0
-27.142 0.0 0
-27.132 0.0 0
-27.122 0.0 0
-27.112 0.0 0
-27.102 0.0 0
-27.092 0.0 0
-27.082 0.0 0
-27.072 0.0 0
-27.062 0.0 0
-27.052 0.0 0
-27.042 0.0 0
-27.032 0.0 0
-27.022 0.0 0
-27.012 0.0 0
-27.002 0.0 0
-26.992 0.0 0
-26.982 0.0 0
-26.972 0.0 0
-26.962 0.0 0
-26.952 0.0 0
-26.942 0.0 0
-26.932 0.0 0
-26.922 0.0 0
-26.912 0.0 0
-26.902 0.0 0
-26.892 0.0 0
-26.882 0.0 0
-26.872 0.0 0
-26.862 0.0 0
-26.852 0.0 0
-26.842 0.0 0
-26.832 0.0 0
-26.822 0.0 0
-26.812 0.0 0
-26.802 0.0 0
-26.792 0.0 0
-26.782 0.0 0
-26.772 0.0 0
-26.762 0.0 0
-26.752 0.0 0
-26.742 0.0 0
-26.732 0.0 0
-26.722 0.0 0
-26.712 0.0 0
-26.702 0.0 0
-26.692 0.0 0
-26.682 0.0 0
-26.672 0.0 0
-26.662 0.0 0
-26.652 0.0 0
-26.642 0.0 0
-26.632 0.0 0
-26.622 0.0 0
-26.612 0.0 0
-26.602 0.0 0
-26.592 0.0 0
-26.582 0.0 0
-26.572 0.0 0
-26.562 0.0 0
-26.552 0.0 0
-26.542 0.0 0
-26.532 0.0 0
-26.522 0.0 0
-26.512 0.0 0
-26.502 0.0 0
-26.492 0.0 0
-26.482 0.0 0
-26.472 0.0 0
-26.462 0.0 0
-26.452 0.0 0
-26.442 0.0 0
-26.432 0.0 0
-26.422 0.0 0
-26.412 0.0 0
-26.402 0.0 0
-26.392 0.0 0
-26.382 0.0 0
-26.372 0.0 0
-26.362 0.0 0
-26.352 0.0 0
-26.342 0.0 0
-26.332 0.0 0
-26.322 0.0 0
-26.312 0.0 0
-26.302 0.0 0
-26.292 0.0 0
-26.282 0.0 0
-26.272 0.0 0
-26.262 0.0 0
-26.252 0.0 0
-26.242 0.0 0
-26.232 0.0 0
-26.222 0.0 0
-26.212 0.0 0
-26.202 0.0 0
-26.192 0.0 0
-26.182 0.0 0
-26.172 0.0 0
-26.162 0.0 0
-26.152 0.0 0
-26.142 0.0 0
-26.132 0.0 0
-26.122 0.0 0
-26.112 0.0 0
-26.102 0.0 0
-26.092 0.0 0
-26.082 0.0 0
-26.072 0.0 0
-26.062 0.0 0
-26.052 0.0 0
-26.042 0.0 0
-26.032 0.0 0
-26.022 0.0 0
-26.012 0.0 0
-26.002 0.0 0
-25.992 0.0 0
-25.982 0.0 0
-25.972 0.0 0
-25.962 0.0 0
-25.952 0.0 0
-25.942 0.0 0
-25.932 0.0 0
-25.922 0.0 0
-25.912 0.0 0
-25.902 0.0 0
-25.892 0.0 0
-25.882 0.0 0
-25.872 0.0 0
-25.862 0.0 0
-25.852 0.0 0
-25.842 0.0 0
-25.832 0.0 0
-25.822 0.0 0
-25.812 0.0 0
-25.802 0.0 0
-25.792 0.0 0
-25.782 0.0 0
-25.772 0.0 0
-25.762 0.0 0
-25.752 0.0 0
-25.742 0.0 0
-25.732 0.0 0
-25.722 0.0 0
-25.712 0.0 0
-25.702 0.0 0
-25.692 0.0 0
-25.682 0.0 0
-25.672 0.0 0
-25.662 0.0 0
-25.652 0.0 0
-25.642 0.0 0
-25.632 0.0 0
-25.622 0.0 0
-25.612 0.0 0
-25.602 0.0 0
-25.592 0.0 0
-25.582 0.0 0
-25.572 0.0 0
-25.562 0.0 0
-25.552 0.0 0
-25.542 0.0 0
-25.532 0.0 0
-25.522 0.0 0
-25.512 0.0 0
-25.502 0.0 0
-25.492 0.0 0
-25.482 0.0 0
-25.472 0.0 0
-25.462 0.0 0
-25.452 0.0 0
-25.442 0.0 0
-25.432 0.0 0
-25.422 0.0 0
-25.412 0.0 0
-25.402 0.0 0
-25.392 0.0 0
-25.382 0.0 0
-25.372 0.0 0
-25.362 0.0 0
-25.352 0.0 0
-25.342 0.0 0
-25.332 0.0 0
-25.322 0.0 0
-25.312 0.0 0
-25.302 0.0 0
-25.292 0.0 0
-25.282 0.0 0
-25.272 0.0 0
-25.262 0.0 0
-25.252 0.0 0
-25.242 0.0 0
-25.232 0.0 0
-25.222 0.0 0
-25.212 0.0 0
-25.202 0.0 0
-25.192 0.0 0
-25.182 0.0 0
-25.172 0.0 0
-25.162 0.0 0
-25.152 0.0 0
-25.142 0.0 0
-25.132 0.0 0
-25.122 0.0 0
-25.112 0.0 0
-25.102 0.0 0
-25.092 0.0 0
-25.082 0.0 0
-25.072 0.0 0
-25.062 0.0 0
-25.052 0.0 0
-25.042 0.0 0
-25.032 0.0 0
-25.022 0.0 0
-25.012 0.0 0
-25.002 0.0 0
-24.992 0.0 0
-24.982 0.0 0
-24.972 0.0 0
-24.962 0.0 0
-24.952 0.0 0
-24.942 0.0 0
-24.932 0.0 0
-24.922 0.0 0
-24.912 0.0 0
-24.902 0.0 0
-24.892 0.0 0
-24.882 0.0 0
-24.872 0.0 0
-24.862 0.0 0
-24.852 0.0 0
-24.842 0.0 0
-24.832 0.0 0
-24.822 0.0 0
-24.812 0.0 0
-24.802 0.0 0
-24.792 0.0 0
-24.782 0.0 0
-24.772 0.0 0
-24.762 0.0 0
-24.752 0.0 0
-24.742 0.0 0
-24.732 0.0 0
-24.722 0.0 0
-24.712 0.0 0
-24.702 0.0 0
-24.692 0.0 0
-24.682 0.0 0
-24.672 0.0 0
-24.662 0.0 0
-24.652 0.0 0
-24.642 0.0 0
-24.632 0.0 0
-24.622 0.0 0
-24.612 0.0 0
-24.602 0.0 0
-24.592 0.0 0
-24.582 0.0 0
-24.572 0.0 0
-24.562 0.0 0
-24.552 0.0 0
-24.542 0.0 0
-24.532 0.0 0
-24.522 0.0 0
-24.512 0.0 0
-24.502 0.0 0
-24.492 0.0 0
-24.482 0.0 0
-24.472 0.0 0
-24.462 0.0 0
-24.452 0.0 0
-24.442 0.0 0
-24.432 0.0 0
-24.422 0.0 0
-24.412 0.0 0
-24.402 0.0 0
-24.392 0.0 0
-24.382 0.0 0
-24.372 0.0 0
-24.362 0.0 0
-24.352 0.0 0
-24.342 0.0 0
-24.332 0.0 0
-24.322 0.0 0
-24.312 0.0 0
-24.302 0.0 0
-24.292 0.0 0
-24.282 0.0 0
-24.272 0.0 0
-24.262 0.0 0
-24.252 0.0 0
-24.242 0.0 0
-24.232 0.0 0
-24.222 0.0 0
-24.212 0.0 0
-24.202 0.0 0
-24.192 0.0 0
-24.182 0.0 0
-24.172 0.0 0
-24.162 0.0 0
-24.152 0.0 0
-24.142 0.0 0
-24.132 0.0 0
-24.122 0.0 0
-24.112 0.0 0
-24.102 0.0 0
-24.092 0.0 0
-24.082 0.0 0
-24.072 0.0 0
-24.062 0.0 0
-24.052 0.0 0
-24.042 0.0 0
-24.032 0.0 0
-24.022 0.0 0
-24.012 0.0 0
-24.002 0.0 0
-23.992 0.0 0
-23.982 0.0 0
-23.972 0.0 0
-23.962 0.0 0
-23.952 0.0 0
-23.942 0.0 0
-23.932 0.0 0
-23.922 0.0 0
-23.912 0.0 0
-23.902 0.0 0
-23.892 0.0 0
-23.882 0.0 0
-23.872 0.0 0
-23.862 0.0 0
-23.852 0.0 0
-23.842 0.0 0
-23.832 0.0 0
-23.822 0.0 0
-23.812 0.0 0
-23.802 0.0 0
-23.792 0.0 0
-23.782 0.0 0
-23.772 0.0 0
-23.762 0.0 0
-23.752 0.0 0
-23.742 0.0 0
-23.732 0.0 0
-23.722 0.0 0
-23.712 0.0 0
-23.702 0.0 0
-23.692 0.0 0
-23.682 0.0 0
-23.672 0.0 0
-23.662 0.0 0
-23.652 0.0 0
-23.642 0.0 0
-23.632 0.0 0
-23.622 0.0 0
-23.612 0.0 0
-23.602 0.0 0
-23.592 0.0 0
-23.582 0.0 0
-23.572 0.0 0
-23.562 0.0 0
-23.552 0.0 0
-23.542 0.0 0
-23.532 0.0 0
-23.522 0.0 0
-23.512 0.0 0
-23.502 0.0 0
-23.492 0.0 0
-23.482 0.0 0
-23.472 0.0 0
-23.462 0.0 0
-23.452 0.0 0
-23.442 0.0 0
-23.432 0.0 0
-23.422 0.0 0
-23.412 0.0 0
-23.402 0.0 0
-23.392 0.0 0
-23.382 0.0 0
-23.372 0.0 0
-23.362 0.0 0
-23.352 0.0 0
-23.342 0.0 0
-23.332 0.0 0
-23.322 0.0 0
-23.312 0.0 0
-23.302 0.0 0
-23.292 0.0 0
-23.282 0.0 0
-23.272 0.0 0
-23.262 0.0 0
-23.252 0.0 0
-23.242 0.0 0
-23.232 0.0 0
-23.222 0.0 0
-23.212 0.0 0
-23.202 0.0 0
-23.192 0.0 0
-23.182 0.0 0
-23.172 0.0 0
-23.162 0.0 0
-23.152 0.0 0
-23.142 0.0 0
-23.132 0.0 0
-23.122 0.0 0
-23.112 0.0 0
-23.102 0.0 0
-23.092 0.0 0
-23.082 0.0 0
-23.072 0.0 0
-23.062 0.0 0
-23.052 0.0 0
-23.042 0.0 0
-23.032 0.0 0
-23.022 0.0 0
-23.012 0.0 0
-23.002 0.0 0
-22.992 0.0 0
-22.982 0.0 0
-22.972 0.0 0
-22.962 0.0 0
-22.952 0.0 0
-22.942 0.0 0
-22.932 0.0 0
-22.922 0.0 0
-22.912 0.0 0
-22.902 0.0 0
-22.892 0.0 0
-22.882 0.0 0
-22.872 0.0 0
-22.862 0.0 0
-22.852 0.0 0
-22.842 0.0 0
-22.832 0.0 0
-22.822 0.0 0
-22.812 0.0 0
-22.802 0.0 0
-22.792 0.0 0
-22.782 0.0 0
-22.772 0.0 0
-22.762 0.0 0
-22.752 0.0 0
-22.742 0.0 0
-22.732 0.0 0
-22.722 0.0 0
-22.712 0.0 0
-22.702 0.0 0
-22.692 0.0 0
-22.682 0.0 0
-22.672 0.0 0
-22.662 0.0 0
-22.652 0.0 0
-22.642 0.0 0
-22.632 0.0 0
-22.622 0.0 0
-22.612 0.0 0
-22.602 0.0 0
-22.592 0.0 0
-22.582 0.0 0
-22.572 0.0 0
-22.562 0.0 0
-22.552 0.0 0
-22.542 0.0 0
-22.532 0.0 0
-22.522 0.0 0
-22.512 0.0 0
-22.502 0.0 0
-22.492 0.0 0
-22.482 0.0 0
-22.472 0.0 0
-22.462 0.0 0
-22.452 0.0 0
-22.442 0.0 0
-22.432 0.0 0
-22.422 0.0 0
-22.412 0.0 0
-22.402 0.0 0
-22.392 0.0 0
-22.382 0.0 0
-22.372 0.0 0
-22.362 0.0 0
-22.352 0.0 0
-22.342 0.0 0
-22.332 0.0 0
-22.322 0.0 0
-22.312 0.0 0
-22.302 0.0 0
-22.292 0.0 0
-22.282 0.0 0
-22.272 0.0 0
-22.262 0.0 0
-22.252 0.0 0
-22.242 0.0 0
-22.232 0.0 0
-22.222 0.0 0
-22.212 0.0 0
-22.202 0.0 0
-22.192 0.0 0
-22.182 0.0 0
-22.172 0.0 0
-22.162 0.0 0
-22.152 0.0 0
-22.142 0.0 0
-22.132 0.0 0
-22.122 0.0 0
-22.112 0.0 0
-22.102 0.0 0
-22.092 0.0 0
-22.082 0.0 0
-22.072 0.0 0
-22.062 0.0 0
-22.052 0.0 0
-22.042 0.0 0
-22.032 0.0 0
-22.022 0.0 0
-22.012 0.0 0
-22.002 0.0 0
-21.992 0.0 0
-21.982 0.0 0
-21.972 0.0 0
-21.962 0.0 0
-21.952 0.0 0
-21.942 0.0 0
-21.932 0.0 0
-21.922 0.0 0
-21.912 0.0 0
-21.902 0.0 0
-21.892 0.0 0
-21.882 0.0 0
-21.872 0.0 0
-21.862 0.0 0
-21.852 0.0 0
-21.842 0.0 0
-21.832 0.0 0
-21.822 0.0 0
-21.812 0.0 0
-21.802 0.0 0
-21.792 0.0 0
-21.782 0.0 0
-21.772 0.0 0
-21.762 0.0 0
-21.752 0.0 0
-21.742 0.0 0
-21.732 0.0 0
-21.722 0.0 0
-21.712 0.0 0
-21.702 0.0 0
-21.692 0.0 0
-21.682 0.0 0
-21.672 0.0 0
-21.662 0.0 0
-21.652 0.0 0
-21.642 0.0 0
-21.632 0.0 0
-21.622 0.0 0
-21.612 0.0 0
-21.602 0.0 0
-21.592 0.0 0
-21.582 0.0 0
-21.572 0.0 0
-21.562 0.0 0
-21.552 0.0 0
-21.542 0.0 0
-21.532 0.0 0
-21.522 0.0 0
-21.512 0.0 0
-21.502 0.0 0
-21.492 0.0 0
-21.482 0.0 0
-21.472 0.0 0
-21.462 0.0 0
-21.452 0.0 0
-21.442 0.0 0
-21.432 0.0 0
-21.422 0.0 0
-21.412 0.0 0
-21.402 0.0 0
-21.392 0.0 0
-21.382 0.0 0
-21.372 0.0 0
-21.362 0.0 0
-21.352 0.0 0
-21.342 0.0 0
-21.332 0.0 0
-21.322 0.0 0
-21.312 0.0 0
-21.302 0.0 0
-21.292 0.0 0
-21.282 0.0 0
-21.272 0.0 0
-21.262 0.0 0
-21.252 0.0 0
-21.242 0.0 0
-21.232 0.0 0
-21.222 0.0 0
-21.212 0.0 0
-21.202 0.0 0
-21.192 0.0 0
-21.182 0.0 0
-21.172 0.0 0
-21.162 0.0 0
-21.152 0.0 0
-21.142 0.0 0
-21.132 0.0 0
-21.122 0.0 0
-21.112 0.0 0
-21.102 0.0 0
-21.092 0.0 0
-21.082 0.0 0
-21.072 0.0 0
-21.062 0.0 0
-21.052 0.0 0
-21.042 0.0 0
-21.032 0.0 0
-21.022 0.0 0
-21.012 0.0 0
-21.002 0.0 0
-20.992 0.0 0
-20.982 0.0 0
-20.972 0.0 0
-20.962 0.0 0
-20.952 0.0 0
-20.942 0.0 0
-20.932 0.0 0
-20.922 0.0 0
-20.912 0.0 0
-20.902 0.0 0
-20.892 0.0 0
-20.882 0.0 0
-20.872 0.0 0
-20.862 0.0 0
-20.852 0.0 0
-20.842 0.0 0
-20.832 0.0 0
-20.822 0.0 0
-20.812 0.0 0
-20.802 0.0 0
-20.792 0.0 0
-20.782 0.0 0
-20.772 0.0 0
-20.762 0.0 0
-20.752 0.0 0
-20.742 0.0 0
-20.732 0.0 0
-20.722 0.0 0
-20.712 0.0 0
-20.702 0.0 0
-20.692 0.0 0
-20.682 0.0 0
-20.672 0.0 0
-20.662 0.0 0
-20.652 0.0 0
-20.642 0.0 0
-20.632 0.0 0
-20.622 0.0 0
-20.612 0.0 0
-20.602 0.0 0
-20.592 0.0 0
-20.582 0.0 0
-20.572 0.0 0
-20.562 0.0 0
-20.552 0.0 0
-20.542 0.0 0
-20.532 0.0 0
-20.522 0.0 0
-20.512 0.0 0
-20.502 0.0 0
-20.492 0.0 0
-20.482 0.0 0
-20.472 0.0 0
-20.462 0.0 0
-20.452 0.0 0
-20.442 0.0 0
-20.432 0.0 0
-20.422 0.0 0
-20.412 0.0 0
-20.402 0.0 0
-20.392 0.0 0
-20.382 0.0 0
-20.372 0.0 0
-20.362 0.0 0
-20.352 0.0 0
-20.342 0.0 0
-20.332 0.0 0
-20.322 0.0 0
-20.312 0.0 0
-20.302 0.0 0
-20.292 0.0 0
-20.282 0.0 0
-20.272 0.0 0
-20.262 0.0 0
-20.252 0.0 0
-20.242 0.0 0
-20.232 0.0 0
-20.222 0.0 0
-20.212 0.0 0
-20.202 0.0 0
-20.192 0.0 0
-20.182 0.0 0
-20.172 0.0 0
-20.162 0.0 0
-20.152 0.0 0
-20.142 0.0 0
-20.132 0.0 0
-20.122 0.0 0
-20.112 0.0 0
-20.102 0.0 0
-20.092 0.0 0
-20.082 0.0 0
-20.072 0.0 0
-20.062 0.0 0
-20.052 0.0 0
-20.042 0.0 0
-20.032 0.0 0
-20.022 0.0 0
-20.012 0.0 0
-20.002 0.0 0
-19.992 0.0 0
-19.982 0.0 0
-19.972 0.0 0
-19.962 0.0 0
-19.952 0.0 0
-19.942 0.0 0
-19.932 0.0 0
-19.922 0.0 0
-19.912 0.0 0
-19.902 0.0 0
-19.892 0.0 0
-19.882 0.0 0
-19.872 0.0 0
-19.862 0.0 0
-19.852 0.0 0
-19.842 0.0 0
-19.832 0.0 0
-19.822 0.0 0
-19.812 0.0 0
-19.802 0.0 0
-19.792 0.0 0
-19.782 0.0 0
-19.772 0.0 0
-19.762 0.0 0
-19.752 0.0 0
-19.742 0.0 0
-19.732 0.0 0
-19.722 0.0 0
-19.712 0.0 0
-19.702 0.0 0
-19.692 0.0 0
-19.682 0.0 0
-19.672 0.0 0
-19.662 0.0 0
-19.652 0.0 0
-19.642 0.0 0
-19.632 0.0 0
-19.622 0.0 0
-19.612 0.0 0
-19.602 0.0 0
-19.592 0.0 0
-19.582 0.0 0
-19.572 0.0 0
-19.562 0.0 0
-19.552 0.0 0
-19.542 0.0 0
-19.532 0.0 0
-19.522 0.0 0
-19.512 0.0 0
-19.502 0.0 0
-19.492 0.0 0
-19.482 0.0 0
-19.472 0.0 0
-19.462 0.0 0
-19.452 0.0 0
-19.442 0.0 0
-19.432 0.0 0
-19.422 0.0 0
-19.412 0.0 0
-19.402 0.0 0
-19.392 0.0 0
-19.382 0.0 0
-19.372 0.0 0
-19.362 0.0 0
-19.352 0.0 0
-19.342 0.0 0
-19.332 0.0 0
-19.322 0.0 0
-19.312 0.0 0
-19.302 0.0 0
-19.292 0.0 0
-19.282 0.0 0
-19.272 0.0 0
-19.262 0.0 0
-19.252 0.0 0
-19.242 0.0 0
-19.232 0.0 0
-19.222 0.0 0
-19.212 0.0 0
-19.202 0.0 0
-19.192 0.0 0
-19.182 0.0 0
-19.172 0.0 0
-19.162 0.0 0
-19.152 0.0 0
-19.142 0.0 0
-19.132 0.0 0
-19.122 0.0 0
-19.112 0.0 0
-19.102 0.0 0
-19.092 0.0 0
-19.082 0.0 0
-19.072 0.0 0
-19.062 0.0 0
-19.052 0.0 0
-19.042 0.0 0
-19.032 0.0 0
-19.022 0.0 0
-19.012 0.0 0
-19.002 0.0 0
-18.992 0.0 0
-18.982 0.0 0
-18.972 0.0 0
-18.962 0.0 0
-18.952 0.0 0
-18.942 0.0 0
-18.932 0.0 0
-18.922 0.0 0
-18.912 0.0 0
-18.902 0.0 0
-18.892 0.0 0
-18.882 0.0 0
-18.872 0.0 0
-18.862 0.0 0
-18.852 0.0 0
-18.842 0.0 0
-18.832 0.0 0
-18.822 0.0 0
-18.812 0.0 0
-18.802 0.0 0
-18.792 0.0 0
-18.782 0.0 0
-18.772 0.0 0
-18.762 0.0 0
-18.752 0.0 0
-18.742 0.0 0
-18.732 0.0 0
-18.722 0.0 0
-18.712 0.0 0
-18.702 0.0 0
-18.692 0.0 0
-18.682 0.0 0
-18.672 0.0 0
-18.662 0.0 0
-18.652 0.0 0
-18.642 0.0 0
-18.632 0.0 0
-18.622 0.0 0
-18.612 0.0 0
-18.602 0.0 0
-18.592 0.0 0
-18.582 0.0 0
-18.572 0.0 0
-18.562 0.0 0
-18.552 0.0 0
-18.542 0.0 0
-18.532 0.0 0
-18.522 0.0 0
-18.512 0.0 0
-18.502 0.0 0
-18.492 0.0 0
-18.482 0.0 0
-18.472 0.0 0
-18.462 0.0 0
-18.452 0.0 0
-18.442 0.0 0
-18.432 0.0 0
-18.422 0.0 0
-18.412 0.0 0
-18.402 0.0 0
-18.392 0.0 0
-18.382 0.0 0
-18.372 0.0 0
-18.362 0.0 0
-18.352 0.0 0
-18.342 0.0 0
-18.332 0.0 0
-18.322 0.0 0
-18.312 0.0 0
-18.302 0.0 0
-18.292 0.0 0
-18.282 0.0 0
-18.272 0.0 0
-18.262 0.0 0
-18.252 0.0 0
-18.242 0.0 0
-18.232 0.0 0
-18.222 0.0 0
-18.212 0.0 0
-18.202 0.0 0
-18.192 0.0 0
-18.182 0.0 0
-18.172 0.0 0
-18.162 0.0 0
-18.152 0.0 0
-18.142 0.0 0
-18.132 0.0 0
-18.122 0.0 0
-18.112 0.0 0
-18.102 0.0 0
-18.092 0.0 0
-18.082 0.0 0
-18.072 0.0 0
-18.062 0.0 0
-18.052 0.0 0
-18.042 0.0 0
-18.032 0.0 0
-18.022 0.0 0
-18.012 0.0 0
-18.002 0.0 0
-17.992 0.0 0
-17.982 0.0 0
-17.972 0.0 0
-17.962 0.0 0
-17.952 0.0 0
-17.942 0.0 0
-17.932 0.0 0
-17.922 0.0 0
-17.912 0.0 0
-17.902 0.0 0
-17.892 0.0 0
-17.882 0.0 0
-17.872 0.0 0
-17.862 0.0 0
-17.852 0.0 0
-17.842 0.0 0
-17.832 0.0 0
-17.822 0.0 0
-17.812 0.0 0
-17.802 0.0 0
-17.792 0.0 0
-17.782 0.0 0
-17.772 0.0 0
-17.762 0.0 0
-17.752 0.0 0
-17.742 0.0 0
-17.732 0.0 0
-17.722 0.0 0
-17.712 0.0 0
-17.702 0.0 0
-17.692 0.0 0
-17.682 0.0 0
-17.672 0.0 0
-17.662 0.0 0
-17.652 0.0 0
-17.642 0.0 0
-17.632 0.0 0
-17.622 0.0 0
-17.612 0.0 0
-17.602 0.0 0
-17.592 0.0 0
-17.582 0.0 0
-17.572 0.0 0
-17.562 0.0 0
-17.552 0.0 0
-17.542 0.0 0
-17.532 0.0 0
-17.522 0.0 0
-17.512 0.0 0
-17.502 0.0 0
-17.492 0.0 0
-17.482 0.0 0
-17.472 0.0 0
-17.462 0.0 0
-17.452 0.0 0
-17.442 0.0 0
-17.432 0.0 0
-17.422 0.0 0
-17.412 0.0 0
-17.402 0.0 0
-17.392 0.0 0
-17.382 0.0 0
-17.372 0.0 0
-17.362 0.0 0
-17.352 0.0 0
-17.342 0.0 0
-17.332 0.0 0
-17.322 0.0 0
-17.312 0.0 0
-17.302 0.0 0
-17.292 0.0 0
-17.282 0.0 0
-17.272 0.0 0
-17.262 0.0 0
-17.252 0.0 0
-17.242 0.0 0
-17.232 0.0 0
-17.222 0.0 0
-17.212 0.0 0
-17.202 0.0 0
-17.192 0.0 0
-17.182 0.0 0
-17.172 0.0 0
-17.162 0.0 0
-17.152 0.0 0
-17.142 0.0 0
-17.132 0.0 0
-17.122 0.0 0
-17.112 0.0 0
-17.102 0.0 0
-17.092 0.0 0
-17.082 0.0 0
-17.072 0.0 0
-17.062 0.0 0
-17.052 0.0 0
-17.042 0.0 0
-17.032 0.0 0
-17.022 0.0 0
-17.012 0.0 0
-17.002 0.0 0
-16.992 0.0 0
-16.982 0.0 0
-16.972 0.0 0
-16.962 0.0 0
-16.952 0.0 0
-16.942 0.0 0
-16.932 0.0 0
-16.922 0.0 0
-16.912 0.0 0
-16.902 0.0 0
-16.892 0.0 0
-16.882 0.0 0
-16.872 0.0 0
-16.862 0.0 0
-16.852 0.0 0
-16.842 0.0 0
-16.832 0.0 0
-16.822 0.0 0
-16.812 0.0 0
-16.802 0.0 0
-16.792 0.0 0
-16.782 0.0 0
-16.772 0.0 0
-16.762 0.0 0
-16.752 0.0 0
-16.742 0.0 0
-16.732 0.0 0
-16.722 0.0 0
-16.712 0.0 0
-16.702 0.0 0
-16.692 0.0 0
-16.682 0.0 0
-16.672 0.0 0
-16.662 0.0 0
-16.652 0.0 0
-16.642 0.0 0
-16.632 0.0 0
-16.622 0.0 0
-16.612 0.0 0
-16.602 0.0 0
-16.592 0.0 0
-16.582 0.0 0
-16.572 0.0 0
-16.562 0.0 0
-16.552 0.0 0
-16.542 0.0 0
-16.532 0.0 0
-16.522 0.0 0
-16.512 0.0 0
-16.502 0.0 0
-16.492 0.0 0
-16.482 0.0 0
-16.472 0.0 0
-16.462 0.0 0
-16.452 0.0 0
-16.442 0.0 0
-16.432 0.0 0
-16.422 0.0 0
-16.412 0.0 0
-16.402 0.0 0
-16.392 0.0 0
-16.382 0.0 0
-16.372 0.0 0
-16.362 0.0 0
-16.352 0.0 0
-16.342 0.0 0
-16.332 0.0 0
-16.322 0.0 0
-16.312 0.0 0
-16.302 0.0 0
-16.292 0.0 0
-16.282 0.0 0
-16.272 0.0 0
-16.262 0.0 0
-16.252 0.0 0
-16.242 0.0 0
-16.232 0.0 0
-16.222 0.0 0
-16.212 0.0 0
-16.202 0.0 0
-16.192 0.0 0
-16.182 0.0 0
-16.172 0.0 0
-16.162 0.0 0
-16.152 0.0 0
-16.142 0.0 0
-16.132 0.0 0
-16.122 0.0 0
-16.112 0.0 0
-16.102 0.0 0
-16.092 0.0 0
-16.082 0.0 0
-16.072 0.0 0
-16.062 0.0 0
-16.052 0.0 0
-16.042 0.0 0
-16.032 0.0 0
-16.022 0.0 0
-16.012 0.0 0
-16.002 0.0 0
-15.992 0.0 0
-15.982 0.0 0
-15.972 0.0 0
-15.962 0.0 0
-15.952 0.0 0
-15.942 0.0 0
-15.932 0.0 0
-15.922 0.0 0
-15.912 0.0 0
-15.902 0.0 0
-15.892 0.0 0
-15.882 0.0 0
-15.872 0.0 0
-15.862 0.0 0
-15.852 0.0 0
-15.842 0.0 0
-15.832 0.0 0
-15.822 0.0 0
-15.812 0.0 0
-15.802 0.0 0
-15.792 0.0 0
-15.782 0.0 0
-15.772 0.0 0
-15.762 0.0 0
-15.752 0.0 0
-15.742 0.0 0
-15.732 0.0 0
-15.722 0.0 0
-15.712 0.0 0
-15.702 0.0 0
-15.692 0.0 0
-15.682 0.0 0
-15.672 0.0 0
-15.662 0.0 0
-15.652 0.0 0
-15.642 0.0 0
-15.632 0.0 0
-15.622 0.0 0
-15.612 0.0 0
-15.602 0.0 0
-15.592 0.0 0
-15.582 0.0 0
-15.572 0.0 0
-15.562 0.0 0
-15.552 0.0 0
-15.542 0.0 0
-15.532 0.0 0
-15.522 0.0 0
-15.512 0.0 0
-15.502 0.0 0
-15.492 0.0 0
-15.482 0.0 0
-15.472 0.0 0
-15.462 0.0 0
-15.452 0.0 0
-15.442 0.0 0
-15.432 0.0 0
-15.422 0.0 0
-15.412 0.0 0
-15.402 0.0 0
-15.392 0.0 0
-15.382 0.0 0
-15.372 0.0 0
-15.362 0.0 0
-15.352 0.0 0
-15.342 0.0 0
-15.332 0.0 0
-15.322 0.0 0
-15.312 0.0 0
-15.302 0.0 0
-15.292 0.0 0
-15.282 0.0 0
-15.272 0.0 0
-15.262 0.0 0
-15.252 0.0 0
-15.242 0.0 0
-15.232 0.0 0
-15.222 0.0 0
-15.212 0.0 0
-15.202 0.0 0
-15.192 0.0 0
-15.182 0.0 0
-15.172 0.0 0
-15.162 0.0 0
-15.152 0.0 0
-15.142 0.0 0
-15.132 0.0 0
-15.122 0.0 0
-15.112 0.0 0
-15.102 0.0 0
-15.092 0.0 0
-15.082 0.0 0
-15.072 0.0 0
-15.062 0.0 0
-15.052 0.0 0
-15.042 0.0 0
-15.032 0.0 0
-15.022 0.0 0
-15.012 0.0 0
-15.002 0.0 0
-14.992 0.0 0
-14.982 0.0 0
-14.972 0.0 0
-14.962 0.0 0
-14.952 0.0 0
-14.942 0.0 0
-14.932 0.0 0
-14.922 0.0 0
-14.912 0.0 0
-14.902 0.0 0
-14.892 0.0 0
-14.882 0.0 0
-14.872 0.0 0
-14.862 0.0 0
-14.852 0.0 0
-14.842 0.0 0
-14.832 0.0 0
-14.822 0.0 0
-14.812 0.0 0
-14.802 0.0 0
-14.792 0.0 0
-14.782 0.0 0
-14.772 0.0 0
-14.762 0.0 0
-14.752 0.0 0
-14.742 0.0 0
-14.732 0.0 0
-14.722 0.0 0
-14.712 0.0 0
-14.702 0.0 0
-14.692 0.0 0
-14.682 0.0 0
-14.672 0.0 0
-14.662 0.0 0
-14.652 1.5149e-12 0
-14.642 6.7854e-12 0
-14.632 1.4136e-11 0
-14.622 3.6549e-11 0
-14.612 7.8245e-11 0
-14.602 1.5951e-10 0
-14.592 3.2206e-10 0
-14.582 6.4008e-10 0
-14.572 1.262e-09 0
-14.562 2.4633e-09 0
-14.552 4.745e-09 0
-14.542 9.0659e-09 -9.073e-13
-14.532 1.7162e-08 -1.9116e-12
-14.522 3.2003e-08 -8.7474e-12
-14.512 5.916e-08 -2.1538e-11
-14.502 1.0802e-07 -4.7524e-11
-14.492 1.9585e-07 -1.0212e-10
-14.482 3.5132e-07 -2.0728e-10
-14.472 6.2288e-07 -4.1657e-10
-14.462 1.0903e-06 -8.2707e-10
-14.452 1.8979e-06 -1.6278e-09
-14.442 3.2607e-06 -3.1546e-09
-14.432 5.5322e-06 -6.0665e-09
-14.422 9.3077e-06 -1.1526e-08
-14.412 1.5546e-05 -2.1738e-08
-14.402 2.554e-05 -4.0543e-08
-14.392 4.1591e-05 -7.4617e-08
-14.382 6.703e-05 -1.3649e-07
-14.372 0.00010701 -2.4569e-07
-14.362 0.00016859 -4.388e-07
-14.352 0.00026348 -7.7547e-07
-14.342 0.00040783 -1.3548e-06
-14.332 0.00062385 -2.3456e-06
-14.322 0.00094385 -4.0138e-06
-14.312 0.0014132 -6.8042e-06
-14.302 0.0020996 -1.1424e-05
-14.292 0.0030688 -1.8906e-05
-14.282 0.0044617 -3.1038e-05
-14.272 0.0063999 -5.0449e-05
-14.262 0.009095 -8.0981e-05
-14.252 0.012819 -0.0001284
-14.242 0.017766 -0.0002022
-14.232 0.024529 -0.00031543
-14.222 0.033411 -0.00048628
-14.212 0.045019 -0.00074004
-14.202 0.060059 -0.0011121
-14.192 0.079237 -0.0016681
-14.182 0.103962 -0.0024567
-14.172 0.13424 -0.003599
-14.162 0.17059 -0.0051963
-14.152 0.21701 -0.0074405
-14.142 0.27152 -0.010514
-14.132 0.33612 -0.01476
-14.122 0.41182 -0.020421
-14.112 0.49963 -0.028103
-14.102 0.60056 -0.038111
-14.092 0.7136 -0.051152
-14.082 0.83875 -0.067933
-14.072 0.97501 -0.089364
-14.062 1.1204 -0.11625
-14.052 1.2818 -0.14961
-14.042 1.4433 -0.19105
-14.032 1.6048 -0.24059
-14.022 1.7764 -0.30023
-14.012 1.9378 -0.36998
-14.002 2.0993 -0.45186
-13.992 2.2406 -0.54687
-13.982 2.3718 -0.65402
-13.972 2.4828 -0.7733
-13.962 2.5736 -0.90571
-13.952 2.6342 -1.0513
-13.942 2.6745 -1.2029
-13.932 2.6846 -1.3646
-13.922 2.6644 -1.5364
-13.912 2.624 -1.6982
-13.902 2.5533 -1.87
-13.892 2.4525 -2.0318
-13.882 2.3414 -2.1934
-13.872 2.2001 -2.3349
-13.862 2.0588 -2.4562
-13.852 1.8973 -2.5673
-13.842 1.7358 -2.6482
-13.832 1.5643 -2.6988
-13.822 1.4028 -2.7291
-13.812 1.2413 -2.729
-13.802 1.07987 -2.6987
-13.792 0.93954 -2.6381
-13.782 0.80532 -2.5572
-13.772 0.6832 -2.446
-13.762 0.5732 -2.3247
-13.752 0.47632 -2.1832
-13.742 0.39155 -2.0215
-13.732 0.31788 -1.8597
-13.722 0.25632 -1.6879
-13.712 0.20385 -1.5261
-13.702 0.16045 -1.3543
-13.692 0.12513 -1.1926
-13.682 0.096573 -1.041
-13.672 0.073666 -0.89648
-13.662 0.055703 -0.76509
-13.652 0.041575 -0.64582
-13.642 0.030777 -0.5397
-13.632 0.022503 -0.44571
-13.622 0.016347 -0.36485
-13.612 0.011705 -0.29512
-13.602 0.0082745 -0.23649
-13.592 0.0058022 -0.18698
-13.582 0.0040262 -0.14655
-13.572 0.0027649 -0.1142
-13.562 0.0018769 -0.087622
-13.552 0.0012614 -0.0665
-13.542 0.00084155 -0.050026
-13.532 0.00055397 -0.037191
-13.522 0.00036123 -0.027388
-13.512 0.00023208 -0.019909
-13.502 0.00014833 -0.014351
-13.492 9.3538e-05 -0.010207
-13.482 5.8423e-05 -0.0072258
-13.472 3.6123e-05 -0.0050429
-13.462 2.2097e-05 -0.0034865
-13.452 1.3319e-05 -0.0023849
-13.442 7.9913e-06 -0.0016069
-13.432 4.7322e-06 -0.0010813
-13.422 2.7747e-06 -0.00071346
-13.412 1.6043e-06 -0.00046688
-13.402 9.2222e-07 -0.00030316
-13.392 5.2366e-07 -0.00019403
-13.382 2.9362e-07 -0.00012329
-13.372 1.6345e-07 -7.7408e-05
-13.362 8.9799e-08 -4.8102e-05
-13.352 4.8835e-08 -2.9608e-05
-13.342 2.6334e-08 -1.7987e-05
-13.332 1.4024e-08 -1.0813e-05
-13.322 7.3856e-09 -6.4471e-06
-13.312 3.8542e-09 -3.7995e-06
-13.302 1.9876e-09 -2.213e-06
-13.292 1.019e-09 -1.2733e-06
-13.282 5.1254e-10 -7.2858e-07
-13.272 2.5627e-10 -4.1128e-07
-13.262 1.2612e-10 -2.3039e-07
-13.252 5.892e-11 -1.2732e-07
-13.242 2.8552e-11 -6.9623e-08
-13.232 1.05926e-11 -3.7691e-08
-13.222 2.0778e-12 -2.0209e-08
-13.212 9.9147e-13 -1.0711e-08
-13.202 0.0 -5.6081e-09
-13.192 0.0 -2.9101e-09
-13.182 0.0 -1.4955e-09
-13.172 0.0 -7.5785e-10
-13.162 0.0 -3.8094e-10
-13.152 0.0 -1.8895e-10
-13.142 0.0 -9.286e-11
-13.132 0.0 -4.3043e-11
-13.122 0.0 -1.7581e-11
-13.112 0.0 -7.5975e-12
-13.102 0.0 -1.4647e-12
-13.092 0.0 0
-13.082 0.0 0
-13.072 0.0 0
-13.062 0.0 0
-13.052 0.0 0
-13.042 0.0 0
-13.032 0.0 0
-13.022 0.0 0
-13.012 0.0 0
-13.002 0.0 0
-12.992 0.0 0
-12.982 0.0 0
-12.972 0.0 0
-12.962 0.0 0
-12.952 0.0 0
-12.942 0.0 0
-12.932 0.0 0
-12.922 0.0 0
-12.912 0.0 0
-12.902 0.0 0
-12.892 0.0 0
-12.882 0.0 0
-12.872 0.0 0
-12.862 0.0 0
-12.852 0.0 0
-12.842 0.0 0
-12.832 0.0 0
-12.822 0.0 0
-12.812 0.0 0
-12.802 0.0 0
-12.792 0.0 0
-12.782 0.0 0
-12.772 0.0 0
-12.762 0.0 0
-12.752 0.0 0
-12.742 0.0 0
-12.732 0.0 0
-12.722 0.0 0
-12.712 0.0 0
-12.702 0.0 0
-12.692 0.0 0
-12.682 0.0 0
-12.672 0.0 0
-12.662 0.0 0
-12.652 0.0 0
-12.642 0.0 0
-12.632 0.0 0
-12.622 0.0 0
-12.612 0.0 0
-12.602 0.0 0
-12.592 0.0 0
-12.582 0.0 0
-12.572 0.0 0
-12.562 0.0 0
-12.552 0.0 0
-12.542 0.0 0
-12.532 0.0 0
-12.522 0.0 0
-12.512 0.0 0
-12.502 0.0 0
-12.492 0.0 0
-12.482 0.0 0
-12.472 0.0 0
-12.462 0.0 0
-12.452 0.0 0
-12.442 0.0 0
-12.432 0.0 0
-12.422 0.0 0
-12.412 0.0 0
-12.402 0.0 0
-12.392 0.0 0
-12.382 0.0 0
-12.372 0.0 0
-12.362 0.0 0
-12.352 0.0 0
-12.342 0.0 0
-12.332 0.0 0
-12.322 0.0 0
-12.312 0.0 0
-12.302 0.0 0
-12.292 0.0 0
-12.282 0.0 0
-12.272 0.0 0
-12.262 0.0 0
-12.252 0.0 0
-12.242 0.0 0
-12.232 0.0 0
-12.222 0.0 0
-12.212 0.0 0
-12.202 0.0 0
-12.192 0.0 0
-12.182 0.0 0
-12.172 0.0 0
-12.162 0.0 0
-12.152 0.0 0
-12.142 0.0 0
-12.132 0.0 0
-12.122 0.0 0
-12.112 0.0 0
-12.102 0.0 0
-12.092 0.0 0
-12.082 0.0 0
-12.072 0.0 0
-12.062 0.0 0
-12.052 0.0 0
-12.042 0.0 0
-12.032 0.0 0
-12.022 0.0 0
-12.012 0.0 0
-12.002 0.0 0
-11.992 0.0 0
-11.982 0.0 0
-11.972 0.0 0
-11.962 0.0 0
-11.952 0.0 0
-11.942 0.0 0
-11.932 0.0 0
-11.922 0.0 0
-11.912 0.0 0
-11.902 0.0 0
-11.892 0.0 0
-11.882 0.0 0
-11.872 0.0 0
-11.862 0.0 0
-11.852 0.0 0
-11.842 0.0 0
-11.832 0.0 0
-11.822 0.0 0
-11.812 0.0 0
-11.802 0.0 0
-11.792 0.0 0
-11.782 0.0 0
-11.772 0.0 0
-11.762 0.0 0
-11.752 0.0 0
-11.742 0.0 0
-11.732 0.0 0
-11.722 0.0 0
-11.712 0.0 0
-11.702 0.0 0
-11.692 0.0 0
-11.682 0.0 0
-11.672 0.0 0
-11.662 0.0 0
-11.652 0.0 0
-11.642 0.0 0
-11.632 0.0 0
-11.622 0.0 0
-11.612 0.0 0
-11.602 0.0 0
-11.592 0.0 0
-11.582 0.0 0
-11.572 0.0 0
-11.562 0.0 0
-11.552 0.0 0
-11.542 0.0 0
-11.532 0.0 0
-11.522 0.0 0
-11.512 0.0 0
-11.502 0.0 0
-11.492 0.0 0
-11.482 0.0 0
-11.472 0.0 0
-11.462 0.0 0
-11.452 0.0 0
-11.442 0.0 0
-11.432 0.0 0
-11.422 0.0 0
-11.412 0.0 0
-11.402 0.0 0
-11.392 0.0 0
-11.382 0.0 0
-11.372 0.0 0
-11.362 0.0 0
-11.352 0.0 0
-11.342 0.0 0
-11.332 0.0 0
-11.322 0.0 0
-11.312 0.0 0
-11.302 0.0 0
-11.292 0.0 0
-11.282 0.0 0
-11.272 0.0 0
-11.262 0.0 0
-11.252 0.0 0
-11.242 0.0 0
-11.232 0.0 0
-11.222 0.0 0
-11.212 0.0 0
-11.202 0.0 0
-11.192 0.0 0
-11.182 0.0 0
-11.172 0.0 0
-11.162 0.0 0
-11.152 0.0 0
-11.142 0.0 0
-11.132 0.0 0
-11.122 0.0 0
-11.112 0.0 0
-11.102 0.0 0
-11.092 0.0 0
-11.082 0.0 0
-11.072 0.0 0
-11.062 0.0 0
-11.052 0.0 0
-11.042 0.0 0
-11.032 0.0 0
-11.022 0.0 0
-11.012 0.0 0
-11.002 0.0 0
-10.992 0.0 0
-10.982 0.0 0
-10.972 0.0 0
-10.962 0.0 0
-10.952 0.0 0
-10.942 0.0 0
-10.932 0.0 0
-10.922 0.0 0
-10.912 0.0 0
-10.902 0.0 0
-10.892 0.0 0
-10.882 0.0 0
-10.872 0.0 0
-10.862 0.0 0
-10.852 0.0 0
-10.842 0.0 0
-10.832 0.0 0
-10.822 0.0 0
-10.812 0.0 0
-10.802 0.0 0
-10.792 0.0 0
-10.782 0.0 0
-10.772 0.0 0
-10.762 0.0 0
-10.752 0.0 0
-10.742 0.0 0
-10.732 0.0 0
-10.722 0.0 0
-10.712 0.0 0
-10.702 0.0 0
-10.692 0.0 0
-10.682 0.0 0
-10.672 0.0 0
-10.662 0.0 0
-10.652 0.0 0
-10.642 0.0 0
-10.632 0.0 0
-10.622 0.0 0
-10.612 0.0 0
-10.602 0.0 0
-10.592 0.0 0
-10.582 0.0 0
-10.572 0.0 0
-10.562 0.0 0
-10.552 0.0 0
-10.542 0.0 0
-10.532 0.0 0
-10.522 0.0 0
-10.512 0.0 0
-10.502 0.0 0
-10.492 0.0 0
-10.482 0.0 0
-10.472 0.0 0
-10.462 0.0 0
-10.452 0.0 0
-10.442 0.0 0
-10.432 0.0 0
-10.422 0.0 0
-10.412 0.0 0
-10.402 0.0 0
-10.392 0.0 0
-10.382 0.0 0
-10.372 0.0 0
-10.362 0.0 0
-10.352 0.0 0
-10.342 0.0 0
-10.332 0.0 0
-10.322 0.0 0
-10.312 0.0 0
-10.302 0.0 0
-10.292 0.0 0
-10.282 0.0 0
-10.272 0.0 0
-10.262 0.0 0
-10.252 0.0 0
-10.242 0.0 0
-10.232 0.0 0
-10.222 0.0 0
-10.212 0.0 0
-10.202 0.0 0
-10.192 0.0 0
-10.182 0.0 0
-10.172 0.0 0
-10.162 0.0 0
-10.152 0.0 0
-10.142 0.0 0
-10.132 0.0 0
-10.122 0.0 0
-10.112 0.0 0
-10.102 0.0 0
-10.092 0.0 0
-10.082 0.0 0
-10.072 0.0 0
-10.062 0.0 0
-10.052 0.0 0
-10.042 0.0 0
-10.032 0.0 0
-10.022 0.0 0
-10.012 0.0 0
-10.002 0.0 0
-9.992 0.0 0
-9.982 0.0 0
-9.972 0.0 0
-9.962 0.0 0
-9.952 0.0 0
-9.942 0.0 0
-9.932 0.0 0
-9.922 0.0 0
-9.912 0.0 0
-9.902 0.0 0
-9.892 0.0 0
-9.882 0.0 0
-9.872 0.0 0
-9.862 0.0 0
-9.852 0.0 0
-9.842 0.0 0
-9.832 0.0 0
-9.822 0.0 0
-9.812 0.0 0
-9.802 0.0 0
-9.792 0.0 0
-9.782 0.0 0
-9.772 0.0 0
-9.762 0.0 0
-9.752 0.0 0
-9.742 0.0 0
-9.732 0.0 0
-9.722 0.0 0
-9.712 0.0 0
-9.702 0.0 0
-9.692 0.0 0
-9.682 0.0 0
-9.672 0.0 0
-9.662 0.0 0
-9.652 0.0 0
-9.642 0.0 0
-9.632 0.0 0
-9.622 0.0 0
-9.612 0.0 0
-9.602 0.0 0
-9.592 0.0 0
-9.582 0.0 0
-9.572 0.0 0
-9.562 0.0 0
-9.552 0.0 0
-9.542 0.0 0
-9.532 0.0 0
-9.522 0.0 0
-9.512 0.0 0
-9.502 0.0 0
-9.492 0.0 0
-9.482 0.0 0
-9.472 0.0 0
-9.462 0.0 0
-9.452 0.0 0
-9.442 0.0 0
-9.432 0.0 0
-9.422 0.0 0
-9.412 0.0 0
-9.402 0.0 0
-9.392 0.0 0
-9.382 0.0 0
-9.372 0.0 0
-9.362 0.0 0
-9.352 0.0 0
-9.342 0.0 0
-9.332 0.0 0
-9.322 0.0 0
-9.312 0.0 0
-9.302 0.0 0
-9.292 0.0 0
-9.282 0.0 0
-9.272 0.0 0
-9.262 0.0 0
-9.252 0.0 0
-9.242 0.0 0
-9.232 0.0 0
-9.222 0.0 0
-9.212 0.0 0
-9.202 0.0 0
-9.192 0.0 0
-9.182 0.0 0
-9.172 0.0 0
-9.162 0.0 0
-9.152 0.0 0
-9.142 0.0 0
-9.132 0.0 0
-9.122 6.219e-14 0
-9.112 1.306e-13 0
-9.102 2.718e-13 0
-9.092 5.602e-13 0
-9.082 1.141e-12 0
-9.072 2.302e-12 0
-9.062 4.581e-12 0
-9.052 9.03e-12 0
-9.042 1.757e-11 0
-9.032 3.395e-11 0
-9.022 6.49e-11 0
-9.012 1.223e-10 0
-9.002 2.29e-10 0
-8.992 4.226e-10 0
-8.982 7.73e-10 0
-8.972 1.4e-09 0
-8.962 2.504e-09 0
-8.952 4.427e-09 0
-8.942 7.75e-09 0
-8.932 1.341e-08 0
-8.922 2.302e-08 0
-8.912 3.894e-08 0
-8.902 6.54e-08 0
-8.892 1.084e-07 0
-8.882 1.78e-07 -7.07e-14
-8.872 2.885e-07 -1.487e-13
-8.862 4.641e-07 -3.092e-13
-8.852 7.37e-07 -6.34e-13
-8.842 1.158e-06 -1.294e-12
-8.832 1.804e-06 -2.59e-12
-8.822 2.767e-06 -5.156e-12
-8.812 4.215e-06 -1.015e-11
-8.802 6.34e-06 -1.978e-11
-8.792 9.44e-06 -3.801e-11
-8.782 1.39e-05 -7.25e-11
-8.772 2.031e-05 -1.367e-10
-8.762 2.923e-05 -2.543e-10
-8.752 4.172e-05 -4.699e-10
-8.742 5.895e-05 -8.57e-10
-8.732 8.23e-05 -1.547e-09
-8.722 0.0001137 -2.758e-09
-8.712 0.0001558 -4.88e-09
-8.702 0.0002106 -8.52e-09
-8.692 0.0002811 -1.475e-08
-8.682 0.000373 -2.518e-08
-8.672 0.0004889 -4.268e-08
-8.662 0.000634 -7.13e-08
-8.652 0.000814 -1.182e-07
-8.642 0.001035 -1.931e-07
-8.632 0.001305 -3.13e-07
-8.622 0.00162 -5.024e-07
-8.612 0.001996 -7.97e-07
-8.602 0.002445 -1.247e-06
-8.592 0.002959 -1.942e-06
-8.582 0.003549 -2.974e-06
-8.572 0.004218 -4.521e-06
-8.562 0.004968 -6.79e-06
-8.552 0.0058 -1.01e-05
-8.542 0.00673 -1.487e-05
-8.532 0.00774 -2.159e-05
-8.522 0.00885 -3.107e-05
-8.512 0.01004 -4.426e-05
-8.502 0.01132 -6.23e-05
-8.492 0.0127 -8.68e-05
-8.482 0.01415 -0.0001197
-8.472 0.01576 -0.0001633
-8.462 0.01744 -0.0002198
-8.452 0.01928 -0.0002943
-8.442 0.02121 -0.0003882
-8.432 0.02322 -0.0005084
-8.422 0.02542 -0.000657
-8.412 0.02771 -0.000841
-8.402 0.0302 -0.001066
-8.392 0.0329 -0.001338
-8.382 0.0356 -0.001665
-8.372 0.0385 -0.002042
-8.362 0.0416 -0.002482
-8.352 0.0447 -0.002995
-8.342 0.0479 -0.003574
-8.332 0.0511 -0.004229
-8.322 0.0543 -0.004952
-8.312 0.0577 -0.00577
-8.302 0.0609 -0.00664
-8.292 0.0641 -0.00759
-8.282 0.0671 -0.00862
-8.272 0.0701 -0.00973
-8.262 0.073 -0.0109
-8.252 0.0757 -0.01215
-8.242 0.0783 -0.0135
-8.232 0.0808 -0.01484
-8.222 0.0831 -0.01634
-8.212 0.0853 -0.018
-8.202 0.0872 -0.01963
-8.192 0.0891 -0.02143
-8.182 0.0908 -0.02342
-8.172 0.0923 -0.02549
-8.162 0.0935 -0.02776
-8.152 0.0945 -0.03012
-8.142 0.0952 -0.0327
-8.132 0.0957 -0.0354
-8.122 0.0958 -0.0382
-8.112 0.0956 -0.0412
-8.102 0.095 -0.0443
-8.092 0.0941 -0.0475
-8.082 0.093 -0.0507
-8.072 0.0916 -0.0539
-8.062 0.09 -0.0571
-8.052 0.0881 -0.0603
-8.042 0.0861 -0.0633
-8.032 0.0842 -0.0662
-8.022 0.0821 -0.0691
-8.012 0.0801 -0.0717
-8.002 0.0781 -0.0742
-7.992 0.0762 -0.0767
-7.982 0.0745 -0.079
-7.972 0.0729 -0.0811
-7.962 0.07146 -0.0831
-7.952 0.07026 -0.0851
-7.942 0.06919 -0.0868
-7.932 0.06825 -0.0885
-7.922 0.06754 -0.09
-7.912 0.06696 -0.0914
-7.902 0.06659 -0.0927
-7.892 0.06633 -0.0937
-7.882 0.06637 -0.0945
-7.872 0.06651 -0.095
-7.862 0.06693 -0.0952
-7.852 0.06744 -0.0951
-7.842 0.06823 -0.0947
-7.832 0.0692 -0.0941
-7.822 0.07044 -0.0931
-7.812 0.07186 -0.0918
-7.802 0.07335 -0.0903
-7.792 0.07502 -0.0887
-7.782 0.07676 -0.0869
-7.772 0.07858 -0.0851
-7.762 0.08048 -0.0832
-7.752 0.08225 -0.0815
-7.742 0.084 -0.0797
-7.732 0.08551 -0.0781
-7.722 0.08699 -0.0767
-7.712 0.08812 -0.0754
-7.702 0.08909 -0.07429
-7.692 0.0898 -0.07328
-7.682 0.0902 -0.07241
-7.672 0.0904 -0.07177
-7.662 0.0904 -0.07127
-7.652 0.09 -0.07089
-7.642 0.0893 -0.07062
-7.632 0.0885 -0.07057
-7.622 0.0874 -0.07061
-7.612 0.0861 -0.07075
-7.602 0.0848 -0.07118
-7.592 0.0833 -0.07169
-7.582 0.0817 -0.07238
-7.572 0.0801 -0.07335
-7.562 0.0784 -0.0744
-7.552 0.0768 -0.07572
-7.542 0.0753 -0.07713
-7.532 0.0738 -0.07871
-7.522 0.0725 -0.08037
-7.512 0.0713 -0.08212
-7.502 0.0703 -0.08384
-7.492 0.0694 -0.08566
-7.482 0.0687 -0.08735
-7.472 0.0681 -0.08892
-7.462 0.0677 -0.09036
-7.452 0.0675 -0.09157
-7.442 0.0674 -0.09273
-7.432 0.0674 -0.09355
-7.422 0.0676 -0.0942
-7.412 0.0679 -0.0946
-7.402 0.0683 -0.0947
-7.392 0.0689 -0.0946
-7.382 0.0695 -0.0944
-7.372 0.0703 -0.0938
-7.362 0.0714 -0.0931
-7.352 0.0725 -0.0922
-7.342 0.0739 -0.0911
-7.332 0.0754 -0.0899
-7.322 0.0772 -0.0886
-7.312 0.0791 -0.0873
-7.302 0.0811 -0.0859
-7.292 0.0832 -0.0845
-7.282 0.0853 -0.0832
-7.272 0.0875 -0.0819
-7.262 0.0894 -0.0807
-7.252 0.09118 -0.0797
-7.242 0.09273 -0.0787
-7.232 0.09381 -0.0778
-7.222 0.09454 -0.0772
-7.212 0.09472 -0.0766
-7.202 0.09436 -0.0762
-7.192 0.09344 -0.076
-7.182 0.09209 -0.0757
-7.172 0.0901 -0.0756
-7.162 0.08766 -0.0757
-7.152 0.08489 -0.0759
-7.142 0.08178 -0.0761
-7.132 0.07852 -0.0765
-7.122 0.07523 -0.077
-7.112 0.07199 -0.0777
-7.102 0.06892 -0.0786
-7.092 0.06619 -0.0797
-7.082 0.06383 -0.081
-7.072 0.06191 -0.0826
-7.062 0.06055 -0.0845
-7.052 0.05964 -0.0865
-7.042 0.05937 -0.0888
-7.032 0.05954 -0.0912
-7.022 0.06025 -0.0936
-7.012 0.06129 -0.0961
-7.002 0.06265 -0.0984
-6.992 0.06423 -0.1006
-6.982 0.06593 -0.1024
-6.972 0.06763 -0.10387
-6.962 0.06932 -0.10481
-6.952 0.07071 -0.10511
-6.942 0.07197 -0.10479
-6.932 0.07281 -0.10383
-6.922 0.07332 -0.10224
-6.912 0.07339 -0.10001
-6.902 0.07291 -0.09715
-6.892 0.07208 -0.09386
-6.882 0.07079 -0.09012
-6.872 0.06904 -0.08605
-6.862 0.06693 -0.08194
-6.852 0.06447 -0.07789
-6.842 0.06164 -0.0739
-6.832 0.05855 -0.07028
-6.822 0.0552 -0.06712
-6.812 0.05171 -0.06432
-6.802 0.04806 -0.06219
-6.792 0.04439 -0.06062
-6.782 0.04078 -0.05971
-6.772 0.03714 -0.05935
-6.762 0.0336 -0.05963
-6.752 0.03014 -0.06037
-6.742 0.02699 -0.06153
-6.732 0.02395 -0.06302
-6.722 0.02112 -0.06463
-6.712 0.01862 -0.06645
-6.702 0.01634 -0.06816
-6.692 0.01429 -0.06986
-6.682 0.01257 -0.07123
-6.672 0.01118 -0.07228
-6.662 0.01002 -0.07298
-6.652 0.00913 -0.0733
-6.642 0.008495 -0.0731
-6.632 0.008103 -0.0726
-6.622 0.007952 -0.0715
-6.612 0.008021 -0.07
-6.602 0.008297 -0.068
-6.592 0.00878 -0.0658
-6.582 0.009448 -0.063
-6.572 0.010312 -0.0601
-6.562 0.011311 -0.0569
-6.552 0.012575 -0.05357
-6.542 0.014064 -0.05006
-6.532 0.015678 -0.04649
-6.522 0.017519 -0.04298
-6.512 0.01949 -0.03934
-6.502 0.02178 -0.03586
-6.492 0.0242 -0.03247
-6.482 0.02694 -0.02917
-6.472 0.02981 -0.02608
-6.462 0.03279 -0.02319
-6.452 0.03599 -0.02053
-6.442 0.03931 -0.01809
-6.432 0.04272 -0.01599
-6.422 0.04604 -0.01402
-6.412 0.04935 -0.01239
-6.402 0.05244 -0.011
-6.392 0.05541 -0.00989
-6.382 0.05805 -0.00903
-6.372 0.06035 -0.00841
-6.362 0.06221 -0.00804
-6.352 0.06352 -0.007872
-6.342 0.06428 -0.007924
-6.332 0.06449 -0.008159
-6.322 0.06414 -0.008576
-6.312 0.06324 -0.009162
-6.302 0.06169 -0.009904
-6.292 0.0597 -0.010851
-6.282 0.05727 -0.011882
-6.272 0.05442 -0.013034
-6.262 0.05124 -0.014407
-6.252 0.04795 -0.015899
-6.242 0.04447 -0.017511
-6.232 0.04109 -0.01934
-6.222 0.03773 -0.02139
-6.212 0.0346 -0.02365
-6.202 0.0318 -0.02603
-6.192 0.02934 -0.02872
-6.182 0.02744 -0.03152
-6.172 0.02599 -0.03453
-6.162 0.02511 -0.03775
-6.152 0.02489 -0.04107
-6.142 0.02535 -0.04448
-6.132 0.02649 -0.04799
-6.122 0.02851 -0.05139
-6.112 0.03122 -0.05467
-6.102 0.03473 -0.05773
-6.092 0.03913 -0.06056
-6.082 0.04442 -0.06306
-6.072 0.05072 -0.06514
-6.062 0.05793 -0.06667
-6.052 0.06624 -0.06767
-6.042 0.07566 -0.06804
-6.032 0.0864 -0.06777
-6.022 0.0985 -0.06696
-6.012 0.1122 -0.06552
-6.002 0.1276 -0.06346
-5.992 0.1453 -0.06087
-5.982 0.1642 -0.05786
-5.972 0.1862 -0.05444
-5.962 0.2103 -0.05071
-5.952 0.2376 -0.04678
-5.942 0.267 -0.04276
-5.932 0.2995 -0.03874
-5.922 0.3341 -0.03474
-5.912 0.3729 -0.03095
-5.902 0.4137 -0.02728
-5.892 0.4565 -0.02394
-5.882 0.5014 -0.02093
-5.872 0.5481 -0.01825
-5.862 0.5958 -0.015902
-5.852 0.6444 -0.01399
-5.842 0.6927 -0.012416
-5.832 0.7398 -0.011283
-5.822 0.7855 -0.01062
-5.812 0.829 -0.01034
-5.802 0.87 -0.01045
-5.792 0.9077 -0.01096
-5.782 0.943 -0.01185
-5.772 0.975 -0.01316
-5.762 1.0036 -0.01475
-5.752 1.029 -0.0167
-5.742 1.0511 -0.01899
-5.732 1.0682 -0.02151
-5.722 1.0872 -0.02436
-5.712 1.1062 -0.02734
-5.702 1.1254 -0.03063
-5.692 1.1348 -0.03402
-5.682 1.1545 -0.03751
-5.672 1.1746 -0.04118
-5.662 1.195 -0.04503
-5.652 1.2158 -0.04894
-5.642 1.237 -0.05293
-5.632 1.2586 -0.05718
-5.622 1.2804 -0.0617
-5.612 1.3024 -0.0666
-5.602 1.3346 -0.072
-5.592 1.3568 -0.0779
-5.582 1.379 -0.0847
-5.572 1.4009 -0.0924
-5.562 1.4226 -0.1011
-5.552 1.4339 -0.1113
-5.542 1.4447 -0.1234
-5.532 1.455 -0.1364
-5.522 1.4647 -0.1516
-5.512 1.4639 -0.1689
-5.502 1.4625 -0.1885
-5.492 1.4505 -0.2093
-5.482 1.4381 -0.2333
-5.472 1.4353 -0.2585
-5.462 1.4221 -0.2848
-5.452 1.4087 -0.3143
-5.442 1.395 -0.3437
-5.432 1.3814 -0.3752
-5.422 1.3677 -0.4067
-5.412 1.3641 -0.439
-5.402 1.3507 -0.4711
-5.392 1.3476 -0.503
-5.382 1.3447 -0.5346
-5.372 1.3421 -0.5649
-5.362 1.3499 -0.5948
-5.352 1.348 -0.6244
-5.342 1.3565 -0.6535
-5.332 1.3554 -0.6814
-5.322 1.3646 -0.7098
-5.312 1.3641 -0.7381
-5.302 1.374 -0.7671
-5.292 1.374 -0.7969
-5.282 1.3743 -0.8277
-5.272 1.3747 -0.8606
-5.262 1.3653 -0.8945
-5.252 1.3559 -0.9296
-5.242 1.3466 -0.968
-5.232 1.3373 -1.0077
-5.222 1.3179 -1.0498
-5.212 1.2985 -1.0903
-5.202 1.279 -1.1312
-5.192 1.2595 -1.1724
-5.182 1.2297 -1.2141
-5.172 1.2099 -1.2561
-5.162 1.1799 -1.2983
-5.152 1.1498 -1.3307
-5.142 1.1195 -1.3632
-5.132 1.0892 -1.3856
-5.122 1.0586 -1.408
-5.112 1.026 -1.4201
-5.102 0.9953 -1.4319
-5.092 0.9645 -1.4234
-5.082 0.9346 -1.4144
-5.072 0.9037 -1.4048
-5.062 0.8737 -1.3747
-5.052 0.8447 -1.3441
-5.042 0.8147 -1.3029
-5.032 0.7857 -1.2611
-5.022 0.7568 -1.2189
-5.012 0.7289 -1.1663
-5.002 0.701 -1.1133
-4.992 0.6722 -1.06
-4.982 0.6454 -1.0096
-4.972 0.6177 -0.96
-4.962 0.5911 -0.9145
-4.952 0.5645 -0.873
-4.942 0.538 -0.8386
-4.932 0.5126 -0.8114
-4.922 0.4872 -0.7915
-4.912 0.4628 -0.7789
-4.902 0.4395 -0.7756
-4.892 0.4172 -0.7797
-4.882 0.3959 -0.7931
-4.872 0.3756 -0.8128
-4.862 0.3564 -0.8389
-4.852 0.3392 -0.8713
-4.842 0.324 -0.909
-4.832 0.3098 -0.9499
-4.822 0.2966 -0.9931
-4.812 0.2865 -1.0356
-4.802 0.2774 -1.0862
-4.792 0.2703 -1.1269
-4.782 0.2653 -1.1777
-4.772 0.2602 -1.2187
-4.762 0.2572 -1.2597
-4.752 0.2553 -1.2907
-4.742 0.2543 -1.3317
-4.732 0.2523 -1.3627
-4.722 0.2514 -1.3936
-4.712 0.2504 -1.4145
-4.702 0.2485 -1.4453
-4.692 0.2465 -1.4661
-4.682 0.2435 -1.4869
-4.672 0.2394 -1.5175
-4.662 0.2343 -1.5382
-4.652 0.2282 -1.5588
-4.642 0.2211 -1.5793
-4.632 0.21287 -1.5999
-4.622 0.20466 -1.6205
-4.612 0.19442 -1.641
-4.602 0.18516 -1.6616
-4.592 0.17489 -1.6822
-4.582 0.16461 -1.7028
-4.572 0.15433 -1.7234
-4.562 0.14505 -1.734
-4.552 0.13578 -1.7446
-4.542 0.12751 -1.7552
-4.532 0.11926 -1.7557
-4.522 0.11203 -1.7561
-4.512 0.10611 -1.7465
-4.502 0.1008 -1.7368
-4.492 0.09651 -1.7269
-4.482 0.09302 -1.7069
-4.472 0.09055 -1.6868
-4.462 0.08899 -1.6566
-4.452 0.08834 -1.6262
-4.442 0.0885 -1.5956
-4.432 0.08937 -1.5548
-4.422 0.09105 -1.5239
-4.412 0.09345 -1.4829
-4.402 0.09647 -1.4317
-4.392 0.1 -1.3903
-4.382 0.10415 -1.3389
-4.372 0.10903 -1.2873
-4.362 0.11403 -1.2257
-4.352 0.11906 -1.174
-4.342 0.12411 -1.1123
-4.332 0.13018 -1.0506
-4.322 0.13528 -0.9949
-4.312 0.14039 -0.9352
-4.302 0.14552 -0.8757
-4.292 0.15065 -0.8162
-4.282 0.15479 -0.7598
-4.272 0.15892 -0.7056
-4.262 0.16204 -0.6545
-4.252 0.16414 -0.60662
-4.242 0.16522 -0.56385
-4.232 0.16627 -0.52524
-4.222 0.16629 -0.49076
-4.212 0.16528 -0.46043
-4.202 0.16323 -0.43521
-4.192 0.16116 -0.41409
-4.182 0.15805 -0.39706
-4.172 0.15391 -0.3831
-4.162 0.15075 -0.3722
-4.152 0.14657 -0.36332
-4.142 0.14138 -0.35647
-4.132 0.13718 -0.35062
-4.122 0.13297 -0.34578
-4.112 0.12877 -0.34192
-4.102 0.12557 -0.33805
-4.092 0.12138 -0.33417
-4.082 0.1192 -0.33028
-4.072 0.11604 -0.32638
-4.062 0.1149 -0.32248
-4.052 0.11376 -0.31958
-4.042 0.11265 -0.31668
-4.032 0.11255 -0.31381
-4.022 0.11346 -0.31294
-4.012 0.11439 -0.3121
-4.002 0.11632 -0.31128
-3.992 0.11826 -0.31247
-3.982 0.12121 -0.31467
-3.972 0.12415 -0.31688
-3.962 0.1281 -0.3191
-3.952 0.13305 -0.3223
-3.942 0.13799 -0.3254
-3.932 0.14393 -0.3276
-3.922 0.14986 -0.3287
-3.912 0.15679 -0.3297
-3.902 0.16472 -0.3297
-3.892 0.17364 -0.3276
-3.882 0.18255 -0.3244
-3.872 0.19246 -0.3192
-3.862 0.20237 -0.31293
-3.852 0.21427 -0.30559
-3.842 0.22617 -0.29621
-3.832 0.23906 -0.28578
-3.822 0.25196 -0.27431
-3.812 0.26586 -0.26182
-3.802 0.27975 -0.24831
-3.792 0.29366 -0.2358
-3.782 0.30856 -0.22128
-3.772 0.32247 -0.20778
-3.762 0.33639 -0.19428
-3.752 0.35032 -0.18081
-3.742 0.36425 -0.16836
-3.732 0.37619 -0.15593
-3.722 0.38814 -0.14354
-3.712 0.3981 -0.13317
-3.702 0.40706 -0.12284
-3.692 0.41404 -0.11354
-3.682 0.42002 -0.10627
-3.672 0.42401 -0.09893
-3.662 0.426999 -0.09301
-3.652 0.426998 -0.08823
-3.642 0.425 -0.08447
-3.632 0.42101 -0.08194
-3.622 0.41501 -0.08043
-3.612 0.40803 -0.07994
-3.602 0.39904 -0.08036
-3.592 0.38805 -0.08171
-3.582 0.37607 -0.083765
-3.572 0.36308 -0.086536
-3.562 0.3501 -0.089917
-3.552 0.33512 -0.093606
-3.542 0.32113 -0.097702
-3.532 0.30616 -0.101903
-3.522 0.29218 -0.105906
-3.512 0.2782 -0.109911
-3.502 0.26423 -0.113917
-3.492 0.25226 -0.117922
-3.482 0.24029 -0.121925
-3.472 0.22932 -0.124926
-3.462 0.21836 -0.127925
-3.452 0.20939 -0.129921
-3.442 0.20143 -0.131913
-3.432 0.19347 -0.132903
-3.422 0.1865 -0.134889
-3.412 0.18054 -0.134872
-3.402 0.17457 -0.135852
-3.392 0.16961 -0.13583
-3.382 0.16564 -0.135806
-3.372 0.16166 -0.13578
-3.362 0.15769 -0.135752
-3.352 0.15471 -0.135723
-3.342 0.15274 -0.134694
-3.332 0.15076 -0.134665
-3.322 0.14978 -0.134636
-3.312 0.1488 -0.134607
-3.302 0.14882 -0.13558
-3.292 0.14985 -0.135555
-3.282 0.15088 -0.136531
-3.272 0.15292 -0.137509
-3.262 0.15496 -0.138491
-3.252 0.15801 -0.140474
-3.242 0.16208 -0.14146
-3.232 0.16615 -0.143449
-3.222 0.17024 -0.14444
-3.212 0.17534 -0.145434
-3.202 0.18045 -0.14743
-3.192 0.18557 -0.148427
-3.182 0.18971 -0.149425
-3.172 0.19485 -0.149424
-3.162 0.199 -0.149424
-3.152 0.20215 -0.149424
-3.142 0.20531 -0.149425
-3.132 0.20747 -0.148425
-3.122 0.20862 -0.148424
-3.112 0.20877 -0.147424
-3.102 0.20791 -0.146423
-3.092 0.20704 -0.146422
-3.082 0.20415 -0.145422
-3.072 0.20025 -0.145423
-3.062 0.19634 -0.146425
-3.052 0.19041 -0.147428
-3.042 0.18446 -0.148433
-3.032 0.1775 -0.150442
-3.022 0.17053 -0.153453
-3.012 0.16355 -0.156467
-3.002 0.15556 -0.160486
-2.992 0.14857 -0.163508
-2.982 0.14059 -0.168535
-2.972 0.1336 -0.172567
-2.962 0.12662 -0.176603
-2.952 0.12064 -0.180643
-2.942 0.11567 -0.183688
-2.932 0.11071 -0.186738
-2.922 0.10676 -0.188791
-2.912 0.10291 -0.189848
-2.902 0.10017 -0.189908
-2.892 0.09812 -0.189971
-2.882 0.09678 -0.18804
-2.872 0.09593 -0.1861
-2.862 0.09568 -0.18317
-2.852 0.09582 -0.17923
-2.842 0.09625 -0.1743
-2.832 0.09706 -0.16936
-2.822 0.09807 -0.16342
-2.812 0.09926 -0.15748
-2.802 0.10055 -0.15153
-2.792 0.10192 -0.14458
-2.782 0.10339 -0.13862
-2.772 0.10486 -0.13165
-2.762 0.10603 -0.12568
-2.752 0.108 -0.1197
-2.742 0.10998 -0.11372
-2.732 0.11098 -0.10874
-2.722 0.11298 -0.10375
-2.712 0.115 -0.09957
-2.702 0.11703 -0.09578
-2.692 0.11808 -0.09249
-2.682 0.12014 -0.09001
-2.672 0.12222 -0.08813
-2.662 0.12431 -0.08696
-2.652 0.1264 -0.0866
-2.642 0.1275 -0.08704
-2.632 0.1296 -0.08829
-2.622 0.1307 -0.09035
-2.612 0.1318 -0.09333
-2.602 0.13288 -0.09711
-2.592 0.13296 -0.1017
-2.582 0.13303 -0.1074
-2.572 0.13309 -0.11351
-2.562 0.13314 -0.12062
-2.552 0.13219 -0.12874
-2.542 0.13122 -0.13787
-2.532 0.13026 -0.14799
-2.522 0.12929 -0.15812
-2.512 0.12833 -0.16925
-2.502 0.12737 -0.18138
-2.492 0.12642 -0.19451
-2.482 0.12648 -0.20864
-2.472 0.12655 -0.22277
-2.462 0.12664 -0.23789
-2.452 0.12673 -0.25301
-2.442 0.12783 -0.26812
-2.432 0.12893 -0.28323
-2.422 0.13004 -0.29833
-2.412 0.13214 -0.31342
-2.402 0.13423 -0.3275
-2.392 0.13631 -0.34156
-2.382 0.13837 -0.35362
-2.372 0.1404 -0.36365
-2.362 0.14241 -0.37267
-2.352 0.14437 -0.37966
-2.342 0.1453 -0.38564
-2.332 0.1462 -0.38759
-2.322 0.14705 -0.38852
-2.312 0.14687 -0.38742
-2.302 0.14565 -0.38331
-2.292 0.1444 -0.37717
-2.282 0.14212 -0.36901
-2.272 0.13983 -0.35883
-2.262 0.13652 -0.34764
-2.252 0.1322 -0.33444
-2.242 0.12789 -0.32124
-2.232 0.12358 -0.30702
-2.222 0.1193 -0.29181
-2.212 0.11503 -0.2776
-2.202 0.11079 -0.26339
-2.192 0.10659 -0.24919
-2.182 0.10272 -0.236
-2.172 0.09949 -0.22383
-2.162 0.09671 -0.21267
-2.152 0.09457 -0.20353
-2.142 0.09308 -0.19541
-2.132 0.09222 -0.1883
-2.122 0.09191 -0.18322
-2.112 0.09234 -0.17915
-2.102 0.0933 -0.1761
-2.092 0.09469 -0.17506
-2.082 0.0966 -0.17404
-2.072 0.09884 -0.17404
-2.062 0.10138 -0.17504
-2.052 0.10423 -0.17506
-2.042 0.10698 -0.17608
-2.032 0.11023 -0.1771
-2.022 0.11346 -0.17713
-2.012 0.11568 -0.17715
-2.002 0.11888 -0.17718
-1.992 0.12205 -0.1762
-1.982 0.1242 -0.17421
-1.972 0.12732 -0.17122
-1.962 0.13041 -0.16721
-1.952 0.13248 -0.16321
-1.942 0.13552 -0.15819
-1.932 0.13754 -0.15316
-1.922 0.14053 -0.14713
-1.912 0.14251 -0.14109
-1.902 0.14548 -0.13404
-1.892 0.14744 -0.127986
-1.882 0.1504 -0.12093
-1.872 0.15236 -0.114872
-1.862 0.15432 -0.108813
-1.852 0.15629 -0.102754
-1.842 0.15828 -0.097897
-1.832 0.16027 -0.092941
-1.822 0.16128 -0.08839
-1.812 0.1623 -0.084342
-1.802 0.16334 -0.0808
-1.792 0.1634 -0.077563
-1.782 0.16347 -0.074731
-1.772 0.16255 -0.072206
-1.762 0.16165 -0.069987
-1.752 0.16076 -0.067974
-1.742 0.15888 -0.066267
-1.732 0.15702 -0.064667
-1.722 0.15516 -0.063172
-1.712 0.15332 -0.061884
-1.702 0.15149 -0.0606
-1.692 0.14968 -0.059522
-1.682 0.14789 -0.058648
-1.672 0.14612 -0.057777
-1.662 0.14436 -0.05721
-1.652 0.14364 -0.056746
-1.642 0.14394 -0.056483
-1.632 0.14326 -0.056421
-1.622 0.14362 -0.056558
-1.612 0.145 -0.056996
-1.602 0.1464 -0.057531
-1.592 0.1478 -0.058365
-1.582 0.1503 -0.059396
-1.572 0.1528 -0.060524
-1.562 0.1562 -0.061849
-1.552 0.1597 -0.06327
-1.542 0.1632 -0.064787
-1.532 0.1667 -0.066301
-1.522 0.1701 -0.067912
-1.512 0.1745 -0.06942
-1.502 0.1779 -0.070926
-1.492 0.1823 -0.072231
-1.482 0.1856 -0.073534
-1.472 0.1888 -0.074736
-1.462 0.192 -0.075738
-1.452 0.1951 -0.076539
-1.442 0.1982 -0.077241
-1.432 0.2002 -0.077744
-1.422 0.2032 -0.078046
-1.412 0.2051 -0.078149
-1.402 0.2069 -0.078053
-1.392 0.2087 -0.077757
-1.382 0.2105 -0.077261
-1.372 0.2123 -0.076565
-1.362 0.215 -0.07567
-1.352 0.2167 -0.074675
-1.342 0.2183 -0.07338
-1.332 0.221 -0.071987
-1.322 0.2236 -0.070494
-1.312 0.2262 -0.0689
-1.302 0.2299 -0.06712
-1.292 0.2325 -0.06533
-1.282 0.2361 -0.06345
-1.272 0.2397 -0.06147
-1.262 0.2433 -0.05959
-1.252 0.2458 -0.05762
-1.242 0.2494 -0.05575
-1.232 0.252 -0.05389
-1.222 0.25463 -0.05213
-1.212 0.25724 -0.05036
-1.202 0.25886 -0.04881
-1.192 0.2605 -0.04725
-1.182 0.26115 -0.04588
-1.172 0.26183 -0.04452
-1.162 0.26253 -0.04325
-1.152 0.26226 -0.04218
-1.142 0.26302 -0.0411
-1.132 0.26281 -0.04022
-1.122 0.26263 -0.03933
-1.112 0.26248 -0.03853
-1.102 0.26237 -0.03793
-1.092 0.26329 -0.03722
-1.082 0.26423 -0.03671
-1.072 0.26521 -0.03619
-1.062 0.26721 -0.03577
-1.052 0.27023 -0.03535
-1.042 0.27328 -0.03493
-1.032 0.27634 -0.0346
-1.022 0.28041 -0.03429
-1.012 0.28449 -0.03397
-1.002 0.28959 -0.03366
-0.992 0.29368 -0.03345
-0.982 0.29778 -0.03325
-0.972 0.30287 -0.03306
-0.962 0.30595 -0.03297
-0.952 0.31002 -0.03288
-0.942 0.31307 -0.0328
-0.932 0.3151 -0.03293
-0.922 0.31612 -0.03296
-0.912 0.3171 -0.03319
-0.902 0.31707 -0.03342
-0.892 0.316 -0.03375
-0.882 0.31391 -0.03419
-0.872 0.31179 -0.03462
-0.862 0.30865 -0.03515
-0.852 0.30549 -0.03578
-0.842 0.3013 -0.03641
-0.832 0.2971 -0.03704
-0.822 0.29289 -0.03766
-0.812 0.28867 -0.03838
-0.802 0.28345 -0.03899
-0.792 0.27822 -0.0395
-0.782 0.274 -0.04
-0.772 0.26778 -0.0403
-0.762 0.26256 -0.0406
-0.752 0.25635 -0.04068
-0.742 0.25015 -0.04066
-0.732 0.24396 -0.04053
-0.722 0.23677 -0.0403
-0.712 0.22959 -0.03996
-0.702 0.22242 -0.03941
-0.692 0.21426 -0.03886
-0.682 0.20611 -0.0381
-0.672 0.19896 -0.03744
-0.662 0.19081 -0.03657
-0.652 0.18368 -0.03581
-0.642 0.17755 -0.03504
-0.632 0.17144 -0.03428
-0.622 0.16733 -0.03351
-0.612 0.16324 -0.03296
-0.602 0.16217 -0.0324
-0.592 0.16211 -0.031963
-0.582 0.16406 -0.031631
-0.572 0.16804 -0.031511
-0.562 0.17403 -0.031504
-0.552 0.18205 -0.031712
-0.542 0.19208 -0.032036
-0.532 0.20313 -0.032477
-0.522 0.21719 -0.03314
-0.512 0.23126 -0.03391
-0.502 0.24634 -0.03481
-0.492 0.26243 -0.03582
-0.482 0.27751 -0.03686
-0.472 0.29359 -0.03801
-0.462 0.30767 -0.03928
-0.452 0.32173 -0.04047
-0.442 0.33278 -0.04178
-0.432 0.34281 -0.0431
-0.422 0.34982 -0.04433
-0.412 0.35482 -0.04568
-0.402 0.35779 -0.04693
-0.392 0.35775 -0.04819
-0.382 0.35569 -0.04946
-0.372 0.35062 -0.05072
-0.362 0.34354 -0.05199
-0.352 0.33545 -0.05324
-0.342 0.32536 -0.05448
-0.332 0.31427 -0.05571
-0.322 0.30219 -0.05693
-0.312 0.29011 -0.05802
-0.302 0.27704 -0.05908
-0.292 0.26599 -0.06012
-0.282 0.25395 -0.06103
-0.272 0.24393 -0.06181
-0.262 0.23392 -0.06235
-0.252 0.22493 -0.06276
-0.242 0.21796 -0.06293
-0.232 0.21201 -0.06297
-0.222 0.20707 -0.06268
-0.212 0.20415 -0.06215
-0.202 0.20224 -0.0615
-0.192 0.20136 -0.06052
-0.182 0.20248 -0.05942
-0.172 0.20363 -0.05819
-0.162 0.20678 -0.05675
-0.152 0.21096 -0.0554
-0.142 0.21614 -0.05395
-0.132 0.22335 -0.05249
-0.122 0.22956 -0.05123
-0.112 0.23779 -0.05007
-0.102 0.24703 -0.04902
-0.092 0.25528 -0.04829
-0.082 0.26553 -0.04776
-0.072 0.27478 -0.04745
-0.062 0.28403 -0.04745
-0.052 0.29326 -0.04757
-0.042 0.30249 -0.04801
-0.032 0.30969 -0.04857
-0.022 0.31687 -0.04924
-0.012 0.32302 -0.05003
-0.002 0.32713 -0.05084
0.008 0.3302 -0.05156
0.018 0.33224 -0.05219
0.028 0.33223 -0.05274
0.038 0.33217 -0.0532
0.048 0.32907 -0.05338
0.058 0.32594 -0.05346
0.068 0.32177 -0.05326
0.078 0.31556 -0.05296
0.088 0.30934 -0.05247
0.098 0.30309 -0.0518
0.108 0.29583 -0.05113
0.118 0.28757 -0.05047
0.128 0.28031 -0.04982
0.138 0.27206 -0.04917
0.148 0.26382 -0.04874
0.158 0.2556 -0.04852
0.168 0.24639 -0.04852
0.178 0.23822 -0.04872
0.188 0.22906 -0.04924
0.198 0.22094 -0.05007
0.208 0.21184 -0.05111
0.218 0.20277 -0.05256
0.228 0.19473 -0.05412
0.238 0.18571 -0.05609
0.248 0.17773 -0.05816
0.258 0.16978 -0.06034
0.268 0.16187 -0.06272
0.278 0.155 -0.06509
0.288 0.14917 -0.06746
0.298 0.14439 -0.06982
0.308 0.14067 -0.07206
0.318 0.13801 -0.07409
0.328 0.13741 -0.076
0.338 0.13789 -0.07779
0.348 0.14045 -0.07926
0.358 0.14408 -0.0805
0.368 0.1498 -0.08152
0.378 0.15659 -0.08233
0.388 0.16446 -0.08301
0.398 0.1734 -0.08347
0.408 0.1834 -0.08382
0.418 0.1944 -0.08417
0.428 0.2065 -0.0844
0.438 0.2175 -0.08463
0.448 0.2296 -0.08487
0.458 0.2406 -0.08531
0.468 0.2516 -0.08586
0.478 0.2605 -0.08662
0.488 0.2692 -0.0876
0.498 0.2759 -0.0889
0.508 0.2814 -0.09053
0.518 0.2848 -0.09237
0.528 0.287 -0.09474
0.538 0.287 -0.09744
0.548 0.2849 -0.10046
0.558 0.2807 -0.104
0.568 0.2752 -0.10827
0.578 0.2687 -0.11245
0.588 0.26 -0.11664
0.598 0.2502 -0.12085
0.608 0.2383 -0.12606
0.618 0.2264 -0.13127
0.628 0.2144 -0.13548
0.638 0.2014 -0.14069
0.648 0.1874 -0.14589
0.658 0.1744 -0.15008
0.668 0.1614 -0.15526
0.678 0.14851 -0.15844
0.688 0.13667 -0.1626
0.698 0.1249 -0.16577
0.708 0.11523 -0.16893
0.718 0.10577 -0.17108
0.728 0.09811 -0.17324
0.738 0.09176 -0.17441
0.748 0.08682 -0.17559
0.758 0.0835 -0.17577
0.768 0.08169 -0.17596
0.778 0.08129 -0.17617
0.788 0.08238 -0.17538
0.798 0.08486 -0.17461
0.808 0.0886 -0.17383
0.818 0.09341 -0.17306
0.828 0.09916 -0.17128
0.838 0.10562 -0.1705
0.848 0.1122 -0.1687
0.858 0.11965 -0.16689
0.868 0.12708 -0.1651
0.878 0.13445 -0.1632
0.888 0.14176 -0.1613
0.898 0.14799 -0.1595
0.908 0.1531 -0.1575
0.918 0.1582 -0.1546
0.928 0.1621 -0.1527
0.938 0.165 -0.1507
0.948 0.16677 -0.1487
0.958 0.16747 -0.1458
0.968 0.16711 -0.1438
0.978 0.16569 -0.1418
0.988 0.16424 -0.1398
0.998 0.16078 -0.1378
1.008 0.15733 -0.1369
1.018 0.1529 -0.1359
1.028 0.14852 -0.1349
1.038 0.1442 -0.1339
1.048 0.13897 -0.133
1.058 0.13483 -0.133
1.068 0.12981 -0.134
1.078 0.12591 -0.134
1.088 0.12113 -0.135
1.098 0.11849 -0.1359
1.108 0.11498 -0.1379
1.118 0.11261 -0.1389
1.128 0.11136 -0.1408
1.138 0.11022 -0.1417
1.148 0.1096 -0.1437
1.158 0.1096 -0.1456
1.168 0.1103 -0.1465
1.178 0.1113 -0.1484
1.188 0.1128 -0.1494
1.198 0.1145 -0.1503
1.208 0.1164 -0.1512
1.218 0.1181 -0.1512
1.228 0.1202 -0.1511
1.238 0.1221 -0.1511
1.248 0.1239 -0.151
1.258 0.1256 -0.14997
1.268 0.1272 -0.14891
1.278 0.1287 -0.14786
1.288 0.13 -0.1468
1.298 0.1313 -0.14573
1.308 0.1324 -0.14465
1.318 0.1345 -0.14257
1.328 0.1356 -0.14147
1.338 0.1375 -0.14037
1.348 0.1395 -0.13925
1.358 0.1415 -0.13812
1.368 0.1434 -0.13697
1.378 0.1463 -0.13682
1.388 0.1493 -0.13665
1.398 0.1522 -0.13747
1.408 0.1551 -0.13727
1.418 0.158 -0.13807
1.428 0.1608 -0.13985
1.438 0.1625 -0.14062
1.448 0.1642 -0.14238
1.458 0.1658 -0.14414
1.468 0.1653 -0.14588
1.478 0.1646 -0.14762
1.488 0.1639 -0.14936
1.498 0.161 -0.15109
1.508 0.1581 -0.15282
1.518 0.155 -0.15455
1.528 0.1499 -0.15629
1.538 0.1448 -0.15703
1.548 0.1396 -0.15777
1.558 0.1334 -0.15852
1.568 0.1272 -0.15827
1.578 0.121 -0.15904
1.588 0.11393 -0.15882
1.598 0.10769 -0.1586
1.608 0.10132 -0.15841
1.618 0.09493 -0.15822
1.628 0.08883 -0.15705
1.638 0.08293 -0.1569
1.648 0.07731 -0.15677
1.658 0.07189 -0.15766
1.668 0.06686 -0.15758
1.678 0.06201 -0.15752
1.688 0.05753 -0.15849
1.698 0.05333 -0.15949
1.708 0.04939 -0.16052
1.718 0.04581 -0.16158
1.728 0.04259 -0.16268
1.738 0.03962 -0.1648
1.748 0.037 -0.16595
1.758 0.03474 -0.16814
1.768 0.03271 -0.17035
1.778 0.03114 -0.17258
1.788 0.02982 -0.17484
1.798 0.02885 -0.17711
1.808 0.02813 -0.1794
1.818 0.02776 -0.1827
1.828 0.02775 -0.185
1.838 0.02809 -0.18831
1.848 0.02858 -0.19163
1.858 0.02941 -0.19494
1.868 0.03048 -0.19825
1.878 0.03178 -0.20156
1.888 0.0332 -0.20486
1.898 0.03482 -0.20816
1.908 0.03643 -0.21245
1.918 0.0381 -0.21574
1.928 0.0398 -0.21902
1.938 0.0414 -0.22229
1.948 0.0429 -0.22455
1.958 0.0441 -0.2268
1.968 0.045 -0.22904
1.978 0.0458 -0.23126
1.988 0.0462 -0.23247
1.998 0.0463 -0.23266
2.008 0.0459 -0.23283
2.018 0.0454 -0.23199
2.028 0.0444 -0.2311
2.038 0.0432 -0.2302
2.048 0.0417 -0.2283
2.058 0.0401 -0.2264
2.068 0.0383 -0.2235
2.078 0.0365 -0.2215
2.088 0.03461 -0.2186
2.098 0.03287 -0.2166
2.108 0.03118 -0.2137
2.118 0.02975 -0.2117
2.128 0.02849 -0.2098
2.138 0.02752 -0.2079
2.148 0.02683 -0.207
2.158 0.02653 -0.2052
2.168 0.02643 -0.2033
2.178 0.0267 -0.2025
2.188 0.02725 -0.2007
2.198 0.02795 -0.1999
2.208 0.0288 -0.1981
2.218 0.02978 -0.1963
2.228 0.03077 -0.1945
2.238 0.03174 -0.1927
2.248 0.0326 -0.1899
2.258 0.0333 -0.1871
2.268 0.03385 -0.1843
2.278 0.03413 -0.1815
2.288 0.03413 -0.1777
2.298 0.03375 -0.1749
2.308 0.03318 -0.1711
2.318 0.03222 -0.1683
2.328 0.03099 -0.1655
2.338 0.02949 -0.1628
2.348 0.02782 -0.1611
2.358 0.02591 -0.1594
2.368 0.02396 -0.1589
2.378 0.02189 -0.1584
2.388 0.01971 -0.158
2.398 0.01764 -0.1588
2.408 0.01558 -0.1606
2.418 0.01367 -0.1625
2.428 0.01182 -0.1654
2.438 0.01013 -0.1685
2.448 0.00858 -0.1716
2.458 0.00719 -0.1757
2.468 0.00596 -0.1798
2.478 0.00489 -0.1848
2.488 0.00397 -0.1888
2.498 0.003182 -0.1927
2.508 0.002523 -0.1975
2.518 0.001984 -0.2011
2.528 0.001543 -0.2045
2.538 0.001186 -0.2067
2.548 0.000901 -0.2087
2.558 0.000678 -0.2095
2.568 0.000504 -0.2091
2.578 0.000372 -0.2084
2.588 0.0002702 -0.2066
2.598 0.0001954 -0.2047
2.608 0.0001391 -0.2006
2.618 9.79e-05 -0.1964
2.628 6.83e-05 -0.1911
2.638 4.71e-05 -0.1858
2.648 3.222e-05 -0.1795
2.658 2.175e-05 -0.1732
2.668 1.448e-05 -0.167
2.678 9.59e-06 -0.1598
2.688 6.27e-06 -0.1537
2.698 4.05e-06 -0.1467
2.708 2.59e-06 -0.1408
2.718 1.64e-06 -0.1349
2.728 1.027e-06 -0.1292
2.738 6.36e-07 -0.1235
2.748 3.9e-07 -0.1189
2.758 2.367e-07 -0.1143
2.768 1.418e-07 -0.10986
2.778 8.41e-08 -0.10665
2.788 4.93e-08 -0.10339
2.798 2.864e-08 -0.1004
2.808 1.64e-08 -0.09777
2.818 9.34e-09 -0.09531
2.828 5.25e-09 -0.09313
2.838 2.918e-09 -0.09103
2.848 1.609e-09 -0.08913
2.858 8.73e-10 -0.08744
2.868 4.7e-10 -0.08587
2.878 2.504e-10 -0.08452
2.888 1.317e-10 -0.0834
2.898 6.87e-11 -0.0824
2.908 3.537e-11 -0.0818
2.918 1.803e-11 -0.0814
2.928 9.1e-12 -0.0814
2.938 4.54e-12 -0.0817
2.948 2.243e-12 -0.0825
2.958 1.095e-12 -0.0837
2.968 5.29e-13 -0.0854
2.978 2.531e-13 -0.0876
2.988 5.4800611e-16 -0.0902
2.998 2.6500295e-16 -0.0931
3.008 1.2600141e-16 -0.0965
3.018 0.0 -0.1003
3.028 0.0 -0.1044
3.038 0.0 -0.1087
3.048 0.0 -0.1131
3.058 0.0 -0.1177
3.068 0.0 -0.1222
3.078 0.0 -0.1267
3.088 0.0 -0.1309
3.098 0.0 -0.1344
3.108 0.0 -0.1378
3.118 0.0 -0.1411
3.128 0.0 -0.1434
3.138 0.0 -0.1457
3.148 0.0 -0.146
3.158 0.0 -0.1463
3.168 0.0 -0.1456
3.178 0.0 -0.144
3.188 0.0 -0.1423
3.198 0.0 -0.1385
3.208 0.0 -0.1348
3.218 0.0 -0.1307
3.228 0.0 -0.1257
3.238 0.0 -0.1202
3.248 0.0 -0.1145
3.258 0.0 -0.1086
3.268 0.0 -0.1024
3.278 0.0 -0.0964
3.288 0.0 -0.0904
3.298 0.0 -0.0847
3.308 0.0 -0.0793
3.318 0.0 -0.0741
3.328 0.0 -0.0694
3.338 0.0 -0.065
3.348 0.0 -0.0611
3.358 0.0 -0.0575
3.368 0.0 -0.0543
3.378 0.0 -0.0513
3.388 0.0 -0.0486
3.398 0.0 -0.0461
3.408 0.0 -0.0438
3.418 0.0 -0.0415
3.428 0.0 -0.0394
3.438 0.0 -0.0372
3.448 0.0 -0.035
3.458 0.0 -0.0328
3.468 0.0 -0.0307
3.478 0.0 -0.0286
3.488 0.0 -0.0264
3.498 0.0 -0.0242
3.508 0.0 -0.0222
3.518 0.0 -0.02009
3.528 0.0 -0.01823
3.538 0.0 -0.01647
3.548 0.0 -0.01487
3.558 0.0 -0.01346
3.568 0.0 -0.01227
3.578 0.0 -0.01131
3.588 0.0 -0.0106
3.598 0.0 -0.01015
3.608 0.0 -0.00997
3.618 0.0 -0.01005
3.628 0.0 -0.0104
3.638 0.0 -0.01099
3.648 0.0 -0.01182
3.658 0.0 -0.01286
3.668 0.0 -0.01409
3.678 0.0 -0.01549
3.688 0.0 -0.01698
3.698 0.0 -0.0185
3.708 0.0 -0.02017
3.718 0.0 -0.02174
3.728 0.0 -0.02317
3.738 0.0 -0.0246
3.748 0.0 -0.0258
3.758 0.0 -0.0268
3.768 0.0 -0.0275
3.778 0.0 -0.028
3.788 0.0 -0.0282
3.798 0.0 -0.0282
3.808 0.0 -0.0277
3.818 0.0 -0.027
3.828 0.0 -0.0261
3.838 0.0 -0.0249
3.848 0.0 -0.02352
3.858 0.0 -0.02196
3.868 0.0 -0.02026
3.878 0.0 -0.01852
3.888 0.0 -0.01677
3.898 0.0 -0.015
3.908 0.0 -0.01327
3.918 0.0 -0.01162
3.928 0.0 -0.01007
3.938 0.0 -0.00862
3.948 0.0 -0.0073
3.958 0.0 -0.00613
3.968 0.0 -0.00509
3.978 0.0 -0.00417
3.988 0.0 -0.00339
3.998 0.0 -0.00272
4.008 0.0 -0.002161
4.018 0.0 -0.001697
4.028 0.0 -0.001319
4.038 0.0 -0.001014
4.048 0.0 -0.000772
4.058 0.0 -0.000581
4.068 0.0 -0.000433
4.078 0.0 -0.000318
4.088 0.0 -0.000232
4.098 0.0 -0.0001673
4.108 0.0 -0.0001192
4.118 0.0 -8.41e-05
4.128 0.0 -5.87e-05
4.138 0.0 -4.05e-05
4.148 0.0 -2.77e-05
4.158 0.0 -1.869e-05
4.168 0.0 -1.249e-05
4.178 0.0 -8.26e-06
4.188 0.0 -5.4e-06
4.198 0.0 -3.49e-06
4.208 0.0 -2.234e-06
