-17.875 0.00021 -0.00021
-17.865 0.000322 -0.000322
-17.855 0.000486 -0.000488
-17.845 0.000728 -0.000728
-17.835 0.001078 -0.00108
-17.825 0.001578 -0.00158
-17.815 0.00228 -0.00228
-17.805 0.00328 -0.00328
-17.795 0.00464 -0.00466
-17.785 0.00652 -0.00652
-17.775 0.00904 -0.00906
-17.765 0.01242 -0.01244
-17.755 0.01686 -0.01688
-17.745 0.0226 -0.0226
-17.735 0.0302 -0.0302
-17.725 0.0396 -0.0396
-17.715 0.0514 -0.0516
-17.705 0.0662 -0.0662
-17.695 0.0842 -0.0844
-17.685 0.1062 -0.1062
-17.675 0.1322 -0.1322
-17.665 0.1628 -0.163
-17.655 0.1986 -0.1986
-17.645 0.24 -0.24
-17.635 0.286 -0.286
-17.625 0.336 -0.338
-17.615 0.394 -0.394
-17.605 0.454 -0.454
-17.595 0.518 -0.52
-17.585 0.586 -0.586
-17.575 0.656 -0.656
-17.565 0.724 -0.726
-17.555 0.794 -0.794
-17.545 0.858 -0.858
-17.535 0.92 -0.92
-17.525 0.974 -0.974
-17.515 1.02 -1.02
-17.505 1.058 -1.058
-17.495 1.084 -1.084
-17.485 1.1 -1.1
-17.475 1.104 -1.104
-17.465 1.096 -1.096
-17.455 1.076 -1.076
-17.445 1.044 -1.044
-17.435 1.004 -1.004
-17.425 0.954 -0.954
-17.415 0.898 -0.898
-17.405 0.836 -0.836
-17.395 0.768 -0.768
-17.385 0.7 -0.7
-17.375 0.63 -0.63
-17.365 0.562 -0.562
-17.355 0.496 -0.494
-17.345 0.432 -0.432
-17.335 0.372 -0.372
-17.325 0.318 -0.318
-17.315 0.268 -0.268
-17.305 0.224 -0.224
-17.295 0.185 -0.185
-17.285 0.1512 -0.1512
-17.275 0.1222 -0.1222
-17.265 0.0978 -0.0978
-17.255 0.0774 -0.0774
-17.245 0.0606 -0.0606
-17.235 0.0468 -0.0468
-17.225 0.036 -0.0358
-17.215 0.0272 -0.0272
-17.205 0.0204 -0.0204
-17.195 0.01512 -0.01512
-17.185 0.0111 -0.01108
-17.175 0.00806 -0.00804
-17.165 0.00578 -0.00578
-17.155 0.0041 -0.0041
-17.145 0.00288 -0.00288
-17.135 0.002 -0.002
-17.125 0.001378 -0.001376
-17.115 0.000938 -0.000936
-17.105 0.00063 -0.00063
-17.095 0.00042 -0.00042
-17.085 0.000276 -0.000276
-17.075 0.00018 -0.0001798
-17.065 0.000116 -0.0001158
-17.055 7.4e-05 -7.38e-05
-17.045 4.66e-05 -4.66e-05
-17.035 2.9e-05 -2.9e-05
-17.025 1.794e-05 -1.792e-05
-17.015 1.096e-05 -1.094e-05
-17.005 6.62e-06 -6.6e-06
-16.995 3.96e-06 -3.94e-06
-16.985 2.34e-06 -2.34e-06
-16.975 1.366e-06 -1.364e-06
-16.965 7.9e-07 -7.88e-07
-16.955 4.52e-07 -4.52e-07
-16.945 2.56e-07 -2.56e-07
-16.935 1.432e-07 -1.43e-07
-16.925 7.94e-08 -7.92e-08
-16.915 4.34e-08 -4.34e-08
-16.905 2.36e-08 -2.36e-08
-16.895 1.264e-08 -1.262e-08
-16.885 6.7e-09 -6.68e-09
-16.875 3.52e-09 -3.52e-09
-16.865 1.826e-09 -1.822e-09
-16.855 9.38e-10 -9.36e-10
-16.845 4.76e-10 -4.76e-10
-16.835 2.4e-10 -2.38e-10
-16.825 1.19e-10 -1.188e-10
-16.815 5.86e-11 -5.84e-11
-16.805 2.84e-11 -2.84e-11
-16.795 1.37e-11 -1.368e-11
-16.785 6.52e-12 -6.52e-12
-16.775 0.0 0
-16.765 0.0 0
-16.755 0.0 0
-16.745 0.0 0
-16.735 0.0 0
-16.725 0.0 0
-16.715 0.0 0
-16.705 0.0 0
-16.695 0.0 0
-16.685 0.0 0
-16.675 0.0 0
-16.665 0.0 0
-16.655 0.0 0
-16.645 0.0 0
-16.635 0.0 0
-16.625 0.0 0
-16.615 0.0 0
-16.605 0.0 0
-16.595 0.0 0
-16.585 0.0 0
-16.575 0.0 0
-16.565 0.0 0
-16.555 0.0 0
-16.545 0.0 0
-16.535 0.0 0
-16.525 0.0 0
-16.515 0.0 0
-16.505 0.0 0
-16.495 0.0 0
-16.485 0.0 0
-16.475 0.0 0
-16.465 0.0 0
-16.455 0.0 0
-16.445 0.0 0
-16.435 0.0 0
-16.425 0.0 0
-16.415 0.0 0
-16.405 0.0 0
-16.395 0.0 0
-16.385 0.0 0
-16.375 0.0 0
-16.365 0.0 0
-16.355 0.0 0
-16.345 0.0 0
-16.335 0.0 0
-16.325 0.0 0
-16.315 0.0 0
-16.305 0.0 0
-16.295 0.0 0
-16.285 0.0 0
-16.275 0.0 0
-16.265 0.0 0
-16.255 0.0 0
-16.245 0.0 0
-16.235 0.0 0
-16.225 0.0 0
-16.215 0.0 0
-16.205 0.0 0
-16.195 0.0 0
-16.185 0.0 0
-16.175 0.0 0
-16.165 0.0 0
-16.155 0.0 0
-16.145 0.0 0
-16.135 0.0 0
-16.125 0.0 0
-16.115 0.0 0
-16.105 0.0 0
-16.095 0.0 0
-16.085 0.0 0
-16.075 0.0 0
-16.065 0.0 0
-16.055 0.0 0
-16.045 0.0 0
-16.035 0.0 0
-16.025 0.0 0
-16.015 0.0 0
-16.005 0.0 0
-15.995 0.0 0
-15.985 0.0 0
-15.975 0.0 0
-15.965 0.0 0
-15.955 0.0 0
-15.945 0.0 0
-15.935 0.0 0
-15.925 0.0 0
-15.915 0.0 0
-15.905 0.0 0
-15.895 0.0 0
-15.885 0.0 0
-15.875 0.0 0
-15.865 0.0 0
-15.855 0.0 0
-15.845 0.0 0
-15.835 0.0 0
-15.825 0.0 0
-15.815 0.0 0
-15.805 0.0 0
-15.795 0.0 0
-15.785 0.0 0
-15.775 0.0 0
-15.765 0.0 0
-15.755 0.0 0
-15.745 0.0 0
-15.735 0.0 0
-15.725 0.0 0
-15.715 0.0 0
-15.705 0.0 0
-15.695 0.0 0
-15.685 0.0 0
-15.675 0.0 0
-15.665 0.0 0
-15.655 0.0 0
-15.645 0.0 0
-15.635 0.0 0
-15.625 0.0 0
-15.615 0.0 0
-15.605 0.0 0
-15.595 0.0 0
-15.585 0.0 0
-15.575 0.0 0
-15.565 0.0 0
-15.555 0.0 0
-15.545 0.0 0
-15.535 0.0 0
-15.525 0.0 0
-15.515 0.0 0
-15.505 0.0 0
-15.495 0.0 0
-15.485 0.0 0
-15.475 0.0 0
-15.465 0.0 0
-15.455 0.0 0
-15.445 0.0 0
-15.435 0.0 0
-15.425 0.0 0
-15.415 0.0 0
-15.405 0.0 0
-15.395 0.0 0
-15.385 0.0 0
-15.375 0.0 0
-15.365 0.0 0
-15.355 0.0 0
-15.345 0.0 0
-15.335 0.0 0
-15.325 0.0 0
-15.315 0.0 0
-15.305 0.0 0
-15.295 0.0 0
-15.285 0.0 0
-15.275 0.0 0
-15.265 0.0 0
-15.255 0.0 0
-15.245 0.0 0
-15.235 0.0 0
-15.225 0.0 0
-15.215 0.0 0
-15.205 0.0 0
-15.195 0.0 0
-15.185 0.0 0
-15.175 0.0 0
-15.165 0.0 0
-15.155 0.0 0
-15.145 0.0 0
-15.135 0.0 0
-15.125 0.0 0
-15.115 0.0 0
-15.105 0.0 0
-15.095 0.0 0
-15.085 0.0 0
-15.075 0.0 0
-15.065 0.0 0
-15.055 0.0 0
-15.045 0.0 0
-15.035 0.0 0
-15.025 0.0 0
-15.015 0.0 0
-15.005 0.0 0
-14.995 0.0 0
-14.985 0.0 0
-14.975 0.0 0
-14.965 0.0 0
-14.955 0.0 0
-14.945 0.0 0
-14.935 0.0 0
-14.925 0.0 0
-14.915 0.0 0
-14.905 0.0 0
-14.895 0.0 0
-14.885 0.0 0
-14.875 0.0 0
-14.865 0.0 0
-14.855 0.0 0
-14.845 0.0 0
-14.835 0.0 0
-14.825 0.0 0
-14.815 0.0 0
-14.805 0.0 0
-14.795 0.0 0
-14.785 0.0 0
-14.775 0.0 0
-14.765 0.0 0
-14.755 0.0 0
-14.745 0.0 0
-14.735 0.0 0
-14.725 0.0 0
-14.715 0.0 0
-14.705 0.0 0
-14.695 0.0 0
-14.685 0.0 0
-14.675 0.0 0
-14.665 0.0 0
-14.655 0.0 0
-14.645 0.0 0
-14.635 0.0 0
-14.625 0.0 0
-14.615 0.0 0
-14.605 0.0 0
-14.595 0.0 0
-14.585 0.0 0
-14.575 0.0 0
-14.565 0.0 0
-14.555 0.0 0
-14.545 0.0 0
-14.535 0.0 0
-14.525 0.0 0
-14.515 0.0 0
-14.505 0.0 0
-14.495 0.0 0
-14.485 0.0 0
-14.475 0.0 0
-14.465 0.0 0
-14.455 0.0 0
-14.445 0.0 0
-14.435 0.0 0
-14.425 0.0 0
-14.415 0.0 0
-14.405 0.0 0
-14.395 0.0 0
-14.385 0.0 0
-14.375 0.0 0
-14.365 0.0 0
-14.355 0.0 0
-14.345 0.0 0
-14.335 0.0 0
-14.325 0.0 0
-14.315 0.0 0
-14.305 0.0 0
-14.295 0.0 0
-14.285 0.0 0
-14.275 0.0 0
-14.265 0.0 0
-14.255 0.0 0
-14.245 0.0 0
-14.235 0.0 0
-14.225 0.0 0
-14.215 0.0 0
-14.205 0.0 0
-14.195 0.0 0
-14.185 0.0 0
-14.175 0.0 0
-14.165 0.0 0
-14.155 0.0 0
-14.145 0.0 0
-14.135 0.0 0
-14.125 0.0 0
-14.115 0.0 0
-14.105 0.0 0
-14.095 0.0 0
-14.085 0.0 0
-14.075 0.0 0
-14.065 0.0 0
-14.055 0.0 0
-14.045 0.0 0
-14.035 0.0 0
-14.025 0.0 0
-14.015 0.0 0
-14.005 0.0 0
-13.995 0.0 0
-13.985 0.0 0
-13.975 0.0 0
-13.965 0.0 0
-13.955 0.0 0
-13.945 0.0 0
-13.935 0.0 0
-13.925 0.0 0
-13.915 0.0 0
-13.905 0.0 0
-13.895 0.0 0
-13.885 0.0 0
-13.875 0.0 0
-13.865 0.0 0
-13.855 0.0 0
-13.845 0.0 0
-13.835 0.0 0
-13.825 0.0 0
-13.815 0.0 0
-13.805 0.0 0
-13.795 0.0 0
-13.785 0.0 0
-13.775 0.0 0
-13.765 0.0 0
-13.755 0.0 0
-13.745 0.0 0
-13.735 0.0 0
-13.725 0.0 0
-13.715 0.0 0
-13.705 0.0 0
-13.695 0.0 0
-13.685 0.0 0
-13.675 0.0 0
-13.665 0.0 0
-13.655 0.0 0
-13.645 0.0 0
-13.635 0.0 0
-13.625 0.0 0
-13.615 0.0 0
-13.605 0.0 0
-13.595 0.0 0
-13.585 0.0 0
-13.575 0.0 0
-13.565 0.0 0
-13.555 0.0 0
-13.545 0.0 0
-13.535 0.0 0
-13.525 0.0 0
-13.515 0.0 0
-13.505 0.0 0
-13.495 0.0 0
-13.485 0.0 0
-13.475 0.0 0
-13.465 0.0 0
-13.455 0.0 0
-13.445 0.0 0
-13.435 0.0 0
-13.425 0.0 0
-13.415 0.0 0
-13.405 0.0 0
-13.395 0.0 0
-13.385 0.0 0
-13.375 0.0 0
-13.365 0.0 0
-13.355 0.0 0
-13.345 0.0 0
-13.335 0.0 0
-13.325 0.0 0
-13.315 0.0 0
-13.305 0.0 0
-13.295 0.0 0
-13.285 0.0 0
-13.275 0.0 0
-13.265 0.0 0
-13.255 0.0 0
-13.245 0.0 0
-13.235 0.0 0
-13.225 0.0 0
-13.215 0.0 0
-13.205 0.0 0
-13.195 0.0 0
-13.185 0.0 0
-13.175 0.0 0
-13.165 0.0 0
-13.155 0.0 0
-13.145 0.0 0
-13.135 0.0 0
-13.125 0.0 0
-13.115 0.0 0
-13.105 0.0 0
-13.095 0.0 0
-13.085 0.0 0
-13.075 0.0 0
-13.065 0.0 0
-13.055 0.0 0
-13.045 0.0 0
-13.035 0.0 0
-13.025 0.0 0
-13.015 0.0 0
-13.005 0.0 0
-12.995 0.0 0
-12.985 0.0 0
-12.975 0.0 0
-12.965 0.0 0
-12.955 0.0 0
-12.945 0.0 0
-12.935 0.0 0
-12.925 0.0 0
-12.915 0.0 0
-12.905 0.0 0
-12.895 0.0 0
-12.885 0.0 0
-12.875 0.0 0
-12.865 0.0 0
-12.855 0.0 0
-12.845 0.0 0
-12.835 0.0 0
-12.825 0.0 0
-12.815 0.0 0
-12.805 0.0 0
-12.795 0.0 0
-12.785 0.0 0
-12.775 0.0 0
-12.765 0.0 0
-12.755 0.0 0
-12.745 0.0 0
-12.735 0.0 0
-12.725 0.0 0
-12.715 0.0 0
-12.705 0.0 0
-12.695 0.0 0
-12.685 0.0 0
-12.675 0.0 0
-12.665 0.0 0
-12.655 0.0 0
-12.645 0.0 0
-12.635 0.0 0
-12.625 0.0 0
-12.615 0.0 0
-12.605 0.0 0
-12.595 0.0 0
-12.585 0.0 0
-12.575 0.0 0
-12.565 0.0 0
-12.555 0.0 0
-12.545 0.0 0
-12.535 0.0 0
-12.525 0.0 0
-12.515 0.0 0
-12.505 0.0 0
-12.495 0.0 0
-12.485 0.0 0
-12.475 0.0 0
-12.465 0.0 0
-12.455 0.0 0
-12.445 0.0 0
-12.435 0.0 0
-12.425 0.0 0
-12.415 0.0 0
-12.405 0.0 0
-12.395 0.0 0
-12.385 0.0 0
-12.375 0.0 0
-12.365 0.0 0
-12.355 0.0 0
-12.345 0.0 0
-12.335 0.0 0
-12.325 0.0 0
-12.315 0.0 0
-12.305 0.0 0
-12.295 0.0 0
-12.285 0.0 0
-12.275 0.0 0
-12.265 0.0 0
-12.255 0.0 0
-12.245 0.0 0
-12.235 0.0 0
-12.225 0.0 0
-12.215 0.0 0
-12.205 0.0 0
-12.195 0.0 0
-12.185 0.0 0
-12.175 0.0 0
-12.165 0.0 0
-12.155 0.0 0
-12.145 0.0 0
-12.135 0.0 0
-12.125 0.0 0
-12.115 0.0 0
-12.105 0.0 0
-12.095 0.0 0
-12.085 0.0 0
-12.075 0.0 0
-12.065 0.0 0
-12.055 0.0 0
-12.045 0.0 0
-12.035 0.0 0
-12.025 0.0 0
-12.015 0.0 0
-12.005 0.0 0
-11.995 0.0 0
-11.985 0.0 0
-11.975 0.0 0
-11.965 0.0 0
-11.955 0.0 0
-11.945 0.0 0
-11.935 0.0 0
-11.925 0.0 0
-11.915 0.0 0
-11.905 0.0 0
-11.895 0.0 0
-11.885 0.0 0
-11.875 0.0 0
-11.865 0.0 0
-11.855 0.0 0
-11.845 0.0 0
-11.835 0.0 0
-11.825 0.0 0
-11.815 0.0 0
-11.805 0.0 0
-11.795 0.0 0
-11.785 0.0 0
-11.775 0.0 0
-11.765 0.0 0
-11.755 0.0 0
-11.745 0.0 0
-11.735 0.0 0
-11.725 0.0 0
-11.715 0.0 0
-11.705 0.0 0
-11.695 0.0 0
-11.685 0.0 0
-11.675 0.0 0
-11.665 0.0 0
-11.655 0.0 0
-11.645 0.0 0
-11.635 0.0 0
-11.625 0.0 0
-11.615 0.0 0
-11.605 0.0 0
-11.595 0.0 0
-11.585 0.0 0
-11.575 0.0 0
-11.565 0.0 0
-11.555 0.0 0
-11.545 0.0 0
-11.535 0.0 0
-11.525 0.0 0
-11.515 0.0 0
-11.505 0.0 0
-11.495 0.0 0
-11.485 0.0 0
-11.475 0.0 0
-11.465 0.0 0
-11.455 0.0 0
-11.445 0.0 0
-11.435 0.0 0
-11.425 0.0 0
-11.415 0.0 0
-11.405 0.0 0
-11.395 0.0 0
-11.385 0.0 0
-11.375 0.0 0
-11.365 0.0 0
-11.355 0.0 0
-11.345 0.0 0
-11.335 0.0 0
-11.325 0.0 0
-11.315 0.0 0
-11.305 0.0 0
-11.295 0.0 0
-11.285 0.0 0
-11.275 0.0 0
-11.265 0.0 0
-11.255 0.0 0
-11.245 0.0 0
-11.235 0.0 0
-11.225 0.0 0
-11.215 0.0 0
-11.205 0.0 0
-11.195 0.0 0
-11.185 0.0 0
-11.175 0.0 0
-11.165 0.0 0
-11.155 0.0 0
-11.145 0.0 0
-11.135 0.0 0
-11.125 0.0 0
-11.115 0.0 0
-11.105 0.0 0
-11.095 0.0 0
-11.085 0.0 0
-11.075 0.0 0
-11.065 0.0 0
-11.055 0.0 0
-11.045 0.0 0
-11.035 0.0 0
-11.025 0.0 0
-11.015 0.0 0
-11.005 0.0 0
-10.995 0.0 0
-10.985 0.0 0
-10.975 0.0 0
-10.965 0.0 0
-10.955 0.0 0
-10.945 0.0 0
-10.935 0.0 0
-10.925 0.0 0
-10.915 0.0 0
-10.905 0.0 0
-10.895 0.0 0
-10.885 0.0 0
-10.875 0.0 0
-10.865 0.0 0
-10.855 0.0 0
-10.845 0.0 0
-10.835 0.0 0
-10.825 0.0 0
-10.815 0.0 0
-10.805 0.0 0
-10.795 0.0 0
-10.785 0.0 0
-10.775 0.0 0
-10.765 0.0 0
-10.755 0.0 0
-10.745 0.0 0
-10.735 0.0 0
-10.725 0.0 0
-10.715 0.0 0
-10.705 0.0 0
-10.695 0.0 0
-10.685 0.0 0
-10.675 0.0 0
-10.665 0.0 0
-10.655 0.0 0
-10.645 0.0 0
-10.635 0.0 0
-10.625 0.0 0
-10.615 0.0 0
-10.605 0.0 0
-10.595 0.0 0
-10.585 9.42e-12 -9.44e-12
-10.575 1.982e-11 -1.986e-11
-10.565 4.12e-11 -4.14e-11
-10.555 8.48e-11 -8.5e-11
-10.545 1.728e-10 -1.732e-10
-10.535 3.48e-10 -3.48e-10
-10.525 6.94e-10 -6.96e-10
-10.515 1.368e-09 -1.37e-09
-10.505 2.66e-09 -2.68e-09
-10.495 5.14e-09 -5.16e-09
-10.485 9.82e-09 -9.84e-09
-10.475 1.854e-08 -1.858e-08
-10.465 3.46e-08 -3.46e-08
-10.455 6.4e-08 -6.4e-08
-10.445 1.17e-07 -1.172e-07
-10.435 2.12e-07 -2.12e-07
-10.425 3.78e-07 -3.78e-07
-10.415 6.7e-07 -6.7e-07
-10.405 1.172e-06 -1.174e-06
-10.395 2.02e-06 -2.04e-06
-10.385 3.48e-06 -3.48e-06
-10.375 5.9e-06 -5.9e-06
-10.365 9.88e-06 -9.88e-06
-10.355 1.638e-05 -1.64e-05
-10.345 2.68e-05 -2.7e-05
-10.335 4.36e-05 -4.36e-05
-10.325 7e-05 -7.02e-05
-10.315 0.0001112 -0.0001114
-10.305 0.0001748 -0.000175
-10.295 0.000272 -0.000272
-10.285 0.000418 -0.000418
-10.275 0.000636 -0.000636
-10.265 0.000956 -0.000956
-10.255 0.001422 -0.001424
-10.245 0.0021 -0.0021
-10.235 0.00306 -0.00306
-10.225 0.0044 -0.0044
-10.215 0.00628 -0.00628
-10.205 0.00884 -0.00886
-10.195 0.01234 -0.01236
-10.185 0.01704 -0.01704
-10.175 0.0232 -0.0232
-10.165 0.0314 -0.0314
-10.155 0.042 -0.042
-10.145 0.0554 -0.0556
-10.135 0.0726 -0.0726
-10.125 0.0938 -0.0938
-10.115 0.12 -0.1202
-10.105 0.152 -0.152
-10.095 0.1904 -0.1904
-10.085 0.236 -0.236
-10.075 0.288 -0.29
-10.065 0.35 -0.35
-10.055 0.42 -0.42
-10.045 0.498 -0.498
-10.035 0.584 -0.586
-10.025 0.68 -0.68
-10.015 0.78 -0.78
-10.005 0.886 -0.886
-9.995 0.996 -0.996
-9.985 1.108 -1.108
-9.975 1.218 -1.22
-9.965 1.326 -1.326
-9.955 1.428 -1.428
-9.945 1.52 -1.52
-9.935 1.602 -1.602
-9.925 1.67 -1.67
-9.915 1.72 -1.722
-9.905 1.756 -1.756
-9.895 1.77 -1.77
-9.885 1.768 -1.768
-9.875 1.746 -1.746
-9.865 1.704 -1.704
-9.855 1.648 -1.646
-9.845 1.574 -1.574
-9.835 1.488 -1.488
-9.825 1.392 -1.392
-9.815 1.288 -1.288
-9.805 1.18 -1.18
-9.795 1.068 -1.068
-9.785 0.958 -0.956
-9.775 0.848 -0.848
-9.765 0.744 -0.744
-9.755 0.644 -0.644
-9.745 0.554 -0.554
-9.735 0.47 -0.47
-9.725 0.394 -0.394
-9.715 0.328 -0.328
-9.705 0.27 -0.27
-9.695 0.218 -0.218
-9.685 0.176 -0.1758
-9.675 0.14 -0.1398
-9.665 0.1102 -0.11
-9.655 0.0858 -0.0856
-9.645 0.066 -0.066
-9.635 0.0504 -0.0502
-9.625 0.038 -0.0378
-9.615 0.0282 -0.0282
-9.605 0.0208 -0.0208
-9.595 0.01522 -0.0152
-9.585 0.01098 -0.01096
-9.575 0.00784 -0.00784
-9.565 0.00554 -0.00554
-9.555 0.00386 -0.00386
-9.545 0.00268 -0.00268
-9.535 0.001828 -0.001826
-9.525 0.001238 -0.001236
-9.515 0.000828 -0.000826
-9.505 0.000548 -0.000548
-9.495 0.000358 -0.000358
-9.485 0.000232 -0.000232
-9.475 0.000149 -0.0001488
-9.465 9.44e-05 -9.44e-05
-9.455 5.92e-05 -5.92e-05
-9.445 3.68e-05 -3.68e-05
-9.435 2.26e-05 -2.26e-05
-9.425 1.37e-05 -1.368e-05
-9.415 8.24e-06 -8.22e-06
-9.405 4.9e-06 -4.88e-06
-9.395 2.88e-06 -2.88e-06
-9.385 1.672e-06 -1.67e-06
-9.375 9.62e-07 -9.6e-07
-9.365 5.48e-07 -5.46e-07
-9.355 3.08e-07 -3.08e-07
-9.345 1.716e-07 -1.714e-07
-9.335 9.46e-08 -9.44e-08
-9.325 5.16e-08 -5.14e-08
-9.315 2.78e-08 -2.78e-08
-9.305 1.482e-08 -1.48e-08
-9.295 7.82e-09 -7.8e-09
-9.285 4.08e-09 -4.08e-09
-9.275 2.1e-09 -2.1e-09
-9.265 1.076e-09 -1.074e-09
-9.255 5.44e-10 -5.42e-10
-9.245 2.72e-10 -2.72e-10
-9.235 1.344e-10 -1.342e-10
-9.225 6.58e-11 -6.56e-11
-9.215 3.18e-11 -3.18e-11
-9.205 1.524e-11 -1.52e-11
-9.195 0.0 0
-9.185 0.0 0
-9.175 0.0 0
-9.165 0.0 0
-9.155 0.0 0
-9.145 0.0 0
-9.135 0.0 0
-9.125 0.0 0
-9.115 0.0 0
-9.105 0.0 0
-9.095 0.0 0
-9.085 0.0 0
-9.075 0.0 0
-9.065 0.0 0
-9.055 0.0 0
-9.045 0.0 0
-9.035 0.0 0
-9.025 0.0 0
-9.015 0.0 0
-9.005 0.0 0
-8.995 0.0 0
-8.985 0.0 0
-8.975 0.0 0
-8.965 0.0 0
-8.955 0.0 0
-8.945 0.0 0
-8.935 0.0 0
-8.925 0.0 0
-8.915 0.0 0
-8.905 0.0 0
-8.895 0.0 0
-8.885 0.0 0
-8.875 0.0 0
-8.865 0.0 0
-8.855 0.0 0
-8.845 0.0 0
-8.835 0.0 0
-8.825 0.0 0
-8.815 0.0 0
-8.805 0.0 0
-8.795 0.0 0
-8.785 0.0 0
-8.775 0.0 0
-8.765 0.0 0
-8.755 2.64e-12 -2.64e-12
-8.745 5.56e-12 -5.54e-12
-8.735 1.156e-11 -1.154e-11
-8.725 2.38e-11 -2.38e-11
-8.715 4.84e-11 -4.84e-11
-8.705 9.78e-11 -9.76e-11
-8.695 1.948e-10 -1.946e-10
-8.685 3.84e-10 -3.84e-10
-8.675 7.5e-10 -7.5e-10
-8.665 1.448e-09 -1.446e-09
-8.655 2.76e-09 -2.76e-09
-8.645 5.22e-09 -5.22e-09
-8.635 9.76e-09 -9.74e-09
-8.625 1.804e-08 -1.802e-08
-8.615 3.3e-08 -3.3e-08
-8.605 5.98e-08 -5.96e-08
-8.595 1.068e-07 -1.068e-07
-8.585 1.892e-07 -1.89e-07
-8.575 3.32e-07 -3.3e-07
-8.565 5.74e-07 -5.74e-07
-8.555 9.84e-07 -9.82e-07
-8.545 1.668e-06 -1.666e-06
-8.535 2.8e-06 -2.8e-06
-8.525 4.64e-06 -4.64e-06
-8.515 7.62e-06 -7.62e-06
-8.505 1.238e-05 -1.236e-05
-8.495 1.988e-05 -1.986e-05
-8.485 3.16e-05 -3.16e-05
-8.475 4.96e-05 -4.96e-05
-8.465 7.72e-05 -7.72e-05
-8.455 0.0001188 -0.0001188
-8.445 0.000181 -0.0001808
-8.435 0.000272 -0.000272
-8.425 0.000406 -0.000406
-8.415 0.000598 -0.000598
-8.405 0.000872 -0.00087
-8.395 0.001256 -0.001256
-8.385 0.001792 -0.001792
-8.375 0.00252 -0.00252
-8.365 0.00354 -0.00352
-8.355 0.00488 -0.00488
-8.345 0.00666 -0.00666
-8.335 0.009 -0.009
-8.325 0.01204 -0.01202
-8.315 0.01592 -0.0159
-8.305 0.0208 -0.0208
-8.295 0.027 -0.027
-8.285 0.0346 -0.0344
-8.275 0.0438 -0.0436
-8.265 0.0548 -0.0548
-8.255 0.0678 -0.0678
-8.245 0.0832 -0.0832
-8.235 0.101 -0.101
-8.225 0.1212 -0.121
-8.215 0.1438 -0.1438
-8.205 0.1688 -0.1688
-8.195 0.1962 -0.1962
-8.185 0.226 -0.226
-8.175 0.256 -0.256
-8.165 0.288 -0.288
-8.155 0.32 -0.32
-8.145 0.354 -0.352
-8.135 0.384 -0.384
-8.125 0.414 -0.414
-8.115 0.442 -0.442
-8.105 0.464 -0.464
-8.095 0.484 -0.484
-8.085 0.5 -0.5
-8.075 0.51 -0.51
-8.065 0.516 -0.516
-8.055 0.514 -0.514
-8.045 0.508 -0.508
-8.035 0.496 -0.496
-8.025 0.48 -0.48
-8.015 0.46 -0.46
-8.005 0.434 -0.434
-7.995 0.406 -0.406
-7.985 0.376 -0.376
-7.975 0.344 -0.346
-7.965 0.312 -0.312
-7.955 0.28 -0.28
-7.945 0.248 -0.248
-7.935 0.218 -0.218
-7.925 0.1892 -0.1892
-7.915 0.1624 -0.1624
-7.905 0.1378 -0.138
-7.895 0.1158 -0.1158
-7.885 0.0962 -0.0964
-7.875 0.0792 -0.0792
-7.865 0.0644 -0.0644
-7.855 0.0518 -0.0518
-7.845 0.0412 -0.0412
-7.835 0.0324 -0.0324
-7.825 0.0252 -0.0252
-7.815 0.01948 -0.0195
-7.805 0.01484 -0.01486
-7.795 0.0112 -0.0112
-7.785 0.00836 -0.00836
-7.775 0.00616 -0.00616
-7.765 0.0045 -0.0045
-7.755 0.00324 -0.00326
-7.745 0.00232 -0.00232
-7.735 0.00164 -0.001642
-7.725 0.001148 -0.001148
-7.715 0.000794 -0.000794
-7.705 0.000542 -0.000544
-7.695 0.000368 -0.000368
-7.685 0.000246 -0.000246
-7.675 0.000163 -0.000163
-7.665 0.0001068 -0.0001068
-7.655 6.92e-05 -6.92e-05
-7.645 4.44e-05 -4.44e-05
-7.635 2.82e-05 -2.82e-05
-7.625 1.766e-05 -1.768e-05
-7.615 1.096e-05 -1.098e-05
-7.605 6.74e-06 -6.74e-06
-7.595 4.1e-06 -4.1e-06
-7.585 2.46e-06 -2.46e-06
-7.575 1.462e-06 -1.464e-06
-7.565 8.6e-07 -8.62e-07
-7.555 5e-07 -5.02e-07
-7.545 2.88e-07 -2.88e-07
-7.535 1.64e-07 -1.642e-07
-7.525 9.24e-08 -9.24e-08
-7.515 5.14e-08 -5.16e-08
-7.505 2.84e-08 -2.84e-08
-7.495 1.548e-08 -1.55e-08
-7.485 8.34e-09 -8.36e-09
-7.475 4.46e-09 -4.46e-09
-7.465 2.36e-09 -2.36e-09
-7.455 1.228e-09 -1.23e-09
-7.445 6.34e-10 -6.36e-10
-7.435 3.24e-10 -3.24e-10
-7.425 1.64e-10 -1.642e-10
-7.415 8.2e-11 -8.22e-11
-7.405 4.06e-11 -4.06e-11
-7.395 1.986e-11 -1.99e-11
-7.385 9.62e-12 -9.64e-12
-7.375 4.6e-12 -4.62e-12
-7.365 0.0 0
-7.355 0.0 0
-7.345 0.0 0
-7.335 0.0 0
-7.325 0.0 0
-7.315 0.0 0
-7.305 0.0 0
-7.295 0.0 0
-7.285 0.0 0
-7.275 0.0 0
-7.265 0.0 0
-7.255 0.0 0
-7.245 0.0 0
-7.235 0.0 0
-7.225 0.0 0
-7.215 0.0 0
-7.205 0.0 0
-7.195 0.0 0
-7.185 0.0 0
-7.175 0.0 0
-7.165 0.0 0
-7.155 0.0 0
-7.145 0.0 0
-7.135 0.0 0
-7.125 0.0 0
-7.115 0.0 0
-7.105 0.0 0
-7.095 0.0 0
-7.085 0.0 0
-7.075 0.0 0
-7.065 0.0 0
-7.055 0.0 0
-7.045 0.0 0
-7.035 0.0 0
-7.025 0.0 0
-7.015 0.0 0
-7.005 0.0 0
-6.995 0.0 0
-6.985 0.0 0
-6.975 0.0 0
-6.965 0.0 0
-6.955 0.0 0
-6.945 0.0 0
-6.935 0.0 0
-6.925 0.0 0
-6.915 0.0 0
-6.905 0.0 0
-6.895 0.0 0
-6.885 0.0 0
-6.875 0.0 0
-6.865 0.0 0
-6.855 0.0 0
-6.845 0.0 0
-6.835 0.0 0
-6.825 0.0 0
-6.815 0.0 0
-6.805 0.0 0
-6.795 0.0 0
-6.785 0.0 0
-6.775 0.0 0
-6.765 0.0 0
-6.755 0.0 0
-6.745 0.0 0
-6.735 0.0 0
-6.725 0.0 0
-6.715 0.0 0
-6.705 0.0 0
-6.695 0.0 0
-6.685 0.0 0
-6.675 0.0 0
-6.665 0.0 0
-6.655 0.0 0
-6.645 0.0 0
-6.635 0.0 0
-6.625 0.0 0
-6.615 0.0 0
-6.605 0.0 0
-6.595 0.0 0
-6.585 0.0 0
-6.575 0.0 0
-6.565 0.0 0
-6.555 0.0 0
-6.545 0.0 0
-6.535 0.0 0
-6.525 0.0 0
-6.515 0.0 0
-6.505 0.0 0
-6.495 0.0 0
-6.485 0.0 0
-6.475 0.0 0
-6.465 0.0 0
-6.455 0.0 0
-6.445 0.0 0
-6.435 0.0 0
-6.425 0.0 0
-6.415 0.0 0
-6.405 0.0 0
-6.395 0.0 0
-6.385 0.0 0
-6.375 0.0 0
-6.365 0.0 0
-6.355 0.0 0
-6.345 0.0 0
-6.335 0.0 0
-6.325 0.0 0
-6.315 0.0 0
-6.305 0.0 0
-6.295 0.0 0
-6.285 0.0 0
-6.275 0.0 0
-6.265 0.0 0
-6.255 0.0 0
-6.245 0.0 0
-6.235 0.0 0
-6.225 0.0 0
-6.215 0.0 0
-6.205 0.0 0
-6.195 0.0 0
-6.185 0.0 0
-6.175 0.0 0
-6.165 0.0 0
-6.155 0.0 0
-6.145 0.0 0
-6.135 0.0 0
-6.125 0.0 0
-6.115 0.0 0
-6.105 0.0 0
-6.095 0.0 0
-6.085 0.0 0
-6.075 0.0 0
-6.065 0.0 0
-6.055 0.0 0
-6.045 0.0 0
-6.035 0.0 0
-6.025 0.0 0
-6.015 0.0 0
-6.005 0.0 0
-5.995 0.0 0
-5.985 0.0 0
-5.975 0.0 0
-5.965 0.0 0
-5.955 0.0 0
-5.945 0.0 0
-5.935 0.0 0
-5.925 0.0 0
-5.915 0.0 0
-5.905 9.12e-26 -4.94e-27
-5.895 1.912e-25 -1.034e-26
-5.885 3.96e-25 -2.14e-26
-5.875 8.14e-25 -4.4e-26
-5.865 1.65e-24 -8.94e-26
-5.855 3.32e-24 -1.794e-25
-5.845 6.58e-24 -3.56e-25
-5.835 1.294e-23 -7e-25
-5.825 2.52e-23 -1.36e-24
-5.815 4.84e-23 -2.62e-24
-5.805 9.18e-23 -4.96e-24
-5.795 1.728e-22 -9.36e-24
-5.785 3.22e-22 -1.74e-23
-5.775 5.92e-22 -3.2e-23
-5.765 1.08e-21 -5.84e-23
-5.755 1.944e-21 -1.052e-22
-5.745 3.46e-21 -1.874e-22
-5.735 6.12e-21 -3.3e-22
-5.725 1.066e-20 -5.76e-22
-5.715 1.84e-20 -9.94e-22
-5.705 3.14e-20 -1.698e-21
-5.695 5.3e-20 -2.86e-21
-5.685 8.86e-20 -4.8e-21
-5.675 1.464e-19 -7.92e-21
-5.665 2.4e-19 -1.294e-20
-5.655 3.88e-19 -2.1e-20
-5.645 6.2e-19 -3.34e-20
-5.635 9.8e-19 -5.3e-20
-5.625 1.536e-18 -8.3e-20
-5.615 2.38e-18 -1.286e-19
-5.605 3.64e-18 -1.97e-19
-5.595 5.52e-18 -2.98e-19
-5.585 8.28e-18 -4.48e-19
-5.575 1.228e-17 -6.64e-19
-5.565 1.804e-17 -9.74e-19
-5.555 2.62e-17 -1.414e-18
-5.545 3.76e-17 -2.04e-18
-5.535 5.34e-17 -2.88e-18
-5.525 7.5e-17 -4.06e-18
-5.515 1.044e-16 -5.64e-18
-5.505 1.436e-16 -7.76e-18
-5.495 1.954e-16 -1.054e-17
-5.485 2.62e-16 -1.42e-17
-5.475 3.5e-16 -1.89e-17
-5.465 4.62e-16 -2.48e-17
-5.455 6e-16 -3.24e-17
-5.445 7.74e-16 -4.18e-17
-5.435 9.88e-16 -5.34e-17
-5.425 1.246e-15 -6.72e-17
-5.415 1.554e-15 -8.4e-17
-5.405 1.92e-15 -1.036e-16
-5.395 2.34e-15 -1.266e-16
-5.385 2.84e-15 -1.528e-16
-5.375 3.38e-15 -1.826e-16
-5.365 4e-15 -2.16e-16
-5.355 4.68e-15 -2.52e-16
-5.345 5.42e-15 -2.92e-16
-5.335 6.2e-15 -3.34e-16
-5.325 7.02e-15 -3.78e-16
-5.315 7.86e-15 -4.24e-16
-5.305 8.72e-15 -4.7e-16
-5.295 9.54e-15 -5.16e-16
-5.285 1.036e-14 -5.58e-16
-5.275 1.11e-14 -6e-16
-5.265 1.178e-14 -6.36e-16
-5.255 1.238e-14 -6.68e-16
-5.245 1.286e-14 -6.94e-16
-5.235 1.32e-14 -7.12e-16
-5.225 1.342e-14 -7.24e-16
-5.215 1.35e-14 -7.28e-16
-5.205 1.342e-14 -7.24e-16
-5.195 1.32e-14 -7.12e-16
-5.185 1.286e-14 -6.94e-16
-5.175 1.238e-14 -6.68e-16
-5.165 1.178e-14 -6.36e-16
-5.155 1.11e-14 -6e-16
-5.145 1.036e-14 -5.58e-16
-5.135 9.54e-15 -5.14e-16
-5.125 8.72e-15 -4.7e-16
-5.115 7.86e-15 -4.24e-16
-5.105 7.02e-15 -3.78e-16
-5.095 6.2e-15 -3.34e-16
-5.085 5.42e-15 -2.92e-16
-5.075 4.68e-15 -2.52e-16
-5.065 4e-15 -2.16e-16
-5.055 3.38e-15 -1.824e-16
-5.045 2.84e-15 -1.526e-16
-5.035 2.34e-15 -1.264e-16
-5.025 1.92e-15 -1.034e-16
-5.015 1.556e-15 -8.38e-17
-5.005 1.246e-15 -6.72e-17
-4.995 9.88e-16 -5.32e-17
-4.985 7.74e-16 -4.18e-17
-4.975 6e-16 -3.24e-17
-4.965 4.62e-16 -2.48e-17
-4.955 3.5e-16 -1.886e-17
-4.945 2.62e-16 -1.416e-17
-4.935 1.954e-16 -1.052e-17
-4.925 1.436e-16 -7.74e-18
-4.915 1.044e-16 -5.62e-18
-4.905 7.5e-17 -4.04e-18
-4.895 5.34e-17 -2.88e-18
-4.885 3.76e-17 -2.02e-18
-4.875 2.62e-17 -1.41e-18
-4.865 1.804e-17 -9.72e-19
-4.855 1.23e-17 -6.62e-19
-4.845 8.28e-18 -4.46e-19
-4.835 5.52e-18 -2.98e-19
-4.825 3.64e-18 -1.962e-19
-4.815 2.38e-18 -1.282e-19
-4.805 1.536e-18 -8.28e-20
-4.795 9.82e-19 -5.28e-20
-4.785 6.2e-19 -3.34e-20
-4.775 3.88e-19 -2.08e-20
-4.765 2.4e-19 -1.29e-20
-4.755 1.466e-19 -7.88e-21
-4.745 8.86e-20 -4.78e-21
-4.735 5.3e-20 -2.86e-21
-4.725 3.14e-20 -1.692e-21
-4.715 1.842e-20 -9.9e-22
-4.705 1.066e-20 -5.74e-22
-4.695 6.12e-21 -3.3e-22
-4.685 3.46e-21 -1.866e-22
-4.675 1.946e-21 -1.046e-22
-4.665 1.08e-21 -5.8e-23
-4.655 5.92e-22 -3.18e-23
-4.645 3.22e-22 -1.732e-23
-4.635 1.73e-22 -9.3e-24
-4.625 9.2e-23 -4.94e-24
-4.615 4.84e-23 -2.6e-24
-4.605 2.52e-23 -1.352e-24
-4.595 1.294e-23 -6.96e-25
-4.585 6.58e-24 -3.54e-25
-4.575 3.32e-24 -1.784e-25
-4.565 1.652e-24 -8.88e-26
-4.555 8.14e-25 -4.38e-26
-4.545 3.96e-25 -2.14e-26
-4.535 1.914e-25 -1.03e-26
-4.525 9.14e-26 -4.9e-27
-4.515 0.0 0
-4.505 0.0 0
-4.495 0.0 0
-4.485 0.0 0
-4.475 0.0 0
-4.465 0.0 0
-4.455 0.0 0
-4.445 0.0 0
-4.435 0.0 0
-4.425 0.0 0
-4.415 0.0 0
-4.405 0.0 0
-4.395 0.0 0
-4.385 0.0 0
-4.375 0.0 0
-4.365 0.0 0
-4.355 0.0 0
-4.345 0.0 0
-4.335 0.0 0
-4.325 0.0 0
-4.315 0.0 0
-4.305 0.0 0
-4.295 0.0 0
-4.285 0.0 0
-4.275 0.0 0
-4.265 0.0 0
-4.255 0.0 0
-4.245 0.0 0
-4.235 0.0 0
-4.225 0.0 0
-4.215 0.0 0
-4.205 0.0 0
-4.195 0.0 0
-4.185 0.0 0
-4.175 0.0 0
-4.165 0.0 0
-4.155 0.0 0
-4.145 0.0 0
-4.135 0.0 0
-4.125 0.0 0
-4.115 0.0 0
-4.105 0.0 0
-4.095 0.0 0
-4.085 0.0 0
-4.075 0.0 0
-4.065 0.0 0
-4.055 0.0 0
-4.045 0.0 0
-4.035 0.0 0
-4.025 0.0 0
-4.015 0.0 0
-4.005 0.0 0
-3.995 0.0 0
-3.985 0.0 0
-3.975 0.0 0
-3.965 0.0 0
-3.955 0.0 0
-3.945 0.0 0
-3.935 0.0 0
-3.925 0.0 0
-3.915 0.0 0
-3.905 0.0 0
-3.895 0.0 0
-3.885 0.0 0
-3.875 0.0 0
-3.865 0.0 0
-3.855 0.0 0
-3.845 0.0 0
-3.835 0.0 0
-3.825 0.0 0
-3.815 0.0 0
-3.805 0.0 0
-3.795 0.0 0
-3.785 0.0 0
-3.775 0.0 0
-3.765 0.0 0
-3.755 0.0 0
-3.745 0.0 0
-3.735 0.0 0
-3.725 0.0 0
-3.715 0.0 0
-3.705 0.0 0
-3.695 0.0 0
-3.685 0.0 0
-3.675 0.0 0
-3.665 0.0 0
-3.655 0.0 0
-3.645 0.0 0
-3.635 0.0 0
-3.625 0.0 0
-3.615 0.0 0
-3.605 0.0 0
-3.595 0.0 0
-3.585 0.0 0
-3.575 0.0 0
-3.565 0.0 0
-3.555 0.0 0
-3.545 0.0 0
-3.535 0.0 0
-3.525 0.0 0
-3.515 0.0 0
-3.505 0.0 0
-3.495 0.0 0
-3.485 0.0 0
-3.475 0.0 0
-3.465 0.0 0
-3.455 0.0 0
-3.445 0.0 0
-3.435 0.0 0
-3.425 0.0 0
-3.415 0.0 0
-3.405 0.0 0
-3.395 0.0 0
-3.385 0.0 0
-3.375 0.0 0
-3.365 0.0 0
-3.355 0.0 0
-3.345 0.0 0
-3.335 0.0 0
-3.325 0.0 0
-3.315 0.0 0
-3.305 0.0 0
-3.295 0.0 0
-3.285 0.0 0
-3.275 0.0 0
-3.265 0.0 0
-3.255 0.0 0
-3.245 0.0 0
-3.235 0.0 0
-3.225 0.0 0
-3.215 0.0 0
-3.205 0.0 0
-3.195 0.0 0
-3.185 0.0 0
-3.175 0.0 0
-3.165 0.0 0
-3.155 0.0 0
-3.145 0.0 0
-3.135 0.0 0
-3.125 0.0 0
-3.115 0.0 0
-3.105 0.0 0
-3.095 0.0 0
-3.085 0.0 0
-3.075 0.0 0
-3.065 0.0 0
-3.055 0.0 0
-3.045 0.0 0
-3.035 0.0 0
-3.025 0.0 0
-3.015 0.0 0
-3.005 0.0 0
-2.995 0.0 0
-2.985 0.0 0
-2.975 0.0 0
-2.965 0.0 0
-2.955 0.0 0
-2.945 0.0 0
-2.935 0.0 0
-2.925 0.0 0
-2.915 0.0 0
-2.905 0.0 0
-2.895 0.0 0
-2.885 0.0 0
-2.875 0.0 0
-2.865 0.0 0
-2.855 0.0 0
-2.845 0.0 0
-2.835 0.0 0
-2.825 0.0 0
-2.815 0.0 0
-2.805 0.0 0
-2.795 0.0 0
-2.785 0.0 0
-2.775 0.0 0
-2.765 0.0 0
-2.755 0.0 0
-2.745 0.0 0
-2.735 0.0 0
-2.725 0.0 0
-2.715 0.0 0
-2.705 0.0 0
-2.695 0.0 0
-2.685 0.0 0
-2.675 0.0 0
-2.665 0.0 0
-2.655 0.0 0
-2.645 0.0 0
-2.635 0.0 0
-2.625 0.0 0
-2.615 0.0 0
-2.605 0.0 0
-2.595 0.0 0
-2.585 0.0 0
-2.575 0.0 0
-2.565 0.0 0
-2.555 0.0 0
-2.545 0.0 0
-2.535 0.0 0
-2.525 0.0 0
-2.515 0.0 0
-2.505 0.0 0
-2.495 0.0 0
-2.485 0.0 0
-2.475 0.0 0
-2.465 0.0 0
-2.455 0.0 0
-2.445 0.0 0
-2.435 0.0 0
-2.425 0.0 0
-2.415 0.0 0
-2.405 0.0 0
-2.395 0.0 0
-2.385 0.0 0
-2.375 0.0 0
-2.365 0.0 0
-2.355 0.0 0
-2.345 0.0 0
-2.335 0.0 0
-2.325 0.0 0
-2.315 0.0 0
-2.305 0.0 0
-2.295 0.0 0
-2.285 0.0 0
-2.275 0.0 0
-2.265 0.0 0
-2.255 0.0 0
-2.245 0.0 0
-2.235 0.0 0
-2.225 0.0 0
-2.215 0.0 0
-2.205 0.0 0
-2.195 0.0 0
-2.185 0.0 0
-2.175 0.0 0
-2.165 0.0 0
-2.155 0.0 0
-2.145 0.0 0
-2.135 0.0 0
-2.125 0.0 0
-2.115 0.0 0
-2.105 0.0 0
-2.095 0.0 0
-2.085 0.0 0
-2.075 0.0 0
-2.065 0.0 0
-2.055 0.0 0
-2.045 0.0 0
-2.035 0.0 0
-2.025 0.0 0
-2.015 0.0 0
-2.005 0.0 0
-1.995 0.0 0
-1.985 0.0 0
-1.975 0.0 0
-1.965 0.0 0
-1.955 0.0 0
-1.945 0.0 0
-1.935 0.0 0
-1.925 0.0 0
-1.915 0.0 0
-1.905 0.0 0
-1.895 0.0 0
-1.885 0.0 0
-1.875 0.0 0
-1.865 0.0 0
-1.855 0.0 0
-1.845 0.0 0
-1.835 0.0 0
-1.825 0.0 0
-1.815 0.0 0
-1.805 0.0 0
-1.795 0.0 0
-1.785 0.0 0
-1.775 0.0 0
-1.765 0.0 0
-1.755 0.0 0
-1.745 0.0 0
-1.735 0.0 0
-1.725 0.0 0
-1.715 0.0 0
-1.705 0.0 0
-1.695 0.0 0
-1.685 0.0 0
-1.675 0.0 0
-1.665 0.0 0
-1.655 0.0 0
-1.645 0.0 0
-1.635 0.0 0
-1.625 0.0 0
-1.615 0.0 0
-1.605 0.0 0
-1.595 0.0 0
-1.585 0.0 0
-1.575 0.0 0
-1.565 0.0 0
-1.555 0.0 0
-1.545 0.0 0
-1.535 0.0 0
-1.525 0.0 0
-1.515 0.0 0
-1.505 0.0 0
-1.495 0.0 0
-1.485 0.0 0
-1.475 0.0 0
-1.465 0.0 0
-1.455 0.0 0
-1.445 8.36e-12 -8.32e-12
-1.435 1.756e-11 -1.75e-11
-1.425 3.64e-11 -3.64e-11
-1.415 7.5e-11 -7.48e-11
-1.405 1.526e-10 -1.52e-10
-1.395 3.08e-10 -3.06e-10
-1.385 6.12e-10 -6.08e-10
-1.375 1.204e-09 -1.2e-09
-1.365 2.34e-09 -2.34e-09
-1.355 4.52e-09 -4.5e-09
-1.345 8.6e-09 -8.58e-09
-1.335 1.622e-08 -1.618e-08
-1.325 3.02e-08 -3.02e-08
-1.315 5.58e-08 -5.56e-08
-1.305 1.02e-07 -1.016e-07
-1.295 1.842e-07 -1.836e-07
-1.285 3.28e-07 -3.28e-07
-1.275 5.82e-07 -5.8e-07
-1.265 1.016e-06 -1.014e-06
-1.255 1.758e-06 -1.754e-06
-1.245 3e-06 -3e-06
-1.235 5.1e-06 -5.08e-06
-1.225 8.52e-06 -8.5e-06
-1.215 1.412e-05 -1.408e-05
-1.205 2.32e-05 -2.3e-05
-1.195 3.74e-05 -3.74e-05
-1.185 6.02e-05 -6e-05
-1.175 9.54e-05 -9.52e-05
-1.165 0.0001496 -0.0001494
-1.155 0.000232 -0.000232
-1.145 0.000356 -0.000356
-1.135 0.000542 -0.00054
-1.125 0.000814 -0.000814
-1.115 0.001212 -0.001208
-1.105 0.001782 -0.001778
-1.095 0.0026 -0.00258
-1.085 0.00374 -0.00372
-1.075 0.00532 -0.0053
-1.065 0.00748 -0.00746
-1.055 0.01042 -0.0104
-1.045 0.01438 -0.01434
-1.035 0.0196 -0.01956
-1.025 0.0264 -0.0264
-1.015 0.0352 -0.0352
-1.005 0.0466 -0.0466
-0.995 0.0608 -0.0608
-0.985 0.0786 -0.0784
-0.975 0.1004 -0.1002
-0.965 0.127 -0.1268
-0.955 0.1588 -0.1586
-0.945 0.1964 -0.1962
-0.935 0.24 -0.24
-0.925 0.292 -0.29
-0.915 0.348 -0.348
-0.905 0.414 -0.412
-0.895 0.484 -0.484
-0.885 0.562 -0.562
-0.875 0.644 -0.644
-0.865 0.732 -0.73
-0.855 0.82 -0.82
-0.845 0.912 -0.912
-0.835 1.002 -1.002
-0.825 1.088 -1.088
-0.815 1.17 -1.17
-0.805 1.244 -1.244
-0.795 1.31 -1.31
-0.785 1.364 -1.362
-0.775 1.404 -1.404
-0.765 1.43 -1.43
-0.755 1.44 -1.44
-0.745 1.436 -1.436
-0.735 1.416 -1.416
-0.725 1.382 -1.382
-0.715 1.334 -1.334
-0.705 1.272 -1.272
-0.695 1.202 -1.202
-0.685 1.122 -1.124
-0.675 1.038 -1.038
-0.665 0.948 -0.95
-0.655 0.858 -0.858
-0.645 0.768 -0.768
-0.635 0.68 -0.68
-0.625 0.596 -0.596
-0.615 0.516 -0.516
-0.605 0.442 -0.442
-0.595 0.374 -0.374
-0.585 0.314 -0.314
-0.575 0.26 -0.26
-0.565 0.214 -0.214
-0.555 0.1736 -0.1738
-0.545 0.1394 -0.1396
-0.535 0.1108 -0.1108
-0.525 0.087 -0.0872
-0.515 0.0676 -0.0678
-0.505 0.052 -0.0522
-0.495 0.0396 -0.0396
-0.485 0.0298 -0.0298
-0.475 0.0222 -0.0222
-0.465 0.01634 -0.01638
-0.455 0.01192 -0.01194
-0.445 0.00858 -0.0086
-0.435 0.00612 -0.00614
-0.425 0.00432 -0.00432
-0.415 0.00302 -0.00302
-0.405 0.00208 -0.00208
-0.395 0.001422 -0.001424
-0.385 0.00096 -0.000962
-0.375 0.000642 -0.000644
-0.365 0.000424 -0.000426
-0.355 0.000278 -0.000278
-0.345 0.0001796 -0.00018
-0.335 0.000115 -0.0001152
-0.325 7.28e-05 -7.3e-05
-0.315 4.56e-05 -4.58e-05
-0.305 2.82e-05 -2.84e-05
-0.295 1.732e-05 -1.736e-05
-0.285 1.05e-05 -1.054e-05
-0.275 6.3e-06 -6.32e-06
-0.265 3.74e-06 -3.76e-06
-0.255 2.2e-06 -2.2e-06
-0.245 1.276e-06 -1.278e-06
-0.235 7.32e-07 -7.34e-07
-0.225 4.16e-07 -4.18e-07
-0.215 2.34e-07 -2.34e-07
-0.205 1.302e-07 -1.306e-07
-0.195 7.16e-08 -7.18e-08
-0.185 3.9e-08 -3.92e-08
-0.175 2.1e-08 -2.1e-08
-0.165 1.118e-08 -1.122e-08
-0.155 5.9e-09 -5.92e-09
-0.145 3.08e-09 -3.08e-09
-0.135 1.586e-09 -1.59e-09
-0.125 8.08e-10 -8.12e-10
-0.115 4.08e-10 -4.1e-10
-0.105 2.04e-10 -2.04e-10
-0.095 1.16e-10 -1.164e-10
-0.085 8.12e-11 -8.16e-11
-0.075 9e-11 -9.08e-11
-0.065 1.47e-10 -1.482e-10
-0.055 2.74e-10 -2.76e-10
-0.045 5.5e-10 -5.54e-10
-0.035 1.088e-09 -1.096e-09
-0.025 2.14e-09 -2.14e-09
-0.015 4.12e-09 -4.16e-09
-0.005 7.92e-09 -7.98e-09
0.005 1.5e-08 -1.512e-08
0.015 2.82e-08 -2.84e-08
0.025 5.22e-08 -5.26e-08
0.035 9.58e-08 -9.66e-08
0.045 1.742e-07 -1.754e-07
0.055 3.12e-07 -3.14e-07
0.065 5.56e-07 -5.6e-07
0.075 9.78e-07 -9.84e-07
0.085 1.7e-06 -1.71e-06
0.095 2.92e-06 -2.94e-06
0.105 4.98e-06 -5e-06
0.115 8.38e-06 -8.44e-06
0.125 1.396e-05 -1.404e-05
0.135 2.3e-05 -2.32e-05
0.145 3.74e-05 -3.78e-05
0.155 6.04e-05 -6.08e-05
0.165 9.64e-05 -9.7e-05
0.175 0.0001522 -0.000153
0.185 0.000238 -0.000238
0.195 0.000366 -0.000368
0.205 0.00056 -0.000564
0.215 0.000848 -0.000852
0.225 0.001266 -0.001272
0.235 0.001874 -0.001882
0.245 0.00274 -0.00276
0.255 0.00396 -0.00398
0.265 0.00568 -0.0057
0.275 0.00804 -0.00808
0.285 0.01128 -0.01132
0.295 0.01564 -0.01568
0.305 0.0214 -0.0216
0.315 0.029 -0.0292
0.325 0.039 -0.0392
0.335 0.0518 -0.052
0.345 0.068 -0.0682
0.355 0.0884 -0.0886
0.365 0.1136 -0.114
0.375 0.1444 -0.1448
0.385 0.1816 -0.182
0.395 0.226 -0.226
0.405 0.278 -0.278
0.415 0.338 -0.34
0.425 0.408 -0.408
0.435 0.486 -0.488
0.445 0.574 -0.574
0.455 0.668 -0.67
0.465 0.77 -0.772
0.475 0.88 -0.88
0.485 0.994 -0.994
0.495 1.11 -1.11
0.505 1.226 -1.226
0.515 1.34 -1.34
0.525 1.448 -1.45
0.535 1.548 -1.55
0.545 1.638 -1.64
0.555 1.716 -1.716
0.565 1.776 -1.776
0.575 1.82 -1.82
0.585 1.844 -1.844
0.595 1.848 -1.848
0.605 1.832 -1.832
0.615 1.798 -1.798
0.625 1.744 -1.744
0.635 1.674 -1.674
0.645 1.59 -1.59
0.655 1.494 -1.494
0.665 1.388 -1.388
0.675 1.276 -1.276
0.685 1.162 -1.16
0.695 1.046 -1.044
0.705 0.93 -0.928
0.715 0.82 -0.818
0.725 0.714 -0.712
0.735 0.614 -0.614
0.745 0.524 -0.524
0.755 0.442 -0.442
0.765 0.368 -0.368
0.775 0.304 -0.304
0.785 0.248 -0.248
0.795 0.2 -0.2
0.805 0.1602 -0.1598
0.815 0.1266 -0.1264
0.825 0.099 -0.0988
0.835 0.0766 -0.0764
0.845 0.0586 -0.0584
0.855 0.0444 -0.0442
0.865 0.0332 -0.0332
0.875 0.0246 -0.0246
0.885 0.01804 -0.01798
0.895 0.01308 -0.01302
0.905 0.00938 -0.00934
0.915 0.00666 -0.00662
0.925 0.00466 -0.00464
0.935 0.00324 -0.00322
0.945 0.00222 -0.00222
0.955 0.001512 -0.001506
0.965 0.001016 -0.001012
0.975 0.000676 -0.000672
0.985 0.000444 -0.000442
0.995 0.00029 -0.000288
1.005 0.0001862 -0.0001852
1.015 0.0001186 -0.000118
1.025 7.46e-05 -7.42e-05
1.035 4.66e-05 -4.62e-05
1.045 2.86e-05 -2.86e-05
1.055 1.75e-05 -1.74e-05
1.065 1.056e-05 -1.05e-05
1.075 6.3e-06 -6.26e-06
1.085 3.72e-06 -3.7e-06
1.095 2.18e-06 -2.16e-06
1.105 1.254e-06 -1.246e-06
1.115 7.18e-07 -7.12e-07
1.125 4.06e-07 -4.02e-07
1.135 2.28e-07 -2.26e-07
1.145 1.26e-07 -1.252e-07
1.155 6.96e-08 -6.92e-08
1.165 3.9e-08 -3.88e-08
1.175 2.32e-08 -2.32e-08
1.185 1.676e-08 -1.666e-08
1.195 1.696e-08 -1.688e-08
1.205 2.36e-08 -2.36e-08
1.215 3.9e-08 -3.9e-08
1.225 6.78e-08 -6.76e-08
1.235 1.186e-07 -1.182e-07
1.245 2.06e-07 -2.06e-07
1.255 3.56e-07 -3.56e-07
1.265 6.08e-07 -6.08e-07
1.275 1.028e-06 -1.026e-06
1.285 1.72e-06 -1.716e-06
1.295 2.84e-06 -2.84e-06
1.305 4.66e-06 -4.64e-06
1.315 7.54e-06 -7.52e-06
1.325 1.206e-05 -1.202e-05
1.335 1.91e-05 -1.904e-05
1.345 3e-05 -2.98e-05
1.355 4.64e-05 -4.62e-05
1.365 7.12e-05 -7.1e-05
1.375 0.000108 -0.0001076
1.385 0.000162 -0.0001614
1.395 0.00024 -0.00024
1.405 0.000354 -0.000352
1.415 0.000512 -0.000512
1.425 0.000738 -0.000736
1.435 0.001048 -0.001044
1.445 0.001474 -0.00147
1.455 0.00206 -0.00204
1.465 0.00282 -0.00282
1.475 0.00384 -0.00384
1.485 0.00518 -0.00516
1.495 0.0069 -0.00688
1.505 0.0091 -0.00906
1.515 0.01186 -0.01182
1.525 0.0153 -0.01524
1.535 0.01952 -0.01946
1.545 0.0246 -0.0246
1.555 0.0308 -0.0306
1.565 0.038 -0.038
1.575 0.0464 -0.0464
1.585 0.0562 -0.056
1.595 0.0672 -0.067
1.605 0.0794 -0.0792
1.615 0.093 -0.0928
1.625 0.1078 -0.1074
1.635 0.1234 -0.123
1.645 0.1398 -0.1394
1.655 0.1568 -0.1562
1.665 0.1738 -0.1732
1.675 0.1906 -0.19
1.685 0.206 -0.206
1.695 0.222 -0.222
1.705 0.236 -0.236
1.715 0.248 -0.248
1.725 0.258 -0.256
1.735 0.264 -0.264
1.745 0.27 -0.268
1.755 0.272 -0.27
1.765 0.27 -0.268
1.775 0.266 -0.264
1.785 0.258 -0.258
1.795 0.25 -0.248
1.805 0.238 -0.238
1.815 0.224 -0.224
1.825 0.21 -0.208
1.835 0.1934 -0.1928
1.845 0.1768 -0.1764
1.855 0.1602 -0.1596
1.865 0.1436 -0.143
1.875 0.1276 -0.1272
1.885 0.1124 -0.112
1.895 0.0984 -0.098
1.905 0.0856 -0.0852
1.915 0.0742 -0.074
1.925 0.0646 -0.0644
1.935 0.0564 -0.0562
1.945 0.0498 -0.0496
1.955 0.0448 -0.0446
1.965 0.0412 -0.0412
1.975 0.039 -0.039
1.985 0.0382 -0.038
1.995 0.0384 -0.0384
2.005 0.0398 -0.0396
2.015 0.0418 -0.0418
2.025 0.0446 -0.0446
2.035 0.048 -0.048
2.045 0.0518 -0.0516
2.055 0.0558 -0.0556
2.065 0.0596 -0.0596
2.075 0.0634 -0.0634
2.085 0.067 -0.0668
2.095 0.07 -0.07
2.105 0.0726 -0.0726
2.115 0.0746 -0.0744
2.125 0.0758 -0.0756
2.135 0.076 -0.076
2.145 0.0756 -0.0756
2.155 0.0744 -0.0744
2.165 0.0726 -0.0724
2.175 0.0698 -0.0698
2.185 0.0666 -0.0664
2.195 0.0628 -0.0626
2.205 0.0586 -0.0584
2.215 0.054 -0.054
2.225 0.0492 -0.0492
2.235 0.0444 -0.0444
2.245 0.0398 -0.0396
2.255 0.0352 -0.035
2.265 0.0306 -0.0306
2.275 0.0266 -0.0266
2.285 0.0228 -0.0226
2.295 0.0192 -0.01918
2.305 0.01608 -0.01606
2.315 0.01332 -0.0133
2.325 0.0109 -0.0109
2.335 0.00884 -0.00884
2.345 0.00708 -0.00708
2.355 0.00562 -0.00562
2.365 0.00442 -0.0044
2.375 0.00342 -0.00342
2.385 0.00262 -0.00262
2.395 0.001996 -0.001996
2.405 0.0015 -0.0015
2.415 0.001116 -0.001114
2.425 0.00082 -0.00082
2.435 0.000596 -0.000596
2.445 0.00043 -0.00043
2.455 0.000306 -0.000306
2.465 0.000216 -0.000216
2.475 0.00015 -0.0001498
2.485 0.0001034 -0.0001032
2.495 7.04e-05 -7.04e-05
2.505 4.76e-05 -4.74e-05
2.515 3.16e-05 -3.16e-05
2.525 2.1e-05 -2.1e-05
2.535 1.366e-05 -1.366e-05
2.545 8.82e-06 -8.82e-06
2.555 5.64e-06 -5.64e-06
2.565 3.56e-06 -3.56e-06
2.575 2.22e-06 -2.22e-06
2.585 1.378e-06 -1.378e-06
2.595 8.44e-07 -8.44e-07
2.605 5.1e-07 -5.1e-07
2.615 3.06e-07 -3.06e-07
2.625 1.812e-07 -1.812e-07
2.635 1.062e-07 -1.062e-07
2.645 6.16e-08 -6.16e-08
2.655 3.54e-08 -3.54e-08
2.665 2e-08 -2e-08
2.675 1.124e-08 -1.126e-08
2.685 6.24e-09 -6.24e-09
2.695 3.44e-09 -3.44e-09
2.705 1.866e-09 -1.868e-09
2.715 1.008e-09 -1.008e-09
2.725 5.46e-10 -5.46e-10
2.735 3.08e-10 -3.08e-10
2.745 2e-10 -2e-10
2.755 1.836e-10 -1.834e-10
2.765 2.5e-10 -2.5e-10
2.775 4.3e-10 -4.28e-10
2.785 7.96e-10 -7.94e-10
2.795 1.492e-09 -1.488e-09
2.805 2.78e-09 -2.78e-09
2.815 5.16e-09 -5.16e-09
2.825 9.46e-09 -9.44e-09
2.835 1.718e-08 -1.712e-08
2.845 3.08e-08 -3.08e-08
2.855 5.48e-08 -5.46e-08
2.865 9.62e-08 -9.58e-08
2.875 1.672e-07 -1.666e-07
2.885 2.88e-07 -2.86e-07
2.895 4.9e-07 -4.88e-07
2.905 8.24e-07 -8.22e-07
2.915 1.372e-06 -1.368e-06
2.925 2.26e-06 -2.26e-06
2.935 3.68e-06 -3.68e-06
2.945 5.96e-06 -5.94e-06
2.955 9.5e-06 -9.48e-06
2.965 1.5e-05 -1.496e-05
2.975 2.34e-05 -2.34e-05
2.985 3.62e-05 -3.62e-05
2.995 5.56e-05 -5.54e-05
3.005 8.4e-05 -8.38e-05
3.015 0.000126 -0.0001256
3.025 0.0001868 -0.0001864
3.035 0.000274 -0.000274
3.045 0.000398 -0.000396
3.055 0.000572 -0.00057
3.065 0.000812 -0.00081
3.075 0.001144 -0.00114
3.085 0.001592 -0.001588
3.095 0.0022 -0.00218
3.105 0.00298 -0.00298
3.115 0.00404 -0.00402
3.125 0.00538 -0.00536
3.135 0.0071 -0.0071
3.145 0.0093 -0.00928
3.155 0.01202 -0.012
3.165 0.0154 -0.01536
3.175 0.01952 -0.01948
3.185 0.0244 -0.0244
3.195 0.0304 -0.0304
3.205 0.0372 -0.0372
3.215 0.0454 -0.0452
3.225 0.0546 -0.0544
3.235 0.065 -0.0648
3.245 0.0766 -0.0764
3.255 0.0892 -0.0892
3.265 0.103 -0.103
3.275 0.1178 -0.1176
3.285 0.1332 -0.1332
3.295 0.149 -0.149
3.305 0.1652 -0.1652
3.315 0.181 -0.181
3.325 0.1964 -0.1966
3.335 0.212 -0.212
3.345 0.224 -0.224
3.355 0.236 -0.236
3.365 0.246 -0.246
3.375 0.254 -0.254
3.385 0.258 -0.26
3.395 0.262 -0.262
3.405 0.262 -0.262
3.415 0.258 -0.26
3.425 0.254 -0.254
3.435 0.246 -0.246
3.445 0.236 -0.236
3.455 0.224 -0.224
3.465 0.21 -0.212
3.475 0.1956 -0.1966
3.485 0.1802 -0.1812
3.495 0.1642 -0.1652
3.505 0.1482 -0.149
3.515 0.1322 -0.1332
3.525 0.1168 -0.1178
3.535 0.1022 -0.103
3.545 0.0886 -0.0892
3.555 0.0758 -0.0766
3.565 0.0644 -0.065
3.575 0.054 -0.0546
3.585 0.0448 -0.0454
3.595 0.037 -0.0372
3.605 0.03 -0.0304
3.615 0.0242 -0.0244
3.625 0.01928 -0.01952
3.635 0.01522 -0.0154
3.645 0.01188 -0.01204
3.655 0.00918 -0.0093
3.665 0.00702 -0.00712
3.675 0.00532 -0.0054
3.685 0.00398 -0.00404
3.695 0.00294 -0.003
3.705 0.00216 -0.0022
3.715 0.00157 -0.001596
3.725 0.001128 -0.001148
3.735 0.000802 -0.000816
3.745 0.000564 -0.000574
3.755 0.000392 -0.0004
3.765 0.00027 -0.000276
3.775 0.0001842 -0.000188
3.785 0.0001242 -0.0001268
3.795 8.28e-05 -8.48e-05
3.805 5.48e-05 -5.6e-05
3.815 3.58e-05 -3.66e-05
3.825 2.32e-05 -2.36e-05
3.835 1.48e-05 -1.516e-05
