-55.116 0.00311 0
-55.106 0.00379 0
-55.096 0.00457 0
-55.086 0.00545 0
-55.076 0.00645 0
-55.066 0.00755 0
-55.056 0.00876 0
-55.046 0.01006 0
-55.036 0.01144 0
-55.026 0.01288 0
-55.016 0.01437 0
-55.006 0.01587 0
-54.996 0.01738 0
-54.986 0.01882 0
-54.976 0.02022 0
-54.966 0.02148 0
-54.956 0.02268 0
-54.946 0.0237 0
-54.936 0.0244 0
-54.926 0.0251 0
-54.916 0.0255 0
-54.906 0.0257 0
-54.896 0.0256 0
-54.886 0.0253 0
-54.876 0.0249 0
-54.866 0.02424 0
-54.856 0.02343 0
-54.846 0.02248 0
-54.836 0.02138 0
-54.826 0.02026 0
-54.816 0.01902 0
-54.806 0.01779 0
-54.796 0.01658 0
-54.786 0.01534 0
-54.776 0.01415 0
-54.766 0.01301 0
-54.756 0.01193 0
-54.746 0.01091 0
-54.736 0.00995 0
-54.726 0.00907 0
-54.716 0.00826 0
-54.706 0.00749 0
-54.696 0.0068 0
-54.686 0.00616 0
-54.676 0.00557 0
-54.666 0.00502 0
-54.656 0.00452 0
-54.646 0.00405 0
-54.636 0.00362 0
-54.626 0.00323 0
-54.616 0.00287 0
-54.606 0.00254 0
-54.596 0.002248 0
-54.586 0.00198 0
-54.576 0.001733 0
-54.566 0.001526 0
-54.556 0.001342 0
-54.546 0.001183 0
-54.536 0.001046 0
-54.526 0.000932 0
-54.516 0.000837 0
-54.506 0.000759 0
-54.496 0.000695 0
-54.486 0.000644 0
-54.476 0.000603 0
-54.466 0.000571 0
-54.456 0.000544 0
-54.446 0.000521 0
-54.436 0.000503 0
-54.426 0.000485 0
-54.416 0.000469 0
-54.406 0.000453 0
-54.396 0.000436 0
-54.386 0.000419 0
-54.376 0.000402 0
-54.366 0.000383 0
-54.356 0.000363 0
-54.346 0.000343 0
-54.336 0.000324 0
-54.326 0.000304 0
-54.316 0.000285 0
-54.306 0.000266 0
-54.296 0.000249 0
-54.286 0.000234 0
-54.276 0.00022 0
-54.266 0.000208 0
-54.256 0.0001976 0
-54.246 0.0001891 0
-54.236 0.0001824 0
-54.226 0.0001773 0
-54.216 0.0001739 0
-54.206 0.0001719 0
-54.196 0.000171 0
-54.186 0.0001714 0
-54.176 0.0001726 0
-54.166 0.0001745 0
-54.156 0.000177 0
-54.146 0.0001799 0
-54.136 0.0001828 0
-54.126 0.0001863 0
-54.116 0.0001899 0
-54.106 0.0001935 0
-54.096 0.0001971 0
-54.086 0.0001996 0
-54.076 0.0002031 0
-54.066 0.0002054 0
-54.056 0.0002076 0
-54.046 0.0002097 0
-54.036 0.0002117 0
-54.026 0.0002134 0
-54.016 0.000214 0
-54.006 0.0002143 0
-53.996 0.0002145 0
-53.986 0.0002143 0
-53.976 0.000213 0
-53.966 0.0002113 0
-53.956 0.0002094 0
-53.946 0.0002061 0
-53.936 0.0002025 0
-53.926 0.0001986 0
-53.916 0.0001934 0
-53.906 0.0001878 0
-53.896 0.0001817 0
-53.886 0.0001746 0
-53.876 0.0001669 0
-53.866 0.0001585 0
-53.856 0.0001496 0
-53.846 0.0001404 0
-53.836 0.0001308 0
-53.826 0.000121 0
-53.816 0.0001112 0
-53.806 0.0001013 0
-53.796 9.16e-05 0
-53.786 8.22e-05 0
-53.776 7.3e-05 0
-53.766 6.44e-05 0
-53.756 5.63e-05 0
-53.746 4.88e-05 0
-53.736 4.19e-05 0
-53.726 3.56e-05 0
-53.716 3e-05 0
-53.706 2.5e-05 0
-53.696 2.073e-05 0
-53.686 1.696e-05 0
-53.676 1.375e-05 0
-53.666 1.104e-05 0
-53.656 8.77e-06 0
-53.646 6.9e-06 0
-53.636 5.38e-06 0
-53.626 4.15e-06 0
-53.616 3.17e-06 0
-53.606 2.39e-06 0
-53.596 1.792e-06 0
-53.586 1.327e-06 0
-53.576 9.72e-07 0
-53.566 7.05e-07 0
-53.556 5.06e-07 0
-53.546 3.6e-07 0
-53.536 2.53e-07 0
-53.526 1.758e-07 0
-53.516 1.21e-07 0
-53.506 8.24e-08 0
-53.496 5.55e-08 0
-53.486 3.71e-08 0
-53.476 2.45e-08 0
-53.466 1.595e-08 0
-53.456 1.031e-08 0
-53.446 6.59e-09 0
-53.436 4.16e-09 0
-53.426 2.61e-09 0
-53.416 1.614e-09 0
-53.406 9.89e-10 0
-53.396 6e-10 0
-53.386 3.59e-10 0
-53.376 2.13e-10 0
-53.366 1.252e-10 0
-53.356 7.27e-11 0
-53.346 4.17e-11 0
-53.336 2.38e-11 0
-53.326 1.337e-11 0
-53.316 7.44e-12 0
-53.306 4.09e-12 0
-53.296 2.23e-12 0
-53.286 1.201e-12 0
-53.276 6.41e-13 0
-53.266 3.37e-13 0
-53.256 1.763e-13 0
-53.246 9.09e-14 0
-53.236 4.64e-14 0
-53.226 2.34e-14 0
-53.216 1.169e-14 0
-53.206 5.77e-15 0
-53.196 2.81e-15 0
-53.186 1.324e-15 0
-53.176 6.35e-16 0
-53.166 1.543e-16 0
-53.156 0.0 0
-53.146 0.0 0
-53.136 0.0 0
-53.126 0.0 0
-53.116 0.0 0
-53.106 0.0 0
-53.096 0.0 0
-53.086 0.0 0
-53.076 0.0 0
-53.066 0.0 0
-53.056 0.0 0
-53.046 0.0 0
-53.036 0.0 0
-53.026 0.0 0
-53.016 0.0 0
-53.006 0.0 0
-52.996 0.0 0
-52.986 0.0 0
-52.976 0.0 0
-52.966 0.0 0
-52.956 0.0 0
-52.946 0.0 0
-52.936 0.0 0
-52.926 0.0 0
-52.916 0.0 0
-52.906 0.0 0
-52.896 0.0 0
-52.886 0.0 0
-52.876 0.0 0
-52.866 0.0 0
-52.856 0.0 0
-52.846 0.0 0
-52.836 0.0 0
-52.826 0.0 0
-52.816 0.0 0
-52.806 0.0 0
-52.796 0.0 0
-52.786 0.0 0
-52.776 0.0 0
-52.766 0.0 0
-52.756 0.0 0
-52.746 0.0 0
-52.736 0.0 0
-52.726 0.0 0
-52.716 0.0 0
-52.706 0.0 0
-52.696 0.0 0
-52.686 0.0 0
-52.676 0.0 0
-52.666 0.0 0
-52.656 0.0 0
-52.646 0.0 0
-52.636 0.0 0
-52.626 0.0 0
-52.616 0.0 0
-52.606 0.0 0
-52.596 0.0 0
-52.586 0.0 0
-52.576 0.0 0
-52.566 0.0 0
-52.556 0.0 0
-52.546 0.0 -8.78e-16
-52.536 0.0 -4.91e-15
-52.526 0.0 -1.023e-14
-52.516 0.0 -2.108e-14
-52.506 0.0 -4.31e-14
-52.496 0.0 -8.69e-14
-52.486 0.0 -1.731e-13
-52.476 0.0 -3.43e-13
-52.466 0.0 -6.69e-13
-52.456 0.0 -1.294e-12
-52.446 0.0 -2.472e-12
-52.436 0.0 -4.68e-12
-52.426 0.0 -8.75e-12
-52.416 0.0 -1.622e-11
-52.406 0.0 -2.97e-11
-52.396 0.0 -5.37e-11
-52.386 0.0 -9.63e-11
-52.376 0.0 -1.712e-10
-52.366 0.0 -3e-10
-52.356 0.0 -5.2e-10
-52.346 0.0 -8.92e-10
-52.336 0.0 -1.515e-09
-52.326 0.0 -2.547e-09
-52.316 0.0 -4.23e-09
-52.306 0.0 -6.95e-09
-52.296 0.0 -1.131e-08
-52.286 0.0 -1.82e-08
-52.276 0.0 -2.896e-08
-52.266 0.0 -4.56e-08
-52.256 0.0 -7.1e-08
-52.246 0.0 -1.095e-07
-52.236 0.0 -1.668e-07
-52.226 0.0 -2.517e-07
-52.216 0.0 -3.76e-07
-52.206 0.0 -5.55e-07
-52.196 0.0 -8.11e-07
-52.186 0.0 -1.171e-06
-52.176 0.0 -1.68e-06
-52.166 0.0 -2.366e-06
-52.156 0.0 -3.32e-06
-52.146 0.0 -4.6e-06
-52.136 0.0 -6.31e-06
-52.126 0.0 -8.56e-06
-52.116 0.0 -1.151e-05
-52.106 0.0 -1.528e-05
-52.096 0.0 -2.012e-05
-52.086 0.0 -2.628e-05
-52.076 0.0 -3.4e-05
-52.066 0.0 -4.34e-05
-52.056 0.0 -5.51e-05
-52.046 0.0 -6.94e-05
-52.036 0.0 -8.66e-05
-52.026 0.0 -0.000107
-52.016 0.0 -0.0001316
-52.006 0.0 -0.0001603
-51.996 0.0 -0.0001944
-51.986 0.0 -0.0002345
-51.976 0.0 -0.0002817
-51.966 0.0 -0.000337
-51.956 0.0 -0.0004
-51.946 0.0 -0.000476
-51.936 0.0 -0.000564
-51.926 0.0 -0.000668
-51.916 0.0 -0.00079
-51.906 0.0 -0.000933
-51.896 0.0 -0.0011
-51.886 0.0 -0.001298
-51.876 0.0 -0.001526
-51.866 0.0 -0.001793
-51.856 0.0 -0.002108
-51.846 0.0 -0.002474
-51.836 0.0 -0.00288
-51.826 0.0 -0.00335
-51.816 0.0 -0.00388
-51.806 0.0 -0.00447
-51.796 0.0 -0.00513
-51.786 0.0 -0.00584
-51.776 0.0 -0.00662
-51.766 0.0 -0.00746
-51.756 0.0 -0.00835
-51.746 0.0 -0.00928
-51.736 0.0 -0.01026
-51.726 0.0 -0.01126
-51.716 0.0 -0.01228
-51.706 0.0 -0.0133
-51.696 0.0 -0.01431
-51.686 0.0 -0.01531
-51.676 0.0 -0.01627
-51.666 0.0 -0.01719
-51.656 0.0 -0.01806
-51.646 0.0 -0.01886
-51.636 0.0 -0.01955
-51.626 0.0 -0.02025
-51.616 0.0 -0.02081
-51.606 0.0 -0.0213
-51.596 0.0 -0.02165
-51.586 0.0 -0.02194
-51.576 0.0 -0.02208
-51.566 0.0 -0.02218
-51.556 0.0 -0.02215
-51.546 0.0 -0.02207
-51.536 0.0 -0.02187
-51.526 0.0 -0.02154
-51.516 0.0 -0.02109
-51.506 0.0 -0.02062
-51.496 0.0 -0.02014
-51.486 0.0 -0.01946
-51.476 0.0 -0.01877
-51.466 0.0 -0.01799
-51.456 0.0 -0.01722
-51.446 0.0 -0.01645
-51.436 0.0 -0.01559
-51.426 0.0 -0.01475
-51.416 0.0 -0.01384
-51.406 0.0 -0.01296
-51.396 0.0 -0.01209
-51.386 0.0 -0.01124
-51.376 0.0 -0.01042
-51.366 0.0 -0.00962
-51.356 0.0 -0.00885
-51.346 0.0 -0.00812
-51.336 0.0 -0.00744
-51.326 0.0 -0.00678
-51.316 0.0 -0.00617
-51.306 0.0 -0.0056
-51.296 0.0 -0.00508
-51.286 0.0 -0.00459
-51.276 0.0 -0.00414
-51.266 0.0 -0.00373
-51.256 0.0 -0.00334
-51.246 0.0 -0.002993
-51.236 0.0 -0.002672
-51.226 0.0 -0.002387
-51.216 0.0 -0.002117
-51.206 0.0 -0.001882
-51.196 0.0 -0.001662
-51.186 0.0 -0.001467
-51.176 0.0 -0.001283
-51.166 0.0 -0.001121
-51.156 0.0 -0.000975
-51.146 0.0 -0.000844
-51.136 0.0 -0.000727
-51.126 0.0 -0.000622
-51.116 0.0 -0.00053
-51.106 0.0 -0.000448
-51.096 0.0 -0.000376
-51.086 0.0 -0.000314
-51.076 0.0 -0.0002599
-51.066 0.0 -0.0002144
-51.056 0.0 -0.0001751
-51.046 0.0 -0.0001414
-51.036 0.0 -0.0001135
-51.026 0.0 -9.05e-05
-51.016 0.0 -7.14e-05
-51.006 0.0 -5.59e-05
-50.996 0.0 -4.34e-05
-50.986 0.0 -3.33e-05
-50.976 0.0 -2.536e-05
-50.966 0.0 -1.919e-05
-50.956 0.0 -1.433e-05
-50.946 0.0 -1.061e-05
-50.936 0.0 -7.79e-06
-50.926 0.0 -5.65e-06
-50.916 0.0 -4.07e-06
-50.906 0.0 -2.9e-06
-50.896 0.0 -2.04e-06
-50.886 0.0 -1.426e-06
-50.876 0.0 -9.86e-07
-50.866 0.0 -6.75e-07
-50.856 0.0 -4.57e-07
-50.846 0.0 -3.07e-07
-50.836 0.0 -2.032e-07
-50.826 0.0 -1.338e-07
-50.816 0.0 -8.7e-08
-50.806 0.0 -5.6e-08
-50.796 0.0 -3.57e-08
-50.786 0.0 -2.249e-08
-50.776 0.0 -1.405e-08
-50.766 0.0 -8.68e-09
-50.756 0.0 -5.3e-09
-50.746 0.0 -3.21e-09
-50.736 0.0 -1.92e-09
-50.726 0.0 -1.139e-09
-50.716 0.0 -6.68e-10
-50.706 0.0 -3.87e-10
-50.696 0.0 -2.226e-10
-50.686 0.0 -1.265e-10
-50.676 0.0 -7.11e-11
-50.666 0.0 -3.96e-11
-50.656 0.0 -2.183e-11
-50.646 0.0 -1.187e-11
-50.636 0.0 -6.4e-12
-50.626 0.0 -3.41e-12
-50.616 0.0 -1.802e-12
-50.606 0.0 -9.41e-13
-50.596 0.0 -4.86e-13
-50.586 0.0 -2.479e-13
-50.576 0.0 -1.252e-13
-50.566 0.0 -6.25e-14
-50.556 0.0 -3.074e-14
-50.546 0.0 -1.492e-14
-50.536 0.0 -6.93e-15
-50.526 0.0 -3.016e-15
-50.516 0.0 -9.9e-16
-50.506 0.0 -2.104e-16
-50.496 0.0 0
-50.486 0.0 0
-50.476 0.0 0
-50.466 0.0 0
-50.456 0.0 0
-50.446 0.0 0
-50.436 0.0 0
-50.426 0.0 0
-50.416 0.0 0
-50.406 0.0 0
-50.396 0.0 0
-50.386 0.0 0
-50.376 0.0 0
-50.366 0.0 0
-50.356 0.0 0
-50.346 0.0 0
-50.336 0.0 0
-50.326 0.0 0
-50.316 0.0 0
-50.306 0.0 0
-50.296 0.0 0
-50.286 0.0 0
-50.276 0.0 0
-50.266 0.0 0
-50.256 0.0 0
-50.246 0.0 0
-50.236 0.0 0
-50.226 0.0 0
-50.216 0.0 0
-50.206 0.0 0
-50.196 0.0 0
-50.186 0.0 0
-50.176 0.0 0
-50.166 0.0 0
-50.156 0.0 0
-50.146 0.0 0
-50.136 0.0 0
-50.126 0.0 0
-50.116 0.0 0
-50.106 0.0 0
-50.096 0.0 0
-50.086 0.0 0
-50.076 0.0 0
-50.066 0.0 0
-50.056 0.0 0
-50.046 0.0 0
-50.036 0.0 0
-50.026 0.0 0
-50.016 0.0 0
-50.006 0.0 0
-49.996 0.0 0
-49.986 0.0 0
-49.976 0.0 0
-49.966 0.0 0
-49.956 0.0 0
-49.946 0.0 0
-49.936 0.0 0
-49.926 0.0 0
-49.916 0.0 0
-49.906 0.0 0
-49.896 0.0 0
-49.886 0.0 0
-49.876 0.0 0
-49.866 0.0 0
-49.856 0.0 0
-49.846 0.0 0
-49.836 0.0 0
-49.826 0.0 0
-49.816 0.0 0
-49.806 0.0 0
-49.796 0.0 0
-49.786 0.0 0
-49.776 0.0 0
-49.766 0.0 0
-49.756 0.0 0
-49.746 0.0 0
-49.736 0.0 0
-49.726 0.0 0
-49.716 0.0 0
-49.706 0.0 0
-49.696 0.0 0
-49.686 0.0 0
-49.676 0.0 0
-49.666 0.0 0
-49.656 0.0 0
-49.646 0.0 0
-49.636 0.0 0
-49.626 0.0 0
-49.616 0.0 0
-49.606 0.0 0
-49.596 0.0 0
-49.586 0.0 0
-49.576 0.0 0
-49.566 0.0 0
-49.556 0.0 0
-49.546 0.0 0
-49.536 0.0 0
-49.526 0.0 0
-49.516 0.0 0
-49.506 0.0 0
-49.496 0.0 0
-49.486 0.0 0
-49.476 0.0 0
-49.466 0.0 0
-49.456 0.0 0
-49.446 0.0 0
-49.436 0.0 0
-49.426 0.0 0
-49.416 0.0 0
-49.406 0.0 0
-49.396 0.0 0
-49.386 0.0 0
-49.376 0.0 0
-49.366 0.0 0
-49.356 0.0 0
-49.346 0.0 0
-49.336 0.0 0
-49.326 0.0 0
-49.316 0.0 0
-49.306 0.0 0
-49.296 0.0 0
-49.286 0.0 0
-49.276 0.0 0
-49.266 0.0 0
-49.256 0.0 0
-49.246 0.0 0
-49.236 0.0 0
-49.226 0.0 0
-49.216 0.0 0
-49.206 0.0 0
-49.196 0.0 0
-49.186 0.0 0
-49.176 0.0 0
-49.166 0.0 0
-49.156 0.0 0
-49.146 0.0 0
-49.136 0.0 0
-49.126 0.0 0
-49.116 0.0 0
-49.106 0.0 0
-49.096 0.0 0
-49.086 0.0 0
-49.076 0.0 0
-49.066 0.0 0
-49.056 0.0 0
-49.046 0.0 0
-49.036 0.0 0
-49.026 0.0 0
-49.016 0.0 0
-49.006 0.0 0
-48.996 0.0 0
-48.986 0.0 0
-48.976 0.0 0
-48.966 0.0 0
-48.956 0.0 0
-48.946 0.0 0
-48.936 0.0 0
-48.926 0.0 0
-48.916 0.0 0
-48.906 0.0 0
-48.896 0.0 0
-48.886 0.0 0
-48.876 0.0 0
-48.866 0.0 0
-48.856 0.0 0
-48.846 0.0 0
-48.836 0.0 0
-48.826 0.0 0
-48.816 0.0 0
-48.806 0.0 0
-48.796 0.0 0
-48.786 0.0 0
-48.776 0.0 0
-48.766 0.0 0
-48.756 0.0 0
-48.746 0.0 0
-48.736 0.0 0
-48.726 0.0 0
-48.716 0.0 0
-48.706 0.0 0
-48.696 0.0 0
-48.686 0.0 0
-48.676 0.0 0
-48.666 0.0 0
-48.656 0.0 0
-48.646 0.0 0
-48.636 0.0 0
-48.626 0.0 0
-48.616 0.0 0
-48.606 0.0 0
-48.596 0.0 0
-48.586 0.0 0
-48.576 0.0 0
-48.566 0.0 0
-48.556 0.0 0
-48.546 0.0 0
-48.536 0.0 0
-48.526 0.0 0
-48.516 0.0 0
-48.506 0.0 0
-48.496 0.0 0
-48.486 0.0 0
-48.476 0.0 0
-48.466 0.0 0
-48.456 0.0 0
-48.446 0.0 0
-48.436 0.0 0
-48.426 0.0 0
-48.416 0.0 0
-48.406 0.0 0
-48.396 0.0 0
-48.386 0.0 0
-48.376 0.0 0
-48.366 0.0 0
-48.356 0.0 0
-48.346 0.0 0
-48.336 0.0 0
-48.326 0.0 0
-48.316 0.0 0
-48.306 0.0 0
-48.296 0.0 0
-48.286 0.0 0
-48.276 0.0 0
-48.266 0.0 0
-48.256 0.0 0
-48.246 0.0 0
-48.236 0.0 0
-48.226 0.0 0
-48.216 0.0 0
-48.206 0.0 0
-48.196 0.0 0
-48.186 0.0 0
-48.176 0.0 0
-48.166 0.0 0
-48.156 0.0 0
-48.146 0.0 0
-48.136 0.0 0
-48.126 0.0 0
-48.116 0.0 0
-48.106 0.0 0
-48.096 0.0 0
-48.086 0.0 0
-48.076 0.0 0
-48.066 0.0 0
-48.056 0.0 0
-48.046 0.0 0
-48.036 0.0 0
-48.026 0.0 0
-48.016 0.0 0
-48.006 0.0 0
-47.996 0.0 0
-47.986 0.0 0
-47.976 0.0 0
-47.966 0.0 0
-47.956 0.0 0
-47.946 0.0 0
-47.936 0.0 0
-47.926 0.0 0
-47.916 0.0 0
-47.906 0.0 0
-47.896 0.0 0
-47.886 0.0 0
-47.876 0.0 0
-47.866 0.0 0
-47.856 0.0 0
-47.846 0.0 0
-47.836 0.0 0
-47.826 0.0 0
-47.816 0.0 0
-47.806 0.0 0
-47.796 0.0 0
-47.786 0.0 0
-47.776 0.0 0
-47.766 0.0 0
-47.756 0.0 0
-47.746 0.0 0
-47.736 0.0 0
-47.726 0.0 0
-47.716 0.0 0
-47.706 0.0 0
-47.696 0.0 0
-47.686 0.0 0
-47.676 0.0 0
-47.666 0.0 0
-47.656 0.0 0
-47.646 0.0 0
-47.636 0.0 0
-47.626 0.0 0
-47.616 0.0 0
-47.606 0.0 0
-47.596 0.0 0
-47.586 0.0 0
-47.576 0.0 0
-47.566 0.0 0
-47.556 0.0 0
-47.546 0.0 0
-47.536 0.0 0
-47.526 0.0 0
-47.516 0.0 0
-47.506 0.0 0
-47.496 0.0 0
-47.486 0.0 0
-47.476 0.0 0
-47.466 0.0 0
-47.456 0.0 0
-47.446 0.0 0
-47.436 0.0 0
-47.426 0.0 0
-47.416 0.0 0
-47.406 0.0 0
-47.396 0.0 0
-47.386 0.0 0
-47.376 0.0 0
-47.366 0.0 0
-47.356 0.0 0
-47.346 0.0 0
-47.336 0.0 0
-47.326 0.0 0
-47.316 0.0 0
-47.306 0.0 0
-47.296 0.0 0
-47.286 0.0 0
-47.276 0.0 0
-47.266 0.0 0
-47.256 0.0 0
-47.246 0.0 0
-47.236 0.0 0
-47.226 0.0 0
-47.216 0.0 0
-47.206 0.0 0
-47.196 0.0 0
-47.186 0.0 0
-47.176 0.0 0
-47.166 0.0 0
-47.156 0.0 0
-47.146 0.0 0
-47.136 0.0 0
-47.126 0.0 0
-47.116 0.0 0
-47.106 0.0 0
-47.096 0.0 0
-47.086 0.0 0
-47.076 0.0 0
-47.066 0.0 0
-47.056 0.0 0
-47.046 0.0 0
-47.036 0.0 0
-47.026 0.0 0
-47.016 0.0 0
-47.006 0.0 0
-46.996 0.0 0
-46.986 0.0 0
-46.976 0.0 0
-46.966 0.0 0
-46.956 0.0 0
-46.946 0.0 0
-46.936 0.0 0
-46.926 0.0 0
-46.916 0.0 0
-46.906 0.0 0
-46.896 0.0 0
-46.886 0.0 0
-46.876 0.0 0
-46.866 0.0 0
-46.856 0.0 0
-46.846 0.0 0
-46.836 0.0 0
-46.826 0.0 0
-46.816 0.0 0
-46.806 0.0 0
-46.796 0.0 0
-46.786 0.0 0
-46.776 0.0 0
-46.766 0.0 0
-46.756 0.0 0
-46.746 0.0 0
-46.736 0.0 0
-46.726 0.0 0
-46.716 0.0 0
-46.706 0.0 0
-46.696 0.0 0
-46.686 0.0 0
-46.676 0.0 0
-46.666 0.0 0
-46.656 0.0 0
-46.646 0.0 0
-46.636 0.0 0
-46.626 0.0 0
-46.616 0.0 0
-46.606 0.0 0
-46.596 0.0 0
-46.586 0.0 0
-46.576 0.0 0
-46.566 0.0 0
-46.556 0.0 0
-46.546 0.0 0
-46.536 0.0 0
-46.526 0.0 0
-46.516 0.0 0
-46.506 0.0 0
-46.496 0.0 0
-46.486 0.0 0
-46.476 0.0 0
-46.466 0.0 0
-46.456 0.0 0
-46.446 0.0 0
-46.436 0.0 0
-46.426 0.0 0
-46.416 0.0 0
-46.406 0.0 0
-46.396 0.0 0
-46.386 0.0 0
-46.376 0.0 0
-46.366 0.0 0
-46.356 0.0 0
-46.346 0.0 0
-46.336 0.0 0
-46.326 0.0 0
-46.316 0.0 0
-46.306 0.0 0
-46.296 0.0 0
-46.286 0.0 0
-46.276 0.0 0
-46.266 0.0 0
-46.256 0.0 0
-46.246 0.0 0
-46.236 0.0 0
-46.226 0.0 0
-46.216 0.0 0
-46.206 0.0 0
-46.196 0.0 0
-46.186 0.0 0
-46.176 0.0 0
-46.166 0.0 0
-46.156 0.0 0
-46.146 0.0 0
-46.136 0.0 0
-46.126 0.0 0
-46.116 0.0 0
-46.106 0.0 0
-46.096 0.0 0
-46.086 0.0 0
-46.076 0.0 0
-46.066 0.0 0
-46.056 0.0 0
-46.046 0.0 0
-46.036 0.0 0
-46.026 0.0 0
-46.016 0.0 0
-46.006 0.0 0
-45.996 0.0 0
-45.986 0.0 0
-45.976 0.0 0
-45.966 0.0 0
-45.956 0.0 0
-45.946 0.0 0
-45.936 0.0 0
-45.926 0.0 0
-45.916 0.0 0
-45.906 0.0 0
-45.896 0.0 0
-45.886 0.0 0
-45.876 0.0 0
-45.866 0.0 0
-45.856 0.0 0
-45.846 0.0 0
-45.836 0.0 0
-45.826 0.0 0
-45.816 0.0 0
-45.806 0.0 0
-45.796 0.0 0
-45.786 0.0 0
-45.776 0.0 0
-45.766 0.0 0
-45.756 0.0 0
-45.746 0.0 0
-45.736 0.0 0
-45.726 0.0 0
-45.716 0.0 0
-45.706 0.0 0
-45.696 0.0 0
-45.686 0.0 0
-45.676 0.0 0
-45.666 0.0 0
-45.656 0.0 0
-45.646 0.0 0
-45.636 0.0 0
-45.626 0.0 0
-45.616 0.0 0
-45.606 0.0 0
-45.596 0.0 0
-45.586 0.0 0
-45.576 0.0 0
-45.566 0.0 0
-45.556 0.0 0
-45.546 0.0 0
-45.536 0.0 0
-45.526 0.0 0
-45.516 0.0 0
-45.506 0.0 0
-45.496 0.0 0
-45.486 0.0 0
-45.476 0.0 0
-45.466 0.0 0
-45.456 0.0 0
-45.446 0.0 0
-45.436 0.0 0
-45.426 0.0 0
-45.416 0.0 0
-45.406 0.0 0
-45.396 0.0 0
-45.386 0.0 0
-45.376 0.0 0
-45.366 0.0 0
-45.356 0.0 0
-45.346 0.0 0
-45.336 0.0 0
-45.326 0.0 0
-45.316 0.0 0
-45.306 0.0 0
-45.296 0.0 0
-45.286 0.0 0
-45.276 0.0 0
-45.266 0.0 0
-45.256 0.0 0
-45.246 0.0 0
-45.236 0.0 0
-45.226 0.0 0
-45.216 0.0 0
-45.206 0.0 0
-45.196 0.0 0
-45.186 0.0 0
-45.176 0.0 0
-45.166 0.0 0
-45.156 0.0 0
-45.146 0.0 0
-45.136 0.0 0
-45.126 0.0 0
-45.116 0.0 0
-45.106 0.0 0
-45.096 0.0 0
-45.086 0.0 0
-45.076 0.0 0
-45.066 0.0 0
-45.056 0.0 0
-45.046 0.0 0
-45.036 0.0 0
-45.026 0.0 0
-45.016 0.0 0
-45.006 0.0 0
-44.996 0.0 0
-44.986 0.0 0
-44.976 0.0 0
-44.966 0.0 0
-44.956 0.0 0
-44.946 0.0 0
-44.936 0.0 0
-44.926 0.0 0
-44.916 0.0 0
-44.906 0.0 0
-44.896 0.0 0
-44.886 0.0 0
-44.876 0.0 0
-44.866 0.0 0
-44.856 0.0 0
-44.846 0.0 0
-44.836 0.0 0
-44.826 0.0 0
-44.816 0.0 0
-44.806 0.0 0
-44.796 0.0 0
-44.786 0.0 0
-44.776 0.0 0
-44.766 0.0 0
-44.756 0.0 0
-44.746 0.0 0
-44.736 0.0 0
-44.726 0.0 0
-44.716 0.0 0
-44.706 0.0 0
-44.696 0.0 0
-44.686 0.0 0
-44.676 0.0 0
-44.666 0.0 0
-44.656 0.0 0
-44.646 0.0 0
-44.636 0.0 0
-44.626 0.0 0
-44.616 0.0 0
-44.606 0.0 0
-44.596 0.0 0
-44.586 0.0 0
-44.576 0.0 0
-44.566 0.0 0
-44.556 0.0 0
-44.546 0.0 0
-44.536 0.0 0
-44.526 0.0 0
-44.516 0.0 0
-44.506 0.0 0
-44.496 0.0 0
-44.486 0.0 0
-44.476 0.0 0
-44.466 0.0 0
-44.456 0.0 0
-44.446 0.0 0
-44.436 0.0 0
-44.426 0.0 0
-44.416 0.0 0
-44.406 0.0 0
-44.396 0.0 0
-44.386 0.0 0
-44.376 0.0 0
-44.366 0.0 0
-44.356 0.0 0
-44.346 0.0 0
-44.336 0.0 0
-44.326 0.0 0
-44.316 0.0 0
-44.306 0.0 0
-44.296 0.0 0
-44.286 0.0 0
-44.276 0.0 0
-44.266 0.0 0
-44.256 0.0 0
-44.246 0.0 0
-44.236 0.0 0
-44.226 0.0 0
-44.216 0.0 0
-44.206 0.0 0
-44.196 0.0 0
-44.186 0.0 0
-44.176 0.0 0
-44.166 0.0 0
-44.156 0.0 0
-44.146 0.0 0
-44.136 0.0 0
-44.126 0.0 0
-44.116 0.0 0
-44.106 0.0 0
-44.096 0.0 0
-44.086 0.0 0
-44.076 0.0 0
-44.066 0.0 0
-44.056 0.0 0
-44.046 0.0 0
-44.036 0.0 0
-44.026 0.0 0
-44.016 0.0 0
-44.006 0.0 0
-43.996 0.0 0
-43.986 0.0 0
-43.976 0.0 0
-43.966 0.0 0
-43.956 0.0 0
-43.946 0.0 0
-43.936 0.0 0
-43.926 0.0 0
-43.916 0.0 0
-43.906 0.0 0
-43.896 0.0 0
-43.886 0.0 0
-43.876 0.0 0
-43.866 0.0 0
-43.856 0.0 0
-43.846 0.0 0
-43.836 0.0 0
-43.826 0.0 0
-43.816 0.0 0
-43.806 0.0 0
-43.796 0.0 0
-43.786 0.0 0
-43.776 0.0 0
-43.766 0.0 0
-43.756 0.0 0
-43.746 0.0 0
-43.736 0.0 0
-43.726 0.0 0
-43.716 0.0 0
-43.706 0.0 0
-43.696 0.0 0
-43.686 0.0 0
-43.676 0.0 0
-43.666 0.0 0
-43.656 0.0 0
-43.646 0.0 0
-43.636 0.0 0
-43.626 0.0 0
-43.616 0.0 0
-43.606 0.0 0
-43.596 0.0 0
-43.586 0.0 0
-43.576 0.0 0
-43.566 0.0 0
-43.556 0.0 0
-43.546 0.0 0
-43.536 0.0 0
-43.526 0.0 0
-43.516 0.0 0
-43.506 0.0 0
-43.496 0.0 0
-43.486 0.0 0
-43.476 0.0 0
-43.466 0.0 0
-43.456 0.0 0
-43.446 0.0 0
-43.436 0.0 0
-43.426 0.0 0
-43.416 0.0 0
-43.406 0.0 0
-43.396 0.0 0
-43.386 0.0 0
-43.376 0.0 0
-43.366 0.0 0
-43.356 0.0 0
-43.346 0.0 0
-43.336 0.0 0
-43.326 0.0 0
-43.316 0.0 0
-43.306 0.0 0
-43.296 0.0 0
-43.286 0.0 0
-43.276 0.0 0
-43.266 0.0 0
-43.256 0.0 0
-43.246 0.0 0
-43.236 0.0 0
-43.226 0.0 0
-43.216 0.0 0
-43.206 0.0 0
-43.196 0.0 0
-43.186 0.0 0
-43.176 0.0 0
-43.166 0.0 0
-43.156 0.0 0
-43.146 0.0 0
-43.136 0.0 0
-43.126 0.0 0
-43.116 0.0 0
-43.106 0.0 0
-43.096 0.0 0
-43.086 0.0 0
-43.076 0.0 0
-43.066 0.0 0
-43.056 0.0 0
-43.046 0.0 0
-43.036 0.0 0
-43.026 0.0 0
-43.016 0.0 0
-43.006 0.0 0
-42.996 0.0 0
-42.986 0.0 0
-42.976 0.0 0
-42.966 0.0 0
-42.956 0.0 0
-42.946 0.0 0
-42.936 0.0 0
-42.926 0.0 0
-42.916 0.0 0
-42.906 0.0 0
-42.896 0.0 0
-42.886 0.0 0
-42.876 0.0 0
-42.866 0.0 0
-42.856 0.0 0
-42.846 0.0 0
-42.836 0.0 0
-42.826 0.0 0
-42.816 0.0 0
-42.806 0.0 0
-42.796 0.0 0
-42.786 0.0 0
-42.776 0.0 0
-42.766 0.0 0
-42.756 0.0 0
-42.746 0.0 0
-42.736 0.0 0
-42.726 0.0 0
-42.716 0.0 0
-42.706 0.0 0
-42.696 0.0 0
-42.686 0.0 0
-42.676 0.0 0
-42.666 0.0 0
-42.656 0.0 0
-42.646 0.0 0
-42.636 0.0 0
-42.626 0.0 0
-42.616 0.0 0
-42.606 0.0 0
-42.596 0.0 0
-42.586 0.0 0
-42.576 0.0 0
-42.566 0.0 0
-42.556 0.0 0
-42.546 0.0 0
-42.536 0.0 0
-42.526 0.0 0
-42.516 0.0 0
-42.506 0.0 0
-42.496 0.0 0
-42.486 0.0 0
-42.476 0.0 0
-42.466 0.0 0
-42.456 0.0 0
-42.446 0.0 0
-42.436 0.0 0
-42.426 0.0 0
-42.416 0.0 0
-42.406 0.0 0
-42.396 0.0 0
-42.386 0.0 0
-42.376 0.0 0
-42.366 0.0 0
-42.356 0.0 0
-42.346 0.0 0
-42.336 0.0 0
-42.326 0.0 0
-42.316 0.0 0
-42.306 0.0 0
-42.296 0.0 0
-42.286 0.0 0
-42.276 0.0 0
-42.266 0.0 0
-42.256 0.0 0
-42.246 0.0 0
-42.236 0.0 0
-42.226 0.0 0
-42.216 0.0 0
-42.206 0.0 0
-42.196 0.0 0
-42.186 0.0 0
-42.176 0.0 0
-42.166 0.0 0
-42.156 0.0 0
-42.146 0.0 0
-42.136 0.0 0
-42.126 0.0 0
-42.116 0.0 0
-42.106 0.0 0
-42.096 0.0 0
-42.086 0.0 0
-42.076 0.0 0
-42.066 0.0 0
-42.056 0.0 0
-42.046 0.0 0
-42.036 0.0 0
-42.026 0.0 0
-42.016 0.0 0
-42.006 0.0 0
-41.996 0.0 0
-41.986 0.0 0
-41.976 0.0 0
-41.966 0.0 0
-41.956 0.0 0
-41.946 0.0 0
-41.936 0.0 0
-41.926 0.0 0
-41.916 0.0 0
-41.906 0.0 0
-41.896 0.0 0
-41.886 0.0 0
-41.876 0.0 0
-41.866 0.0 0
-41.856 0.0 0
-41.846 0.0 0
-41.836 0.0 0
-41.826 0.0 0
-41.816 0.0 0
-41.806 0.0 0
-41.796 0.0 0
-41.786 0.0 0
-41.776 0.0 0
-41.766 0.0 0
-41.756 0.0 0
-41.746 0.0 0
-41.736 0.0 0
-41.726 0.0 0
-41.716 0.0 0
-41.706 0.0 0
-41.696 0.0 0
-41.686 0.0 0
-41.676 0.0 0
-41.666 0.0 0
-41.656 0.0 0
-41.646 0.0 0
-41.636 0.0 0
-41.626 0.0 0
-41.616 0.0 0
-41.606 0.0 0
-41.596 0.0 0
-41.586 0.0 0
-41.576 0.0 0
-41.566 0.0 0
-41.556 0.0 0
-41.546 0.0 0
-41.536 0.0 0
-41.526 0.0 0
-41.516 0.0 0
-41.506 0.0 0
-41.496 0.0 0
-41.486 0.0 0
-41.476 0.0 0
-41.466 0.0 0
-41.456 0.0 0
-41.446 0.0 0
-41.436 0.0 0
-41.426 0.0 0
-41.416 0.0 0
-41.406 0.0 0
-41.396 0.0 0
-41.386 0.0 0
-41.376 0.0 0
-41.366 0.0 0
-41.356 0.0 0
-41.346 0.0 0
-41.336 0.0 0
-41.326 0.0 0
-41.316 0.0 0
-41.306 0.0 0
-41.296 0.0 0
-41.286 0.0 0
-41.276 0.0 0
-41.266 0.0 0
-41.256 0.0 0
-41.246 0.0 0
-41.236 0.0 0
-41.226 0.0 0
-41.216 0.0 0
-41.206 0.0 0
-41.196 0.0 0
-41.186 0.0 0
-41.176 0.0 0
-41.166 0.0 0
-41.156 0.0 0
-41.146 0.0 0
-41.136 0.0 0
-41.126 0.0 0
-41.116 0.0 0
-41.106 0.0 0
-41.096 0.0 0
-41.086 0.0 0
-41.076 0.0 0
-41.066 0.0 0
-41.056 0.0 0
-41.046 0.0 0
-41.036 0.0 0
-41.026 0.0 0
-41.016 0.0 0
-41.006 0.0 0
-40.996 0.0 0
-40.986 0.0 0
-40.976 0.0 0
-40.966 0.0 0
-40.956 0.0 0
-40.946 0.0 0
-40.936 0.0 0
-40.926 0.0 0
-40.916 0.0 0
-40.906 0.0 0
-40.896 0.0 0
-40.886 0.0 0
-40.876 0.0 0
-40.866 0.0 0
-40.856 0.0 0
-40.846 0.0 0
-40.836 0.0 0
-40.826 0.0 0
-40.816 0.0 0
-40.806 0.0 0
-40.796 0.0 0
-40.786 0.0 0
-40.776 0.0 0
-40.766 0.0 0
-40.756 0.0 0
-40.746 0.0 0
-40.736 0.0 0
-40.726 0.0 0
-40.716 0.0 0
-40.706 0.0 0
-40.696 0.0 0
-40.686 0.0 0
-40.676 0.0 0
-40.666 0.0 0
-40.656 0.0 0
-40.646 0.0 0
-40.636 0.0 0
-40.626 0.0 0
-40.616 0.0 0
-40.606 0.0 0
-40.596 0.0 0
-40.586 0.0 0
-40.576 0.0 0
-40.566 0.0 0
-40.556 0.0 0
-40.546 0.0 0
-40.536 0.0 0
-40.526 0.0 0
-40.516 0.0 0
-40.506 0.0 0
-40.496 0.0 0
-40.486 0.0 0
-40.476 0.0 0
-40.466 0.0 0
-40.456 0.0 0
-40.446 0.0 0
-40.436 0.0 0
-40.426 0.0 0
-40.416 0.0 0
-40.406 0.0 0
-40.396 0.0 0
-40.386 0.0 0
-40.376 0.0 0
-40.366 0.0 0
-40.356 0.0 0
-40.346 0.0 0
-40.336 0.0 0
-40.326 0.0 0
-40.316 0.0 0
-40.306 0.0 0
-40.296 0.0 0
-40.286 0.0 0
-40.276 0.0 0
-40.266 0.0 0
-40.256 0.0 0
-40.246 0.0 0
-40.236 0.0 0
-40.226 0.0 0
-40.216 0.0 0
-40.206 0.0 0
-40.196 0.0 0
-40.186 0.0 0
-40.176 0.0 0
-40.166 0.0 0
-40.156 0.0 0
-40.146 0.0 0
-40.136 0.0 0
-40.126 0.0 0
-40.116 0.0 0
-40.106 0.0 0
-40.096 0.0 0
-40.086 0.0 0
-40.076 0.0 0
-40.066 0.0 0
-40.056 0.0 0
-40.046 0.0 0
-40.036 0.0 0
-40.026 0.0 0
-40.016 0.0 0
-40.006 0.0 0
-39.996 0.0 0
-39.986 0.0 0
-39.976 0.0 0
-39.966 0.0 0
-39.956 0.0 0
-39.946 0.0 0
-39.936 0.0 0
-39.926 0.0 0
-39.916 0.0 0
-39.906 0.0 0
-39.896 0.0 0
-39.886 0.0 0
-39.876 0.0 0
-39.866 0.0 0
-39.856 0.0 0
-39.846 0.0 0
-39.836 0.0 0
-39.826 0.0 0
-39.816 0.0 0
-39.806 0.0 0
-39.796 0.0 0
-39.786 0.0 0
-39.776 0.0 0
-39.766 0.0 0
-39.756 0.0 0
-39.746 0.0 0
-39.736 0.0 0
-39.726 0.0 0
-39.716 0.0 0
-39.706 0.0 0
-39.696 0.0 0
-39.686 0.0 0
-39.676 0.0 0
-39.666 0.0 0
-39.656 0.0 0
-39.646 0.0 0
-39.636 0.0 0
-39.626 0.0 0
-39.616 0.0 0
-39.606 0.0 0
-39.596 0.0 0
-39.586 0.0 0
-39.576 0.0 0
-39.566 0.0 0
-39.556 0.0 0
-39.546 0.0 0
-39.536 0.0 0
-39.526 0.0 0
-39.516 0.0 0
-39.506 0.0 0
-39.496 0.0 0
-39.486 0.0 0
-39.476 0.0 0
-39.466 0.0 0
-39.456 0.0 0
-39.446 0.0 0
-39.436 0.0 0
-39.426 0.0 0
-39.416 0.0 0
-39.406 0.0 0
-39.396 0.0 0
-39.386 0.0 0
-39.376 0.0 0
-39.366 0.0 0
-39.356 0.0 0
-39.346 0.0 0
-39.336 0.0 0
-39.326 0.0 0
-39.316 0.0 0
-39.306 0.0 0
-39.296 0.0 0
-39.286 0.0 0
-39.276 0.0 0
-39.266 0.0 0
-39.256 0.0 0
-39.246 0.0 0
-39.236 0.0 0
-39.226 0.0 0
-39.216 0.0 0
-39.206 0.0 0
-39.196 0.0 0
-39.186 0.0 0
-39.176 0.0 0
-39.166 0.0 0
-39.156 0.0 0
-39.146 0.0 0
-39.136 0.0 0
-39.126 0.0 0
-39.116 0.0 0
-39.106 0.0 0
-39.096 0.0 0
-39.086 0.0 0
-39.076 0.0 0
-39.066 0.0 0
-39.056 0.0 0
-39.046 0.0 0
-39.036 0.0 0
-39.026 0.0 0
-39.016 0.0 0
-39.006 0.0 0
-38.996 0.0 0
-38.986 0.0 0
-38.976 0.0 0
-38.966 0.0 0
-38.956 0.0 0
-38.946 0.0 0
-38.936 0.0 0
-38.926 0.0 0
-38.916 0.0 0
-38.906 0.0 0
-38.896 0.0 0
-38.886 0.0 0
-38.876 0.0 0
-38.866 0.0 0
-38.856 0.0 0
-38.846 0.0 0
-38.836 0.0 0
-38.826 0.0 0
-38.816 0.0 0
-38.806 0.0 0
-38.796 0.0 0
-38.786 0.0 0
-38.776 0.0 0
-38.766 0.0 0
-38.756 0.0 0
-38.746 0.0 0
-38.736 0.0 0
-38.726 0.0 0
-38.716 0.0 0
-38.706 0.0 0
-38.696 0.0 0
-38.686 0.0 0
-38.676 0.0 0
-38.666 0.0 0
-38.656 0.0 0
-38.646 0.0 0
-38.636 0.0 0
-38.626 0.0 0
-38.616 0.0 0
-38.606 0.0 0
-38.596 0.0 0
-38.586 0.0 0
-38.576 0.0 0
-38.566 0.0 0
-38.556 0.0 0
-38.546 0.0 0
-38.536 0.0 0
-38.526 0.0 0
-38.516 0.0 0
-38.506 0.0 0
-38.496 0.0 0
-38.486 0.0 0
-38.476 0.0 0
-38.466 0.0 0
-38.456 0.0 0
-38.446 0.0 0
-38.436 0.0 0
-38.426 0.0 0
-38.416 0.0 0
-38.406 0.0 0
-38.396 0.0 0
-38.386 0.0 0
-38.376 0.0 0
-38.366 0.0 0
-38.356 0.0 0
-38.346 0.0 0
-38.336 0.0 0
-38.326 0.0 0
-38.316 0.0 0
-38.306 0.0 0
-38.296 0.0 0
-38.286 0.0 0
-38.276 0.0 0
-38.266 0.0 0
-38.256 0.0 0
-38.246 0.0 0
-38.236 0.0 0
-38.226 0.0 0
-38.216 0.0 0
-38.206 0.0 0
-38.196 0.0 0
-38.186 0.0 0
-38.176 0.0 0
-38.166 0.0 0
-38.156 0.0 0
-38.146 0.0 0
-38.136 0.0 0
-38.126 0.0 0
-38.116 0.0 0
-38.106 0.0 0
-38.096 0.0 0
-38.086 0.0 0
-38.076 0.0 0
-38.066 0.0 0
-38.056 0.0 0
-38.046 0.0 0
-38.036 0.0 0
-38.026 0.0 0
-38.016 0.0 0
-38.006 0.0 0
-37.996 0.0 0
-37.986 0.0 0
-37.976 0.0 0
-37.966 0.0 0
-37.956 0.0 0
-37.946 0.0 0
-37.936 0.0 0
-37.926 0.0 0
-37.916 0.0 0
-37.906 0.0 0
-37.896 0.0 0
-37.886 0.0 0
-37.876 0.0 0
-37.866 0.0 0
-37.856 0.0 0
-37.846 0.0 0
-37.836 0.0 0
-37.826 0.0 0
-37.816 0.0 0
-37.806 0.0 0
-37.796 0.0 0
-37.786 0.0 0
-37.776 0.0 0
-37.766 0.0 0
-37.756 0.0 0
-37.746 0.0 0
-37.736 0.0 0
-37.726 0.0 0
-37.716 0.0 0
-37.706 0.0 0
-37.696 0.0 0
-37.686 0.0 0
-37.676 0.0 0
-37.666 0.0 0
-37.656 0.0 0
-37.646 0.0 0
-37.636 0.0 0
-37.626 0.0 0
-37.616 0.0 0
-37.606 0.0 0
-37.596 0.0 0
-37.586 0.0 0
-37.576 0.0 0
-37.566 0.0 0
-37.556 0.0 0
-37.546 0.0 0
-37.536 0.0 0
-37.526 0.0 0
-37.516 0.0 0
-37.506 0.0 0
-37.496 0.0 0
-37.486 0.0 0
-37.476 0.0 0
-37.466 0.0 0
-37.456 0.0 0
-37.446 0.0 0
-37.436 0.0 0
-37.426 0.0 0
-37.416 0.0 0
-37.406 0.0 0
-37.396 0.0 0
-37.386 0.0 0
-37.376 0.0 0
-37.366 0.0 0
-37.356 0.0 0
-37.346 0.0 0
-37.336 0.0 0
-37.326 0.0 0
-37.316 0.0 0
-37.306 0.0 0
-37.296 0.0 0
-37.286 0.0 0
-37.276 0.0 0
-37.266 0.0 0
-37.256 0.0 0
-37.246 0.0 0
-37.236 0.0 0
-37.226 0.0 0
-37.216 0.0 0
-37.206 0.0 0
-37.196 0.0 0
-37.186 0.0 0
-37.176 0.0 0
-37.166 0.0 0
-37.156 0.0 0
-37.146 0.0 0
-37.136 0.0 0
-37.126 0.0 0
-37.116 0.0 0
-37.106 0.0 0
-37.096 0.0 0
-37.086 0.0 0
-37.076 0.0 0
-37.066 0.0 0
-37.056 0.0 0
-37.046 0.0 0
-37.036 0.0 0
-37.026 0.0 0
-37.016 0.0 0
-37.006 0.0 0
-36.996 0.0 0
-36.986 0.0 0
-36.976 0.0 0
-36.966 0.0 0
-36.956 0.0 0
-36.946 0.0 0
-36.936 0.0 0
-36.926 0.0 0
-36.916 0.0 0
-36.906 0.0 0
-36.896 0.0 0
-36.886 0.0 0
-36.876 0.0 0
-36.866 0.0 0
-36.856 0.0 0
-36.846 0.0 0
-36.836 0.0 0
-36.826 0.0 0
-36.816 0.0 0
-36.806 0.0 0
-36.796 0.0 0
-36.786 0.0 0
-36.776 0.0 0
-36.766 0.0 0
-36.756 0.0 0
-36.746 0.0 0
-36.736 0.0 0
-36.726 0.0 0
-36.716 0.0 0
-36.706 0.0 0
-36.696 0.0 0
-36.686 0.0 0
-36.676 0.0 0
-36.666 0.0 0
-36.656 0.0 0
-36.646 0.0 0
-36.636 0.0 0
-36.626 0.0 0
-36.616 0.0 0
-36.606 0.0 0
-36.596 0.0 0
-36.586 0.0 0
-36.576 0.0 0
-36.566 0.0 0
-36.556 0.0 0
-36.546 0.0 0
-36.536 0.0 0
-36.526 0.0 0
-36.516 0.0 0
-36.506 0.0 0
-36.496 0.0 0
-36.486 0.0 0
-36.476 0.0 0
-36.466 0.0 0
-36.456 0.0 0
-36.446 0.0 0
-36.436 0.0 0
-36.426 0.0 0
-36.416 0.0 0
-36.406 0.0 0
-36.396 0.0 0
-36.386 0.0 0
-36.376 0.0 0
-36.366 0.0 0
-36.356 0.0 0
-36.346 0.0 0
-36.336 0.0 0
-36.326 0.0 0
-36.316 0.0 0
-36.306 0.0 0
-36.296 0.0 0
-36.286 0.0 0
-36.276 0.0 0
-36.266 0.0 0
-36.256 0.0 0
-36.246 0.0 0
-36.236 0.0 0
-36.226 0.0 0
-36.216 0.0 0
-36.206 0.0 0
-36.196 0.0 0
-36.186 0.0 0
-36.176 0.0 0
-36.166 0.0 0
-36.156 0.0 0
-36.146 0.0 0
-36.136 0.0 0
-36.126 0.0 0
-36.116 0.0 0
-36.106 0.0 0
-36.096 0.0 0
-36.086 0.0 0
-36.076 0.0 0
-36.066 0.0 0
-36.056 0.0 0
-36.046 0.0 0
-36.036 0.0 0
-36.026 0.0 0
-36.016 0.0 0
-36.006 0.0 0
-35.996 0.0 0
-35.986 0.0 0
-35.976 0.0 0
-35.966 0.0 0
-35.956 0.0 0
-35.946 0.0 0
-35.936 0.0 0
-35.926 0.0 0
-35.916 0.0 0
-35.906 0.0 0
-35.896 0.0 0
-35.886 0.0 0
-35.876 0.0 0
-35.866 0.0 0
-35.856 0.0 0
-35.846 0.0 0
-35.836 0.0 0
-35.826 0.0 0
-35.816 0.0 0
-35.806 0.0 0
-35.796 0.0 0
-35.786 0.0 0
-35.776 0.0 0
-35.766 0.0 0
-35.756 0.0 0
-35.746 0.0 0
-35.736 0.0 0
-35.726 0.0 0
-35.716 0.0 0
-35.706 0.0 0
-35.696 0.0 0
-35.686 0.0 0
-35.676 0.0 0
-35.666 0.0 0
-35.656 0.0 0
-35.646 0.0 0
-35.636 0.0 0
-35.626 0.0 0
-35.616 0.0 0
-35.606 0.0 0
-35.596 0.0 0
-35.586 0.0 0
-35.576 0.0 0
-35.566 0.0 0
-35.556 0.0 0
-35.546 0.0 0
-35.536 0.0 0
-35.526 0.0 0
-35.516 0.0 0
-35.506 0.0 0
-35.496 0.0 0
-35.486 0.0 0
-35.476 0.0 0
-35.466 0.0 0
-35.456 0.0 0
-35.446 0.0 0
-35.436 0.0 0
-35.426 0.0 0
-35.416 0.0 0
-35.406 0.0 0
-35.396 0.0 0
-35.386 0.0 0
-35.376 0.0 0
-35.366 0.0 0
-35.356 0.0 0
-35.346 0.0 0
-35.336 0.0 0
-35.326 0.0 0
-35.316 0.0 0
-35.306 0.0 0
-35.296 0.0 0
-35.286 0.0 0
-35.276 0.0 0
-35.266 0.0 0
-35.256 0.0 0
-35.246 0.0 0
-35.236 0.0 0
-35.226 0.0 0
-35.216 0.0 0
-35.206 0.0 0
-35.196 0.0 0
-35.186 0.0 0
-35.176 0.0 0
-35.166 0.0 0
-35.156 0.0 0
-35.146 0.0 0
-35.136 0.0 0
-35.126 0.0 0
-35.116 0.0 0
-35.106 0.0 0
-35.096 0.0 0
-35.086 0.0 0
-35.076 0.0 0
-35.066 0.0 0
-35.056 0.0 0
-35.046 0.0 0
-35.036 0.0 0
-35.026 0.0 0
-35.016 0.0 0
-35.006 0.0 0
-34.996 0.0 0
-34.986 0.0 0
-34.976 0.0 0
-34.966 0.0 0
-34.956 0.0 0
-34.946 0.0 0
-34.936 0.0 0
-34.926 0.0 0
-34.916 0.0 0
-34.906 0.0 0
-34.896 0.0 0
-34.886 0.0 0
-34.876 0.0 0
-34.866 0.0 0
-34.856 0.0 0
-34.846 0.0 0
-34.836 0.0 0
-34.826 0.0 0
-34.816 0.0 0
-34.806 0.0 0
-34.796 0.0 0
-34.786 0.0 0
-34.776 0.0 0
-34.766 0.0 0
-34.756 0.0 0
-34.746 0.0 0
-34.736 0.0 0
-34.726 0.0 0
-34.716 0.0 0
-34.706 0.0 0
-34.696 0.0 0
-34.686 0.0 0
-34.676 0.0 0
-34.666 0.0 0
-34.656 0.0 0
-34.646 0.0 0
-34.636 0.0 0
-34.626 0.0 0
-34.616 0.0 0
-34.606 0.0 0
-34.596 0.0 0
-34.586 0.0 0
-34.576 0.0 0
-34.566 0.0 0
-34.556 0.0 0
-34.546 0.0 0
-34.536 0.0 0
-34.526 0.0 0
-34.516 0.0 0
-34.506 0.0 0
-34.496 0.0 0
-34.486 0.0 0
-34.476 0.0 0
-34.466 0.0 0
-34.456 0.0 0
-34.446 0.0 0
-34.436 0.0 0
-34.426 0.0 0
-34.416 0.0 0
-34.406 0.0 0
-34.396 0.0 0
-34.386 0.0 0
-34.376 0.0 0
-34.366 0.0 0
-34.356 0.0 0
-34.346 0.0 0
-34.336 0.0 0
-34.326 0.0 0
-34.316 0.0 0
-34.306 0.0 0
-34.296 0.0 0
-34.286 0.0 0
-34.276 0.0 0
-34.266 0.0 0
-34.256 0.0 0
-34.246 0.0 0
-34.236 0.0 0
-34.226 0.0 0
-34.216 0.0 0
-34.206 0.0 0
-34.196 0.0 0
-34.186 0.0 0
-34.176 0.0 0
-34.166 0.0 0
-34.156 0.0 0
-34.146 0.0 0
-34.136 0.0 0
-34.126 0.0 0
-34.116 0.0 0
-34.106 0.0 0
-34.096 0.0 0
-34.086 0.0 0
-34.076 0.0 0
-34.066 0.0 0
-34.056 0.0 0
-34.046 0.0 0
-34.036 0.0 0
-34.026 0.0 0
-34.016 0.0 0
-34.006 0.0 0
-33.996 0.0 0
-33.986 0.0 0
-33.976 0.0 0
-33.966 0.0 0
-33.956 0.0 0
-33.946 0.0 0
-33.936 0.0 0
-33.926 0.0 0
-33.916 0.0 0
-33.906 0.0 0
-33.896 0.0 0
-33.886 0.0 0
-33.876 0.0 0
-33.866 0.0 0
-33.856 0.0 0
-33.846 0.0 0
-33.836 0.0 0
-33.826 0.0 0
-33.816 0.0 0
-33.806 0.0 0
-33.796 0.0 0
-33.786 0.0 0
-33.776 0.0 0
-33.766 0.0 0
-33.756 0.0 0
-33.746 0.0 0
-33.736 0.0 0
-33.726 0.0 0
-33.716 0.0 0
-33.706 0.0 0
-33.696 0.0 0
-33.686 0.0 0
-33.676 0.0 0
-33.666 0.0 0
-33.656 0.0 0
-33.646 0.0 0
-33.636 0.0 0
-33.626 0.0 0
-33.616 0.0 0
-33.606 0.0 0
-33.596 0.0 0
-33.586 0.0 0
-33.576 0.0 0
-33.566 0.0 0
-33.556 0.0 0
-33.546 0.0 0
-33.536 0.0 0
-33.526 0.0 0
-33.516 0.0 0
-33.506 0.0 0
-33.496 0.0 0
-33.486 0.0 0
-33.476 0.0 0
-33.466 0.0 0
-33.456 0.0 0
-33.446 0.0 0
-33.436 0.0 0
-33.426 0.0 0
-33.416 0.0 0
-33.406 0.0 0
-33.396 0.0 0
-33.386 0.0 0
-33.376 0.0 0
-33.366 0.0 0
-33.356 0.0 0
-33.346 0.0 0
-33.336 0.0 0
-33.326 0.0 0
-33.316 0.0 0
-33.306 0.0 0
-33.296 0.0 0
-33.286 0.0 0
-33.276 0.0 0
-33.266 0.0 0
-33.256 0.0 0
-33.246 0.0 0
-33.236 0.0 0
-33.226 0.0 0
-33.216 0.0 0
-33.206 0.0 0
-33.196 0.0 0
-33.186 0.0 0
-33.176 0.0 0
-33.166 0.0 0
-33.156 0.0 0
-33.146 0.0 0
-33.136 0.0 0
-33.126 0.0 0
-33.116 0.0 0
-33.106 0.0 0
-33.096 0.0 0
-33.086 0.0 0
-33.076 0.0 0
-33.066 0.0 0
-33.056 0.0 0
-33.046 0.0 0
-33.036 0.0 0
-33.026 0.0 0
-33.016 0.0 0
-33.006 0.0 0
-32.996 0.0 0
-32.986 0.0 0
-32.976 0.0 0
-32.966 0.0 0
-32.956 0.0 0
-32.946 0.0 0
-32.936 0.0 0
-32.926 0.0 0
-32.916 0.0 0
-32.906 0.0 0
-32.896 0.0 0
-32.886 0.0 0
-32.876 0.0 0
-32.866 0.0 0
-32.856 0.0 0
-32.846 0.0 0
-32.836 0.0 0
-32.826 0.0 0
-32.816 0.0 0
-32.806 0.0 0
-32.796 0.0 0
-32.786 0.0 0
-32.776 0.0 0
-32.766 0.0 0
-32.756 0.0 0
-32.746 0.0 0
-32.736 0.0 0
-32.726 0.0 0
-32.716 0.0 0
-32.706 0.0 0
-32.696 0.0 0
-32.686 0.0 0
-32.676 0.0 0
-32.666 0.0 0
-32.656 0.0 0
-32.646 0.0 0
-32.636 0.0 0
-32.626 0.0 0
-32.616 0.0 0
-32.606 0.0 0
-32.596 0.0 0
-32.586 0.0 0
-32.576 0.0 0
-32.566 0.0 0
-32.556 0.0 0
-32.546 0.0 0
-32.536 0.0 0
-32.526 0.0 0
-32.516 0.0 0
-32.506 0.0 0
-32.496 0.0 0
-32.486 0.0 0
-32.476 0.0 0
-32.466 0.0 0
-32.456 0.0 0
-32.446 0.0 0
-32.436 0.0 0
-32.426 0.0 0
-32.416 0.0 0
-32.406 0.0 0
-32.396 0.0 0
-32.386 0.0 0
-32.376 0.0 0
-32.366 0.0 0
-32.356 0.0 0
-32.346 0.0 0
-32.336 0.0 0
-32.326 0.0 0
-32.316 0.0 0
-32.306 0.0 0
-32.296 0.0 0
-32.286 0.0 0
-32.276 0.0 0
-32.266 0.0 0
-32.256 0.0 0
-32.246 0.0 0
-32.236 0.0 0
-32.226 0.0 0
-32.216 0.0 0
-32.206 0.0 0
-32.196 0.0 0
-32.186 0.0 0
-32.176 0.0 0
-32.166 0.0 0
-32.156 0.0 0
-32.146 0.0 0
-32.136 0.0 0
-32.126 0.0 0
-32.116 0.0 0
-32.106 0.0 0
-32.096 0.0 0
-32.086 0.0 0
-32.076 0.0 0
-32.066 0.0 0
-32.056 0.0 0
-32.046 0.0 0
-32.036 0.0 0
-32.026 0.0 0
-32.016 0.0 0
-32.006 0.0 0
-31.996 0.0 0
-31.986 0.0 0
-31.976 0.0 0
-31.966 0.0 0
-31.956 0.0 0
-31.946 0.0 0
-31.936 0.0 0
-31.926 0.0 0
-31.916 0.0 0
-31.906 0.0 0
-31.896 0.0 0
-31.886 0.0 0
-31.876 0.0 0
-31.866 0.0 0
-31.856 0.0 0
-31.846 0.0 0
-31.836 0.0 0
-31.826 0.0 0
-31.816 0.0 0
-31.806 0.0 0
-31.796 0.0 0
-31.786 0.0 0
-31.776 0.0 0
-31.766 0.0 0
-31.756 0.0 0
-31.746 0.0 0
-31.736 0.0 0
-31.726 0.0 0
-31.716 0.0 0
-31.706 0.0 0
-31.696 0.0 0
-31.686 0.0 0
-31.676 0.0 0
-31.666 0.0 0
-31.656 0.0 0
-31.646 0.0 0
-31.636 0.0 0
-31.626 0.0 0
-31.616 0.0 0
-31.606 0.0 0
-31.596 0.0 0
-31.586 0.0 0
-31.576 0.0 0
-31.566 0.0 0
-31.556 0.0 0
-31.546 0.0 0
-31.536 0.0 0
-31.526 0.0 0
-31.516 0.0 0
-31.506 0.0 0
-31.496 0.0 0
-31.486 0.0 0
-31.476 0.0 0
-31.466 0.0 0
-31.456 0.0 0
-31.446 0.0 0
-31.436 0.0 0
-31.426 0.0 0
-31.416 0.0 0
-31.406 0.0 0
-31.396 0.0 0
-31.386 0.0 0
-31.376 0.0 0
-31.366 0.0 0
-31.356 0.0 0
-31.346 0.0 0
-31.336 0.0 0
-31.326 0.0 0
-31.316 0.0 0
-31.306 0.0 0
-31.296 0.0 0
-31.286 0.0 0
-31.276 0.0 0
-31.266 0.0 0
-31.256 0.0 0
-31.246 0.0 0
-31.236 0.0 0
-31.226 0.0 0
-31.216 0.0 0
-31.206 0.0 0
-31.196 0.0 0
-31.186 0.0 0
-31.176 0.0 0
-31.166 0.0 0
-31.156 0.0 0
-31.146 0.0 0
-31.136 0.0 0
-31.126 0.0 0
-31.116 0.0 0
-31.106 0.0 0
-31.096 0.0 0
-31.086 0.0 0
-31.076 0.0 0
-31.066 0.0 0
-31.056 0.0 0
-31.046 0.0 0
-31.036 0.0 0
-31.026 0.0 0
-31.016 0.0 0
-31.006 0.0 0
-30.996 0.0 0
-30.986 0.0 0
-30.976 0.0 0
-30.966 0.0 0
-30.956 0.0 0
-30.946 0.0 0
-30.936 0.0 0
-30.926 0.0 0
-30.916 0.0 0
-30.906 0.0 0
-30.896 0.0 0
-30.886 0.0 0
-30.876 0.0 0
-30.866 0.0 0
-30.856 0.0 0
-30.846 0.0 0
-30.836 0.0 0
-30.826 0.0 0
-30.816 0.0 0
-30.806 0.0 0
-30.796 0.0 0
-30.786 0.0 0
-30.776 0.0 0
-30.766 0.0 0
-30.756 0.0 0
-30.746 0.0 0
-30.736 0.0 0
-30.726 0.0 0
-30.716 0.0 0
-30.706 0.0 0
-30.696 0.0 0
-30.686 0.0 0
-30.676 0.0 0
-30.666 0.0 0
-30.656 0.0 0
-30.646 0.0 0
-30.636 0.0 0
-30.626 0.0 0
-30.616 0.0 0
-30.606 0.0 0
-30.596 0.0 0
-30.586 0.0 0
-30.576 0.0 0
-30.566 0.0 0
-30.556 0.0 0
-30.546 0.0 0
-30.536 0.0 0
-30.526 0.0 0
-30.516 0.0 0
-30.506 0.0 0
-30.496 0.0 0
-30.486 0.0 0
-30.476 0.0 0
-30.466 0.0 0
-30.456 0.0 0
-30.446 0.0 0
-30.436 0.0 0
-30.426 0.0 0
-30.416 0.0 0
-30.406 0.0 0
-30.396 0.0 0
-30.386 0.0 0
-30.376 0.0 0
-30.366 0.0 0
-30.356 0.0 0
-30.346 0.0 0
-30.336 0.0 0
-30.326 0.0 0
-30.316 0.0 0
-30.306 0.0 0
-30.296 0.0 0
-30.286 0.0 0
-30.276 0.0 0
-30.266 0.0 0
-30.256 0.0 0
-30.246 0.0 0
-30.236 0.0 0
-30.226 0.0 0
-30.216 0.0 0
-30.206 0.0 0
-30.196 0.0 0
-30.186 0.0 0
-30.176 0.0 0
-30.166 0.0 0
-30.156 0.0 0
-30.146 0.0 0
-30.136 0.0 0
-30.126 0.0 0
-30.116 0.0 0
-30.106 0.0 0
-30.096 0.0 0
-30.086 0.0 0
-30.076 0.0 0
-30.066 0.0 0
-30.056 0.0 0
-30.046 0.0 0
-30.036 0.0 0
-30.026 0.0 0
-30.016 0.0 0
-30.006 0.0 0
-29.996 0.0 0
-29.986 0.0 0
-29.976 0.0 0
-29.966 0.0 0
-29.956 0.0 0
-29.946 0.0 0
-29.936 0.0 0
-29.926 0.0 0
-29.916 0.0 0
-29.906 0.0 0
-29.896 0.0 0
-29.886 0.0 0
-29.876 0.0 0
-29.866 0.0 0
-29.856 0.0 0
-29.846 0.0 0
-29.836 0.0 0
-29.826 0.0 0
-29.816 0.0 0
-29.806 0.0 0
-29.796 0.0 0
-29.786 0.0 0
-29.776 0.0 0
-29.766 0.0 0
-29.756 0.0 0
-29.746 0.0 0
-29.736 0.0 0
-29.726 0.0 0
-29.716 0.0 0
-29.706 0.0 0
-29.696 0.0 0
-29.686 0.0 0
-29.676 0.0 0
-29.666 0.0 0
-29.656 0.0 0
-29.646 0.0 0
-29.636 0.0 0
-29.626 0.0 0
-29.616 0.0 0
-29.606 0.0 0
-29.596 0.0 0
-29.586 0.0 0
-29.576 0.0 0
-29.566 0.0 0
-29.556 0.0 0
-29.546 0.0 0
-29.536 0.0 0
-29.526 0.0 0
-29.516 0.0 0
-29.506 0.0 0
-29.496 0.0 0
-29.486 0.0 0
-29.476 0.0 0
-29.466 0.0 0
-29.456 0.0 0
-29.446 0.0 0
-29.436 0.0 0
-29.426 0.0 0
-29.416 0.0 0
-29.406 0.0 0
-29.396 0.0 0
-29.386 0.0 0
-29.376 0.0 0
-29.366 0.0 0
-29.356 0.0 0
-29.346 0.0 0
-29.336 0.0 0
-29.326 0.0 0
-29.316 0.0 0
-29.306 0.0 0
-29.296 0.0 0
-29.286 0.0 0
-29.276 0.0 0
-29.266 0.0 0
-29.256 0.0 0
-29.246 0.0 0
-29.236 0.0 0
-29.226 0.0 0
-29.216 0.0 0
-29.206 0.0 0
-29.196 0.0 0
-29.186 0.0 0
-29.176 0.0 0
-29.166 0.0 0
-29.156 0.0 0
-29.146 0.0 0
-29.136 0.0 0
-29.126 0.0 0
-29.116 0.0 0
-29.106 0.0 0
-29.096 0.0 0
-29.086 0.0 0
-29.076 0.0 0
-29.066 0.0 0
-29.056 0.0 0
-29.046 0.0 0
-29.036 0.0 0
-29.026 0.0 0
-29.016 0.0 0
-29.006 0.0 0
-28.996 0.0 0
-28.986 0.0 0
-28.976 0.0 0
-28.966 0.0 0
-28.956 0.0 0
-28.946 0.0 0
-28.936 0.0 0
-28.926 0.0 0
-28.916 0.0 0
-28.906 0.0 0
-28.896 0.0 0
-28.886 0.0 0
-28.876 0.0 0
-28.866 0.0 0
-28.856 0.0 0
-28.846 0.0 0
-28.836 0.0 0
-28.826 0.0 0
-28.816 0.0 0
-28.806 0.0 0
-28.796 0.0 0
-28.786 0.0 0
-28.776 0.0 0
-28.766 0.0 0
-28.756 0.0 0
-28.746 0.0 0
-28.736 0.0 0
-28.726 0.0 0
-28.716 0.0 0
-28.706 0.0 0
-28.696 0.0 0
-28.686 0.0 0
-28.676 0.0 0
-28.666 0.0 0
-28.656 0.0 0
-28.646 0.0 0
-28.636 0.0 0
-28.626 0.0 0
-28.616 0.0 0
-28.606 0.0 0
-28.596 0.0 0
-28.586 0.0 0
-28.576 0.0 0
-28.566 0.0 0
-28.556 0.0 0
-28.546 0.0 0
-28.536 0.0 0
-28.526 0.0 0
-28.516 0.0 0
-28.506 0.0 0
-28.496 0.0 0
-28.486 0.0 0
-28.476 0.0 0
-28.466 0.0 0
-28.456 0.0 0
-28.446 0.0 0
-28.436 0.0 0
-28.426 0.0 0
-28.416 0.0 0
-28.406 0.0 0
-28.396 0.0 0
-28.386 0.0 0
-28.376 0.0 0
-28.366 0.0 0
-28.356 0.0 0
-28.346 0.0 0
-28.336 0.0 0
-28.326 0.0 0
-28.316 0.0 0
-28.306 0.0 0
-28.296 0.0 0
-28.286 0.0 0
-28.276 0.0 0
-28.266 0.0 0
-28.256 0.0 0
-28.246 0.0 0
-28.236 0.0 0
-28.226 0.0 0
-28.216 0.0 0
-28.206 0.0 0
-28.196 0.0 0
-28.186 0.0 0
-28.176 0.0 0
-28.166 0.0 0
-28.156 0.0 0
-28.146 0.0 0
-28.136 0.0 0
-28.126 0.0 0
-28.116 0.0 0
-28.106 0.0 0
-28.096 0.0 0
-28.086 0.0 0
-28.076 0.0 0
-28.066 0.0 0
-28.056 0.0 0
-28.046 0.0 0
-28.036 0.0 0
-28.026 0.0 0
-28.016 0.0 0
-28.006 0.0 0
-27.996 0.0 0
-27.986 0.0 0
-27.976 0.0 0
-27.966 0.0 0
-27.956 0.0 0
-27.946 0.0 0
-27.936 0.0 0
-27.926 0.0 0
-27.916 0.0 0
-27.906 0.0 0
-27.896 0.0 0
-27.886 0.0 0
-27.876 0.0 0
-27.866 0.0 0
-27.856 0.0 0
-27.846 0.0 0
-27.836 0.0 0
-27.826 0.0 0
-27.816 0.0 0
-27.806 0.0 0
-27.796 0.0 0
-27.786 0.0 0
-27.776 0.0 0
-27.766 0.0 0
-27.756 0.0 0
-27.746 0.0 0
-27.736 0.0 0
-27.726 0.0 0
-27.716 0.0 0
-27.706 0.0 0
-27.696 0.0 0
-27.686 0.0 0
-27.676 0.0 0
-27.666 0.0 0
-27.656 0.0 0
-27.646 0.0 0
-27.636 0.0 0
-27.626 0.0 0
-27.616 0.0 0
-27.606 0.0 0
-27.596 0.0 0
-27.586 0.0 0
-27.576 0.0 0
-27.566 0.0 0
-27.556 0.0 0
-27.546 0.0 0
-27.536 0.0 0
-27.526 0.0 0
-27.516 0.0 0
-27.506 0.0 0
-27.496 0.0 0
-27.486 0.0 0
-27.476 0.0 0
-27.466 0.0 0
-27.456 0.0 0
-27.446 0.0 0
-27.436 0.0 0
-27.426 0.0 0
-27.416 0.0 0
-27.406 0.0 0
-27.396 0.0 0
-27.386 0.0 0
-27.376 0.0 0
-27.366 0.0 0
-27.356 0.0 0
-27.346 0.0 0
-27.336 0.0 0
-27.326 0.0 0
-27.316 0.0 0
-27.306 0.0 0
-27.296 0.0 0
-27.286 0.0 0
-27.276 0.0 0
-27.266 0.0 0
-27.256 0.0 0
-27.246 0.0 0
-27.236 0.0 0
-27.226 0.0 0
-27.216 0.0 0
-27.206 0.0 0
-27.196 0.0 0
-27.186 0.0 0
-27.176 0.0 0
-27.166 0.0 0
-27.156 0.0 0
-27.146 0.0 0
-27.136 0.0 0
-27.126 0.0 0
-27.116 0.0 0
-27.106 0.0 0
-27.096 0.0 0
-27.086 0.0 0
-27.076 0.0 0
-27.066 0.0 0
-27.056 0.0 0
-27.046 0.0 0
-27.036 0.0 0
-27.026 0.0 0
-27.016 0.0 0
-27.006 0.0 0
-26.996 0.0 0
-26.986 0.0 0
-26.976 0.0 0
-26.966 0.0 0
-26.956 0.0 0
-26.946 0.0 0
-26.936 0.0 0
-26.926 0.0 0
-26.916 0.0 0
-26.906 0.0 0
-26.896 0.0 0
-26.886 0.0 0
-26.876 0.0 0
-26.866 0.0 0
-26.856 0.0 0
-26.846 0.0 0
-26.836 0.0 0
-26.826 0.0 0
-26.816 0.0 0
-26.806 0.0 0
-26.796 0.0 0
-26.786 0.0 0
-26.776 0.0 0
-26.766 0.0 0
-26.756 0.0 0
-26.746 0.0 0
-26.736 0.0 0
-26.726 0.0 0
-26.716 0.0 0
-26.706 0.0 0
-26.696 0.0 0
-26.686 0.0 0
-26.676 0.0 0
-26.666 0.0 0
-26.656 0.0 0
-26.646 0.0 0
-26.636 0.0 0
-26.626 0.0 0
-26.616 0.0 0
-26.606 0.0 0
-26.596 0.0 0
-26.586 0.0 0
-26.576 0.0 0
-26.566 0.0 0
-26.556 0.0 0
-26.546 0.0 0
-26.536 0.0 0
-26.526 0.0 0
-26.516 0.0 0
-26.506 0.0 0
-26.496 0.0 0
-26.486 0.0 0
-26.476 0.0 0
-26.466 0.0 0
-26.456 0.0 0
-26.446 0.0 0
-26.436 0.0 0
-26.426 0.0 0
-26.416 0.0 0
-26.406 0.0 0
-26.396 0.0 0
-26.386 0.0 0
-26.376 0.0 0
-26.366 0.0 0
-26.356 0.0 0
-26.346 0.0 0
-26.336 0.0 0
-26.326 0.0 0
-26.316 0.0 0
-26.306 0.0 0
-26.296 0.0 0
-26.286 0.0 0
-26.276 0.0 0
-26.266 0.0 0
-26.256 0.0 0
-26.246 0.0 0
-26.236 0.0 0
-26.226 0.0 0
-26.216 0.0 0
-26.206 0.0 0
-26.196 0.0 0
-26.186 0.0 0
-26.176 0.0 0
-26.166 0.0 0
-26.156 0.0 0
-26.146 0.0 0
-26.136 0.0 0
-26.126 0.0 0
-26.116 0.0 0
-26.106 0.0 0
-26.096 0.0 0
-26.086 0.0 0
-26.076 0.0 0
-26.066 0.0 0
-26.056 0.0 0
-26.046 0.0 0
-26.036 0.0 0
-26.026 0.0 0
-26.016 0.0 0
-26.006 0.0 0
-25.996 0.0 0
-25.986 0.0 0
-25.976 0.0 0
-25.966 0.0 0
-25.956 0.0 0
-25.946 0.0 0
-25.936 0.0 0
-25.926 0.0 0
-25.916 0.0 0
-25.906 0.0 0
-25.896 0.0 0
-25.886 0.0 0
-25.876 0.0 0
-25.866 0.0 0
-25.856 0.0 0
-25.846 0.0 0
-25.836 0.0 0
-25.826 0.0 0
-25.816 0.0 0
-25.806 0.0 0
-25.796 0.0 0
-25.786 0.0 0
-25.776 0.0 0
-25.766 0.0 0
-25.756 0.0 0
-25.746 0.0 0
-25.736 0.0 0
-25.726 0.0 0
-25.716 0.0 0
-25.706 0.0 0
-25.696 0.0 0
-25.686 0.0 0
-25.676 0.0 0
-25.666 0.0 0
-25.656 0.0 0
-25.646 0.0 0
-25.636 0.0 0
-25.626 0.0 0
-25.616 0.0 0
-25.606 0.0 0
-25.596 0.0 0
-25.586 0.0 0
-25.576 0.0 0
-25.566 0.0 0
-25.556 0.0 0
-25.546 0.0 0
-25.536 0.0 0
-25.526 0.0 0
-25.516 0.0 0
-25.506 0.0 0
-25.496 0.0 0
-25.486 0.0 0
-25.476 0.0 0
-25.466 0.0 0
-25.456 0.0 0
-25.446 0.0 0
-25.436 0.0 0
-25.426 0.0 0
-25.416 0.0 0
-25.406 0.0 0
-25.396 0.0 0
-25.386 0.0 0
-25.376 0.0 0
-25.366 0.0 0
-25.356 0.0 0
-25.346 0.0 0
-25.336 0.0 0
-25.326 0.0 0
-25.316 0.0 0
-25.306 0.0 0
-25.296 0.0 0
-25.286 0.0 0
-25.276 0.0 0
-25.266 0.0 0
-25.256 0.0 0
-25.246 0.0 0
-25.236 0.0 0
-25.226 0.0 0
-25.216 0.0 0
-25.206 0.0 0
-25.196 0.0 0
-25.186 0.0 0
-25.176 0.0 0
-25.166 0.0 0
-25.156 0.0 0
-25.146 0.0 0
-25.136 0.0 0
-25.126 0.0 0
-25.116 0.0 0
-25.106 0.0 0
-25.096 0.0 0
-25.086 0.0 0
-25.076 0.0 0
-25.066 0.0 0
-25.056 0.0 0
-25.046 0.0 0
-25.036 0.0 0
-25.026 0.0 0
-25.016 0.0 0
-25.006 0.0 0
-24.996 0.0 0
-24.986 0.0 0
-24.976 0.0 0
-24.966 0.0 0
-24.956 0.0 0
-24.946 0.0 0
-24.936 0.0 0
-24.926 0.0 0
-24.916 0.0 0
-24.906 0.0 0
-24.896 0.0 0
-24.886 0.0 0
-24.876 0.0 0
-24.866 0.0 0
-24.856 0.0 0
-24.846 0.0 0
-24.836 0.0 0
-24.826 0.0 0
-24.816 0.0 0
-24.806 0.0 0
-24.796 0.0 0
-24.786 0.0 0
-24.776 0.0 0
-24.766 0.0 0
-24.756 0.0 0
-24.746 0.0 0
-24.736 0.0 0
-24.726 0.0 0
-24.716 0.0 0
-24.706 0.0 0
-24.696 0.0 0
-24.686 0.0 0
-24.676 0.0 0
-24.666 0.0 0
-24.656 0.0 0
-24.646 0.0 0
-24.636 0.0 0
-24.626 0.0 0
-24.616 0.0 0
-24.606 0.0 0
-24.596 0.0 0
-24.586 0.0 0
-24.576 0.0 0
-24.566 0.0 0
-24.556 0.0 0
-24.546 0.0 0
-24.536 0.0 0
-24.526 0.0 0
-24.516 0.0 0
-24.506 0.0 0
-24.496 0.0 0
-24.486 0.0 0
-24.476 0.0 0
-24.466 0.0 0
-24.456 0.0 0
-24.446 0.0 0
-24.436 0.0 0
-24.426 0.0 0
-24.416 0.0 0
-24.406 0.0 0
-24.396 0.0 0
-24.386 0.0 0
-24.376 0.0 0
-24.366 0.0 0
-24.356 0.0 0
-24.346 0.0 0
-24.336 0.0 0
-24.326 0.0 0
-24.316 0.0 0
-24.306 0.0 0
-24.296 0.0 0
-24.286 0.0 0
-24.276 0.0 0
-24.266 0.0 0
-24.256 0.0 0
-24.246 0.0 0
-24.236 0.0 0
-24.226 0.0 0
-24.216 0.0 0
-24.206 0.0 0
-24.196 0.0 0
-24.186 0.0 0
-24.176 0.0 0
-24.166 0.0 0
-24.156 0.0 0
-24.146 0.0 0
-24.136 0.0 0
-24.126 0.0 0
-24.116 0.0 0
-24.106 0.0 0
-24.096 0.0 0
-24.086 0.0 0
-24.076 0.0 0
-24.066 0.0 0
-24.056 0.0 0
-24.046 0.0 0
-24.036 0.0 0
-24.026 0.0 0
-24.016 0.0 0
-24.006 0.0 0
-23.996 0.0 0
-23.986 0.0 0
-23.976 0.0 0
-23.966 0.0 0
-23.956 0.0 0
-23.946 0.0 0
-23.936 0.0 0
-23.926 0.0 0
-23.916 0.0 0
-23.906 0.0 0
-23.896 0.0 0
-23.886 0.0 0
-23.876 0.0 0
-23.866 0.0 0
-23.856 0.0 0
-23.846 0.0 0
-23.836 0.0 0
-23.826 0.0 0
-23.816 0.0 0
-23.806 0.0 0
-23.796 0.0 0
-23.786 0.0 0
-23.776 0.0 0
-23.766 0.0 0
-23.756 0.0 0
-23.746 0.0 0
-23.736 0.0 0
-23.726 0.0 0
-23.716 0.0 0
-23.706 0.0 0
-23.696 0.0 0
-23.686 0.0 0
-23.676 0.0 0
-23.666 0.0 0
-23.656 0.0 0
-23.646 0.0 0
-23.636 0.0 0
-23.626 0.0 0
-23.616 0.0 0
-23.606 0.0 0
-23.596 0.0 0
-23.586 0.0 0
-23.576 0.0 0
-23.566 1.443e-12 0
-23.556 3.71e-12 0
-23.546 7.72e-12 0
-23.536 1.588e-11 0
-23.526 3.23e-11 0
-23.516 6.5e-11 0
-23.506 1.295e-10 -1.441e-12
-23.496 2.55e-10 -3.71e-12
-23.486 4.97e-10 -7.72e-12
-23.476 9.59e-10 -1.588e-11
-23.466 1.823e-09 -3.23e-11
-23.456 3.45e-09 -6.5e-11
-23.446 6.43e-09 -1.294e-10
-23.436 1.187e-08 -2.55e-10
-23.426 2.171e-08 -4.97e-10
-23.416 3.92e-08 -9.59e-10
-23.406 7.01e-08 -1.832e-09
-23.396 1.239e-07 -3.44e-09
-23.386 2.17e-07 -6.43e-09
-23.376 3.75e-07 -1.188e-08
-23.366 6.42e-07 -2.172e-08
-23.356 1.087e-06 -3.92e-08
-23.346 1.82e-06 -7.01e-08
-23.336 3.02e-06 -1.239e-07
-23.326 4.95e-06 -2.171e-07
-23.316 8.02e-06 -3.75e-07
-23.306 1.288e-05 -6.42e-07
-23.296 2.047e-05 -1.087e-06
-23.286 3.21e-05 -1.82e-06
-23.276 4.98e-05 -3.02e-06
-23.266 7.65e-05 -4.95e-06
-23.256 0.0001164 -8.03e-06
-23.246 0.000175 -1.289e-05
-23.236 0.00026 -2.048e-05
-23.226 0.000383 -3.21e-05
-23.216 0.000558 -4.99e-05
-23.206 0.000804 -7.67e-05
-23.196 0.001145 -0.0001166
-23.186 0.001614 -0.0001753
-23.176 0.002246 -0.00026
-23.166 0.00311 -0.000383
-23.156 0.00424 -0.000559
-23.146 0.00572 -0.000805
-23.136 0.00763 -0.001147
-23.126 0.01009 -0.001617
-23.116 0.01318 -0.002259
-23.106 0.01704 -0.00311
-23.096 0.02176 -0.00424
-23.086 0.0276 -0.00573
-23.076 0.0345 -0.00765
-23.066 0.0427 -0.01011
-23.056 0.0523 -0.01321
-23.046 0.0634 -0.01709
-23.036 0.0761 -0.02189
-23.026 0.0902 -0.0276
-23.016 0.1058 -0.0346
-23.006 0.1228 -0.0428
-22.996 0.141 -0.0525
-22.986 0.1601 -0.0636
-22.976 0.18 -0.0763
-22.966 0.1997 -0.0905
-22.956 0.2194 -0.1062
-22.946 0.239 -0.1232
-22.936 0.258 -0.1415
-22.926 0.274 -0.1606
-22.916 0.288 -0.1802
-22.906 0.3 -0.201
-22.896 0.309 -0.2208
-22.886 0.316 -0.24
-22.876 0.318 -0.258
-22.866 0.318 -0.275
-22.856 0.314 -0.29
-22.846 0.306 -0.301
-22.836 0.295 -0.311
-22.826 0.283 -0.317
-22.816 0.267 -0.319
-22.806 0.249 -0.319
-22.796 0.231 -0.315
-22.786 0.2118 -0.308
-22.776 0.1911 -0.297
-22.766 0.1715 -0.284
-22.756 0.152 -0.269
-22.746 0.1332 -0.251
-22.736 0.1155 -0.232
-22.726 0.0991 -0.2123
-22.716 0.0841 -0.1925
-22.706 0.0706 -0.1725
-22.696 0.0586 -0.1527
-22.686 0.0482 -0.134
-22.676 0.0392 -0.1162
-22.666 0.0315 -0.0996
-22.656 0.0251 -0.0845
-22.646 0.01974 -0.0709
-22.636 0.01533 -0.059
-22.626 0.0118 -0.0484
-22.616 0.00899 -0.0394
-22.606 0.00678 -0.0317
-22.596 0.00505 -0.0251
-22.586 0.00373 -0.01979
-22.576 0.00272 -0.01542
-22.566 0.001961 -0.01187
-22.556 0.0014 -0.00905
-22.546 0.000989 -0.00682
-22.536 0.000691 -0.00508
-22.526 0.000478 -0.00374
-22.516 0.000327 -0.00273
-22.506 0.0002208 -0.001976
-22.496 0.0001478 -0.001409
-22.486 9.79e-05 -0.000996
-22.476 6.41e-05 -0.000695
-22.466 4.15e-05 -0.000481
-22.456 2.66e-05 -0.000329
-22.446 1.688e-05 -0.0002226
-22.436 1.058e-05 -0.0001488
-22.426 6.57e-06 -9.85e-05
-22.416 4.03e-06 -6.45e-05
-22.406 2.45e-06 -4.18e-05
-22.396 1.471e-06 -2.68e-05
-22.386 8.74e-07 -1.699e-05
-22.376 5.14e-07 -1.066e-05
-22.366 2.99e-07 -6.61e-06
-22.356 1.718e-07 -4.06e-06
-22.346 9.78e-08 -2.46e-06
-22.336 5.51e-08 -1.481e-06
-22.326 3.07e-08 -8.8e-07
-22.316 1.69e-08 -5.17e-07
-22.306 9.22e-09 -3.01e-07
-22.296 4.96e-09 -1.732e-07
-22.286 2.65e-09 -9.85e-08
-22.276 1.398e-09 -5.54e-08
-22.266 7.3e-10 -3.1e-08
-22.256 3.77e-10 -1.703e-08
-22.246 1.925e-10 -9.28e-09
-22.236 9.73e-11 -5.01e-09
-22.226 4.87e-11 -2.67e-09
-22.216 2.4e-11 -1.409e-09
-22.206 1.178e-11 -7.36e-10
-22.196 5.7e-12 -3.8e-10
-22.186 2.73e-12 -1.942e-10
-22.176 4.18e-13 -9.82e-11
-22.166 0.0 -4.9e-11
-22.156 0.0 -2.42e-11
-22.146 0.0 -1.188e-11
-22.136 0.0 -5.75e-12
-22.126 0.0 -2.76e-12
-22.116 0.0 -4.2e-13
-22.106 0.0 0
-22.096 0.0 0
-22.086 0.0 0
-22.076 0.0 0
-22.066 0.0 0
-22.056 0.0 0
-22.046 0.0 0
-22.036 0.0 0
-22.026 0.0 0
-22.016 0.0 0
-22.006 0.0 0
-21.996 0.0 0
-21.986 0.0 0
-21.976 0.0 0
-21.966 0.0 0
-21.956 0.0 0
-21.946 0.0 0
-21.936 0.0 0
-21.926 0.0 0
-21.916 0.0 0
-21.906 0.0 0
-21.896 0.0 0
-21.886 0.0 0
-21.876 0.0 0
-21.866 0.0 0
-21.856 0.0 0
-21.846 0.0 0
-21.836 0.0 0
-21.826 0.0 0
-21.816 0.0 0
-21.806 0.0 0
-21.796 0.0 0
-21.786 0.0 0
-21.776 0.0 0
-21.766 0.0 0
-21.756 0.0 0
-21.746 0.0 0
-21.736 0.0 0
-21.726 0.0 0
-21.716 0.0 0
-21.706 0.0 0
-21.696 0.0 0
-21.686 0.0 0
-21.676 0.0 0
-21.666 0.0 0
-21.656 0.0 0
-21.646 0.0 0
-21.636 0.0 0
-21.626 0.0 0
-21.616 0.0 0
-21.606 0.0 0
-21.596 0.0 0
-21.586 0.0 0
-21.576 0.0 0
-21.566 0.0 0
-21.556 0.0 0
-21.546 0.0 0
-21.536 0.0 0
-21.526 0.0 0
-21.516 0.0 0
-21.506 0.0 0
-21.496 1.628e-13 0
-21.486 7.39e-13 0
-21.476 1.782e-12 0
-21.466 3.68e-12 0
-21.456 7.55e-12 0
-21.446 1.527e-11 0
-21.436 3.06e-11 0
-21.426 6.06e-11 0
-21.416 1.188e-10 0
-21.406 2.31e-10 -5.56e-13
-21.396 4.42e-10 -1.346e-12
-21.386 8.39e-10 -2.8e-12
-21.376 1.575e-09 -5.75e-12
-21.366 2.93e-09 -1.168e-11
-21.356 5.37e-09 -2.35e-11
-21.346 9.77e-09 -4.67e-11
-21.336 1.757e-08 -9.2e-11
-21.326 3.13e-08 -1.792e-10
-21.316 5.5e-08 -3.45e-10
-21.306 9.58e-08 -6.58e-10
-21.296 1.651e-07 -1.24e-09
-21.286 2.81e-07 -2.32e-09
-21.276 4.74e-07 -4.27e-09
-21.266 7.9e-07 -7.8e-09
-21.256 1.305e-06 -1.407e-08
-21.246 2.127e-06 -2.51e-08
-21.236 3.44e-06 -4.44e-08
-21.226 5.49e-06 -7.76e-08
-21.216 8.67e-06 -1.343e-07
-21.206 1.356e-05 -2.3e-07
-21.196 2.093e-05 -3.89e-07
-21.186 3.21e-05 -6.51e-07
-21.176 4.86e-05 -1.079e-06
-21.166 7.27e-05 -1.768e-06
-21.156 0.0001077 -2.87e-06
-21.146 0.0001579 -4.6e-06
-21.136 0.000229 -7.3e-06
-21.126 0.000328 -1.145e-05
-21.116 0.000466 -1.779e-05
-21.106 0.000654 -2.73e-05
-21.096 0.000907 -4.15e-05
-21.086 0.001247 -6.24e-05
-21.076 0.001695 -9.29e-05
-21.066 0.00227 -0.0001366
-21.056 0.00303 -0.0001992
-21.046 0.00399 -0.000286
-21.036 0.00519 -0.000408
-21.026 0.00669 -0.000575
-21.016 0.00852 -0.000802
-21.006 0.01073 -0.001106
-20.996 0.01338 -0.001509
-20.986 0.0165 -0.002033
-20.976 0.02014 -0.00272
-20.966 0.0243 -0.00359
-20.956 0.029 -0.00469
-20.946 0.0343 -0.00607
-20.936 0.0401 -0.00776
-20.926 0.0463 -0.00983
-20.916 0.053 -0.01231
-20.906 0.0599 -0.01524
-20.896 0.0671 -0.01868
-20.886 0.0744 -0.0226
-20.876 0.0815 -0.0271
-20.866 0.0883 -0.0322
-20.856 0.0947 -0.0377
-20.846 0.1004 -0.0438
-20.836 0.1053 -0.0503
-20.826 0.1094 -0.0573
-20.816 0.1123 -0.0643
-20.806 0.1141 -0.0715
-20.796 0.1147 -0.0787
-20.786 0.114 -0.0857
-20.776 0.1121 -0.0922
-20.766 0.1092 -0.0982
-20.756 0.1051 -0.1035
-20.746 0.1 -0.1078
-20.736 0.0943 -0.1112
-20.726 0.0879 -0.1134
-20.716 0.081 -0.1144
-20.706 0.074 -0.1143
-20.696 0.0667 -0.1128
-20.686 0.0595 -0.1103
-20.676 0.0526 -0.1067
-20.666 0.046 -0.102
-20.656 0.0397 -0.0965
-20.646 0.0339 -0.0903
-20.636 0.0287 -0.0835
-20.626 0.024 -0.0765
-20.616 0.01994 -0.0693
-20.606 0.0163 -0.0622
-20.596 0.01321 -0.0551
-20.586 0.01059 -0.0483
-20.576 0.0084 -0.042
-20.566 0.00659 -0.0361
-20.556 0.00511 -0.0306
-20.546 0.00392 -0.0257
-20.536 0.00298 -0.02138
-20.526 0.00224 -0.01759
-20.516 0.001666 -0.01431
-20.506 0.001225 -0.01151
-20.496 0.000892 -0.00917
-20.486 0.000641 -0.00722
-20.476 0.000456 -0.00562
-20.466 0.000322 -0.00434
-20.456 0.000224 -0.00331
-20.446 0.0001545 -0.0025
-20.436 0.0001053 -0.001866
-20.426 7.11e-05 -0.001376
-20.416 4.74e-05 -0.001006
-20.406 3.13e-05 -0.000726
-20.396 2.049e-05 -0.000519
-20.386 1.322e-05 -0.000368
-20.376 8.46e-06 -0.000257
-20.366 5.35e-06 -0.0001778
-20.356 3.35e-06 -0.0001218
-20.346 2.07e-06 -8.25e-05
-20.336 1.267e-06 -5.53e-05
-20.326 7.68e-07 -3.66e-05
-20.316 4.6e-07 -2.41e-05
-20.306 2.73e-07 -1.56e-05
-20.296 1.6e-07 -1.002e-05
-20.286 9.28e-08 -6.36e-06
-20.276 5.33e-08 -3.99e-06
-20.266 3.02e-08 -2.48e-06
-20.256 1.7e-08 -1.526e-06
-20.246 9.45e-09 -9.28e-07
-20.236 5.2e-09 -5.59e-07
-20.226 2.82e-09 -3.32e-07
-20.216 1.52e-09 -1.958e-07
-20.206 8.09e-10 -1.14e-07
-20.196 4.26e-10 -6.57e-08
-20.186 2.22e-10 -3.75e-08
-20.176 1.144e-10 -2.117e-08
-20.166 5.83e-11 -1.18e-08
-20.156 2.94e-11 -6.51e-09
-20.146 1.467e-11 -3.56e-09
-20.136 7.25e-12 -1.921e-09
-20.126 3.54e-12 -1.027e-09
-20.116 1.708e-12 -5.42e-10
-20.106 7.05e-13 -2.84e-10
-20.096 1.538e-13 -1.469e-10
-20.086 0.0 -7.52e-11
-20.076 0.0 -3.81e-11
-20.066 0.0 -1.905e-11
-20.056 0.0 -9.46e-12
-20.046 0.0 -4.63e-12
-20.036 0.0 -2.246e-12
-20.026 0.0 -1.079e-12
-20.016 0.0 -2.03e-13
-20.006 0.0 0
-19.996 0.0 0
-19.986 0.0 0
-19.976 0.0 0
-19.966 0.0 0
-19.956 0.0 0
-19.946 0.0 0
-19.936 0.0 0
-19.926 0.0 0
-19.916 0.0 0
-19.906 0.0 0
-19.896 0.0 0
-19.886 0.0 0
-19.876 0.0 0
-19.866 0.0 0
-19.856 0.0 0
-19.846 0.0 0
-19.836 0.0 0
-19.826 0.0 0
-19.816 0.0 0
-19.806 0.0 0
-19.796 0.0 0
-19.786 0.0 0
-19.776 0.0 0
-19.766 0.0 0
-19.756 0.0 0
-19.746 0.0 0
-19.736 0.0 0
-19.726 0.0 0
-19.716 0.0 0
-19.706 0.0 0
-19.696 0.0 0
-19.686 0.0 0
-19.676 0.0 0
-19.666 0.0 0
-19.656 0.0 0
-19.646 0.0 0
-19.636 0.0 0
-19.626 0.0 0
-19.616 0.0 0
-19.606 0.0 0
-19.596 0.0 0
-19.586 0.0 0
-19.576 0.0 0
-19.566 0.0 0
-19.556 0.0 0
-19.546 0.0 0
-19.536 0.0 0
-19.526 0.0 0
-19.516 0.0 0
-19.506 0.0 0
-19.496 0.0 0
-19.486 0.0 0
-19.476 0.0 0
-19.466 0.0 0
-19.456 0.0 0
-19.446 0.0 0
-19.436 0.0 0
-19.426 0.0 0
-19.416 0.0 0
-19.406 0.0 0
-19.396 0.0 0
-19.386 0.0 0
-19.376 0.0 0
-19.366 0.0 0
-19.356 0.0 0
-19.346 0.0 0
-19.336 0.0 0
-19.326 0.0 0
-19.316 0.0 0
-19.306 0.0 0
-19.296 0.0 0
-19.286 0.0 0
-19.276 0.0 0
-19.266 0.0 0
-19.256 0.0 0
-19.246 0.0 0
-19.236 0.0 0
-19.226 0.0 0
-19.216 0.0 0
-19.206 0.0 0
-19.196 0.0 0
-19.186 0.0 0
-19.176 0.0 0
-19.166 0.0 0
-19.156 0.0 0
-19.146 0.0 0
-19.136 0.0 0
-19.126 0.0 0
-19.116 0.0 0
-19.106 0.0 0
-19.096 0.0 0
-19.086 0.0 0
-19.076 0.0 0
-19.066 0.0 0
-19.056 0.0 0
-19.046 0.0 0
-19.036 0.0 0
-19.026 0.0 0
-19.016 0.0 0
-19.006 0.0 0
-18.996 0.0 0
-18.986 0.0 0
-18.976 0.0 0
-18.966 0.0 0
-18.956 0.0 0
-18.946 0.0 0
-18.936 0.0 0
-18.926 0.0 0
-18.916 0.0 0
-18.906 0.0 0
-18.896 0.0 0
-18.886 0.0 0
-18.876 0.0 0
-18.866 0.0 0
-18.856 0.0 0
-18.846 0.0 0
-18.836 0.0 0
-18.826 0.0 0
-18.816 0.0 0
-18.806 0.0 0
-18.796 0.0 0
-18.786 0.0 0
-18.776 0.0 0
-18.766 0.0 0
-18.756 0.0 0
-18.746 0.0 0
-18.736 0.0 0
-18.726 0.0 0
-18.716 0.0 0
-18.706 0.0 0
-18.696 0.0 0
-18.686 0.0 0
-18.676 0.0 0
-18.666 0.0 0
-18.656 0.0 0
-18.646 0.0 0
-18.636 0.0 0
-18.626 0.0 0
-18.616 0.0 0
-18.606 0.0 0
-18.596 0.0 0
-18.586 0.0 0
-18.576 0.0 0
-18.566 0.0 0
-18.556 0.0 0
-18.546 0.0 0
-18.536 0.0 0
-18.526 0.0 0
-18.516 0.0 0
-18.506 0.0 0
-18.496 0.0 0
-18.486 0.0 0
-18.476 0.0 0
-18.466 0.0 0
-18.456 0.0 0
-18.446 0.0 0
-18.436 0.0 0
-18.426 0.0 0
-18.416 0.0 0
-18.406 0.0 0
-18.396 0.0 0
-18.386 0.0 0
-18.376 0.0 0
-18.366 0.0 0
-18.356 0.0 0
-18.346 0.0 0
-18.336 0.0 0
-18.326 0.0 0
-18.316 0.0 0
-18.306 0.0 0
-18.296 0.0 0
-18.286 0.0 0
-18.276 0.0 0
-18.266 0.0 0
-18.256 0.0 0
-18.246 0.0 0
-18.236 0.0 0
-18.226 0.0 0
-18.216 0.0 0
-18.206 0.0 0
-18.196 0.0 0
-18.186 0.0 0
-18.176 0.0 0
-18.166 0.0 0
-18.156 0.0 0
-18.146 0.0 0
-18.136 0.0 0
-18.126 0.0 0
-18.116 0.0 0
-18.106 0.0 0
-18.096 0.0 0
-18.086 0.0 0
-18.076 0.0 0
-18.066 0.0 0
-18.056 0.0 0
-18.046 0.0 0
-18.036 0.0 0
-18.026 0.0 0
-18.016 0.0 0
-18.006 0.0 0
-17.996 0.0 0
-17.986 0.0 0
-17.976 0.0 0
-17.966 0.0 0
-17.956 0.0 0
-17.946 0.0 0
-17.936 0.0 0
-17.926 0.0 0
-17.916 0.0 0
-17.906 0.0 0
-17.896 0.0 0
-17.886 0.0 0
-17.876 0.0 0
-17.866 0.0 0
-17.856 0.0 0
-17.846 0.0 0
-17.836 0.0 0
-17.826 0.0 0
-17.816 0.0 0
-17.806 0.0 0
-17.796 0.0 0
-17.786 0.0 0
-17.776 0.0 0
-17.766 0.0 0
-17.756 0.0 0
-17.746 0.0 0
-17.736 0.0 0
-17.726 0.0 0
-17.716 0.0 0
-17.706 0.0 0
-17.696 0.0 0
-17.686 0.0 0
-17.676 0.0 0
-17.666 0.0 0
-17.656 0.0 0
-17.646 0.0 0
-17.636 0.0 0
-17.626 0.0 0
-17.616 0.0 0
-17.606 0.0 0
-17.596 0.0 0
-17.586 0.0 0
-17.576 0.0 0
-17.566 0.0 0
-17.556 0.0 0
-17.546 0.0 0
-17.536 0.0 0
-17.526 0.0 0
-17.516 0.0 0
-17.506 0.0 0
-17.496 0.0 0
-17.486 0.0 0
-17.476 0.0 0
-17.466 0.0 0
-17.456 0.0 0
-17.446 0.0 0
-17.436 0.0 0
-17.426 0.0 0
-17.416 0.0 0
-17.406 0.0 0
-17.396 0.0 0
-17.386 0.0 0
-17.376 0.0 0
-17.366 0.0 0
-17.356 0.0 0
-17.346 0.0 0
-17.336 0.0 0
-17.326 0.0 0
-17.316 0.0 0
-17.306 0.0 0
-17.296 0.0 0
-17.286 0.0 0
-17.276 0.0 0
-17.266 0.0 0
-17.256 0.0 0
-17.246 0.0 0
-17.236 0.0 0
-17.226 0.0 0
-17.216 0.0 0
-17.206 0.0 0
-17.196 0.0 0
-17.186 0.0 0
-17.176 0.0 0
-17.166 0.0 0
-17.156 0.0 0
-17.146 0.0 0
-17.136 0.0 0
-17.126 0.0 0
-17.116 0.0 0
-17.106 0.0 0
-17.096 0.0 0
-17.086 0.0 0
-17.076 0.0 0
-17.066 0.0 0
-17.056 0.0 0
-17.046 0.0 0
-17.036 0.0 0
-17.026 0.0 0
-17.016 0.0 0
-17.006 0.0 0
-16.996 0.0 0
-16.986 0.0 0
-16.976 0.0 0
-16.966 0.0 0
-16.956 0.0 0
-16.946 0.0 0
-16.936 0.0 0
-16.926 0.0 0
-16.916 0.0 0
-16.906 0.0 0
-16.896 0.0 0
-16.886 0.0 0
-16.876 0.0 0
-16.866 0.0 0
-16.856 0.0 0
-16.846 0.0 0
-16.836 0.0 0
-16.826 0.0 0
-16.816 0.0 0
-16.806 0.0 0
-16.796 0.0 0
-16.786 0.0 0
-16.776 0.0 0
-16.766 0.0 0
-16.756 0.0 0
-16.746 0.0 0
-16.736 0.0 0
-16.726 0.0 0
-16.716 0.0 0
-16.706 0.0 0
-16.696 0.0 0
-16.686 0.0 0
-16.676 0.0 0
-16.666 0.0 0
-16.656 0.0 0
-16.646 0.0 0
-16.636 0.0 0
-16.626 0.0 0
-16.616 0.0 0
-16.606 0.0 0
-16.596 0.0 0
-16.586 0.0 0
-16.576 0.0 0
-16.566 0.0 0
-16.556 0.0 0
-16.546 0.0 0
-16.536 0.0 0
-16.526 0.0 0
-16.516 0.0 0
-16.506 0.0 0
-16.496 0.0 0
-16.486 0.0 0
-16.476 0.0 0
-16.466 0.0 0
-16.456 0.0 0
-16.446 0.0 0
-16.436 0.0 0
-16.426 0.0 0
-16.416 0.0 0
-16.406 0.0 0
-16.396 0.0 0
-16.386 0.0 0
-16.376 0.0 0
-16.366 0.0 0
-16.356 0.0 0
-16.346 0.0 0
-16.336 0.0 0
-16.326 0.0 0
-16.316 0.0 0
-16.306 0.0 0
-16.296 0.0 0
-16.286 0.0 0
-16.276 0.0 0
-16.266 0.0 0
-16.256 0.0 0
-16.246 0.0 0
-16.236 0.0 0
-16.226 0.0 0
-16.216 0.0 0
-16.206 0.0 0
-16.196 0.0 0
-16.186 0.0 0
-16.176 0.0 0
-16.166 0.0 0
-16.156 0.0 0
-16.146 0.0 0
-16.136 0.0 0
-16.126 0.0 0
-16.116 0.0 0
-16.106 0.0 0
-16.096 0.0 0
-16.086 0.0 0
-16.076 0.0 0
-16.066 0.0 0
-16.056 0.0 0
-16.046 0.0 0
-16.036 0.0 0
-16.026 0.0 0
-16.016 0.0 0
-16.006 0.0 0
-15.996 0.0 0
-15.986 0.0 0
-15.976 0.0 0
-15.966 0.0 0
-15.956 0.0 0
-15.946 0.0 0
-15.936 0.0 0
-15.926 0.0 0
-15.916 0.0 0
-15.906 0.0 0
-15.896 0.0 0
-15.886 0.0 0
-15.876 0.0 0
-15.866 0.0 0
-15.856 0.0 0
-15.846 0.0 0
-15.836 0.0 0
-15.826 0.0 0
-15.816 0.0 0
-15.806 0.0 0
-15.796 0.0 0
-15.786 0.0 0
-15.776 0.0 0
-15.766 0.0 0
-15.756 0.0 0
-15.746 0.0 0
-15.736 0.0 0
-15.726 0.0 0
-15.716 0.0 0
-15.706 0.0 0
-15.696 0.0 0
-15.686 0.0 0
-15.676 0.0 0
-15.666 0.0 0
-15.656 0.0 0
-15.646 0.0 0
-15.636 0.0 0
-15.626 0.0 0
-15.616 0.0 0
-15.606 0.0 0
-15.596 0.0 0
-15.586 0.0 0
-15.576 0.0 0
-15.566 0.0 0
-15.556 0.0 0
-15.546 0.0 0
-15.536 0.0 0
-15.526 0.0 0
-15.516 0.0 0
-15.506 0.0 0
-15.496 0.0 0
-15.486 0.0 0
-15.476 0.0 0
-15.466 0.0 0
-15.456 0.0 0
-15.446 0.0 0
-15.436 0.0 0
-15.426 0.0 0
-15.416 0.0 0
-15.406 0.0 0
-15.396 0.0 0
-15.386 0.0 0
-15.376 0.0 0
-15.366 0.0 0
-15.356 0.0 0
-15.346 0.0 0
-15.336 0.0 0
-15.326 0.0 0
-15.316 0.0 0
-15.306 0.0 0
-15.296 0.0 0
-15.286 0.0 0
-15.276 0.0 0
-15.266 0.0 0
-15.256 0.0 0
-15.246 0.0 0
-15.236 0.0 0
-15.226 0.0 0
-15.216 0.0 0
-15.206 0.0 0
-15.196 0.0 0
-15.186 0.0 0
-15.176 0.0 0
-15.166 0.0 0
-15.156 0.0 0
-15.146 0.0 0
-15.136 0.0 0
-15.126 0.0 0
-15.116 0.0 0
-15.106 0.0 0
-15.096 0.0 0
-15.086 0.0 0
-15.076 0.0 0
-15.066 0.0 0
-15.056 0.0 0
-15.046 0.0 0
-15.036 0.0 0
-15.026 0.0 0
-15.016 0.0 0
-15.006 0.0 0
-14.996 0.0 0
-14.986 0.0 0
-14.976 0.0 0
-14.966 0.0 0
-14.956 0.0 0
-14.946 0.0 0
-14.936 0.0 0
-14.926 0.0 0
-14.916 0.0 0
-14.906 0.0 0
-14.896 0.0 0
-14.886 0.0 0
-14.876 0.0 0
-14.866 0.0 0
-14.856 0.0 0
-14.846 0.0 0
-14.836 0.0 0
-14.826 0.0 0
-14.816 0.0 0
-14.806 0.0 0
-14.796 0.0 0
-14.786 0.0 0
-14.776 0.0 0
-14.766 0.0 0
-14.756 0.0 0
-14.746 0.0 0
-14.736 0.0 0
-14.726 0.0 0
-14.716 0.0 0
-14.706 0.0 0
-14.696 0.0 0
-14.686 0.0 0
-14.676 0.0 0
-14.666 0.0 0
-14.656 0.0 0
-14.646 0.0 0
-14.636 0.0 0
-14.626 0.0 0
-14.616 0.0 0
-14.606 0.0 0
-14.596 0.0 0
-14.586 0.0 0
-14.576 0.0 0
-14.566 0.0 0
-14.556 0.0 0
-14.546 0.0 0
-14.536 0.0 0
-14.526 0.0 0
-14.516 0.0 0
-14.506 0.0 0
-14.496 0.0 0
-14.486 0.0 0
-14.476 0.0 0
-14.466 0.0 0
-14.456 0.0 0
-14.446 0.0 0
-14.436 0.0 0
-14.426 0.0 0
-14.416 0.0 0
-14.406 0.0 0
-14.396 0.0 0
-14.386 0.0 0
-14.376 0.0 0
-14.366 0.0 0
-14.356 0.0 0
-14.346 0.0 0
-14.336 0.0 0
-14.326 0.0 0
-14.316 0.0 0
-14.306 0.0 0
-14.296 0.0 0
-14.286 0.0 0
-14.276 0.0 0
-14.266 0.0 0
-14.256 0.0 0
-14.246 0.0 0
-14.236 0.0 0
-14.226 0.0 0
-14.216 0.0 0
-14.206 0.0 0
-14.196 0.0 0
-14.186 0.0 0
-14.176 0.0 0
-14.166 0.0 0
-14.156 0.0 0
-14.146 0.0 0
-14.136 0.0 0
-14.126 0.0 0
-14.116 0.0 0
-14.106 0.0 0
-14.096 0.0 0
-14.086 0.0 0
-14.076 0.0 0
-14.066 0.0 0
-14.056 0.0 0
-14.046 0.0 0
-14.036 0.0 0
-14.026 0.0 0
-14.016 0.0 0
-14.006 0.0 0
-13.996 0.0 0
-13.986 0.0 0
-13.976 0.0 0
-13.966 0.0 0
-13.956 0.0 0
-13.946 0.0 0
-13.936 0.0 0
-13.926 0.0 0
-13.916 0.0 0
-13.906 0.0 0
-13.896 0.0 0
-13.886 0.0 0
-13.876 0.0 0
-13.866 0.0 0
-13.856 0.0 0
-13.846 0.0 0
-13.836 0.0 0
-13.826 0.0 0
-13.816 0.0 0
-13.806 0.0 0
-13.796 0.0 0
-13.786 0.0 0
-13.776 0.0 0
-13.766 0.0 0
-13.756 0.0 0
-13.746 0.0 0
-13.736 0.0 0
-13.726 0.0 0
-13.716 0.0 0
-13.706 0.0 0
-13.696 0.0 0
-13.686 0.0 0
-13.676 0.0 0
-13.666 0.0 0
-13.656 0.0 0
-13.646 0.0 0
-13.636 0.0 0
-13.626 0.0 0
-13.616 0.0 0
-13.606 0.0 0
-13.596 0.0 0
-13.586 0.0 0
-13.576 0.0 0
-13.566 0.0 0
-13.556 0.0 0
-13.546 0.0 0
-13.536 0.0 0
-13.526 0.0 0
-13.516 0.0 0
-13.506 0.0 0
-13.496 0.0 0
-13.486 0.0 0
-13.476 0.0 0
-13.466 0.0 0
-13.456 0.0 0
-13.446 0.0 0
-13.436 0.0 0
-13.426 0.0 0
-13.416 0.0 0
-13.406 0.0 0
-13.396 0.0 0
-13.386 0.0 0
-13.376 0.0 0
-13.366 0.0 0
-13.356 0.0 0
-13.346 0.0 0
-13.336 0.0 0
-13.326 0.0 0
-13.316 0.0 0
-13.306 0.0 0
-13.296 0.0 0
-13.286 0.0 0
-13.276 0.0 0
-13.266 0.0 0
-13.256 0.0 0
-13.246 0.0 0
-13.236 0.0 0
-13.226 0.0 0
-13.216 0.0 0
-13.206 0.0 0
-13.196 0.0 0
-13.186 0.0 0
-13.176 0.0 0
-13.166 0.0 0
-13.156 0.0 0
-13.146 0.0 0
-13.136 0.0 0
-13.126 0.0 0
-13.116 0.0 0
-13.106 0.0 0
-13.096 0.0 0
-13.086 0.0 0
-13.076 0.0 0
-13.066 0.0 0
-13.056 0.0 0
-13.046 0.0 0
-13.036 0.0 0
-13.026 0.0 0
-13.016 0.0 0
-13.006 0.0 0
-12.996 0.0 0
-12.986 0.0 0
-12.976 0.0 0
-12.966 0.0 0
-12.956 0.0 0
-12.946 0.0 0
-12.936 0.0 0
-12.926 0.0 0
-12.916 0.0 0
-12.906 0.0 0
-12.896 0.0 0
-12.886 0.0 0
-12.876 0.0 0
-12.866 0.0 0
-12.856 0.0 0
-12.846 0.0 0
-12.836 0.0 0
-12.826 0.0 0
-12.816 0.0 0
-12.806 0.0 0
-12.796 0.0 0
-12.786 0.0 0
-12.776 0.0 0
-12.766 0.0 0
-12.756 0.0 0
-12.746 0.0 0
-12.736 0.0 0
-12.726 0.0 0
-12.716 0.0 0
-12.706 0.0 0
-12.696 0.0 0
-12.686 0.0 0
-12.676 0.0 0
-12.666 0.0 0
-12.656 0.0 0
-12.646 0.0 0
-12.636 0.0 0
-12.626 0.0 0
-12.616 0.0 0
-12.606 0.0 0
-12.596 0.0 0
-12.586 0.0 0
-12.576 0.0 0
-12.566 0.0 0
-12.556 0.0 0
-12.546 0.0 0
-12.536 0.0 0
-12.526 0.0 0
-12.516 0.0 0
-12.506 0.0 0
-12.496 0.0 0
-12.486 0.0 0
-12.476 0.0 0
-12.466 0.0 0
-12.456 0.0 0
-12.446 0.0 0
-12.436 0.0 0
-12.426 0.0 0
-12.416 0.0 0
-12.406 0.0 0
-12.396 0.0 0
-12.386 0.0 0
-12.376 0.0 0
-12.366 0.0 0
-12.356 0.0 0
-12.346 0.0 0
-12.336 0.0 0
-12.326 0.0 0
-12.316 0.0 0
-12.306 0.0 0
-12.296 0.0 0
-12.286 0.0 0
-12.276 0.0 0
-12.266 0.0 0
-12.256 0.0 0
-12.246 0.0 0
-12.236 0.0 0
-12.226 0.0 0
-12.216 0.0 0
-12.206 0.0 0
-12.196 0.0 0
-12.186 0.0 0
-12.176 0.0 0
-12.166 0.0 0
-12.156 0.0 0
-12.146 0.0 0
-12.136 0.0 0
-12.126 0.0 0
-12.116 0.0 0
-12.106 0.0 0
-12.096 0.0 0
-12.086 0.0 0
-12.076 0.0 0
-12.066 0.0 0
-12.056 0.0 0
-12.046 0.0 0
-12.036 0.0 0
-12.026 0.0 0
-12.016 0.0 0
-12.006 0.0 0
-11.996 0.0 0
-11.986 0.0 0
-11.976 0.0 0
-11.966 0.0 0
-11.956 0.0 0
-11.946 0.0 0
-11.936 0.0 0
-11.926 0.0 0
-11.916 0.0 0
-11.906 0.0 0
-11.896 0.0 0
-11.886 0.0 0
-11.876 0.0 0
-11.866 0.0 0
-11.856 0.0 0
-11.846 0.0 0
-11.836 0.0 0
-11.826 0.0 0
-11.816 0.0 0
-11.806 0.0 0
-11.796 0.0 0
-11.786 0.0 0
-11.776 0.0 0
-11.766 0.0 0
-11.756 0.0 0
-11.746 0.0 0
-11.736 0.0 0
-11.726 0.0 0
-11.716 0.0 0
-11.706 0.0 0
-11.696 0.0 0
-11.686 0.0 0
-11.676 0.0 0
-11.666 0.0 0
-11.656 0.0 0
-11.646 0.0 0
-11.636 0.0 0
-11.626 0.0 0
-11.616 0.0 0
-11.606 0.0 0
-11.596 0.0 0
-11.586 0.0 0
-11.576 0.0 0
-11.566 0.0 0
-11.556 0.0 0
-11.546 0.0 0
-11.536 0.0 0
-11.526 0.0 0
-11.516 0.0 0
-11.506 0.0 0
-11.496 0.0 0
-11.486 0.0 0
-11.476 0.0 0
-11.466 0.0 0
-11.456 0.0 0
-11.446 0.0 0
-11.436 0.0 0
-11.426 0.0 0
-11.416 0.0 0
-11.406 0.0 0
-11.396 0.0 0
-11.386 0.0 0
-11.376 0.0 0
-11.366 0.0 0
-11.356 0.0 0
-11.346 0.0 0
-11.336 0.0 0
-11.326 0.0 0
-11.316 0.0 0
-11.306 0.0 0
-11.296 0.0 0
-11.286 0.0 0
-11.276 0.0 0
-11.266 0.0 0
-11.256 0.0 0
-11.246 0.0 0
-11.236 0.0 0
-11.226 0.0 0
-11.216 0.0 0
-11.206 0.0 0
-11.196 0.0 0
-11.186 0.0 0
-11.176 0.0 0
-11.166 0.0 0
-11.156 0.0 0
-11.146 0.0 0
-11.136 0.0 0
-11.126 0.0 0
-11.116 0.0 0
-11.106 0.0 0
-11.096 0.0 0
-11.086 0.0 0
-11.076 0.0 0
-11.066 0.0 0
-11.056 0.0 0
-11.046 0.0 0
-11.036 0.0 0
-11.026 0.0 0
-11.016 0.0 0
-11.006 0.0 0
-10.996 0.0 0
-10.986 0.0 0
-10.976 0.0 0
-10.966 0.0 0
-10.956 0.0 0
-10.946 0.0 0
-10.936 0.0 0
-10.926 0.0 0
-10.916 0.0 0
-10.906 0.0 0
-10.896 0.0 0
-10.886 0.0 0
-10.876 0.0 0
-10.866 0.0 0
-10.856 0.0 0
-10.846 0.0 0
-10.836 0.0 0
-10.826 0.0 0
-10.816 0.0 0
-10.806 0.0 0
-10.796 0.0 0
-10.786 0.0 0
-10.776 0.0 0
-10.766 0.0 0
-10.756 0.0 0
-10.746 0.0 0
-10.736 0.0 0
-10.726 0.0 0
-10.716 0.0 0
-10.706 0.0 0
-10.696 0.0 0
-10.686 0.0 0
-10.676 3.05e-12 0
-10.666 6.4e-12 0
-10.656 1.326e-11 0
-10.646 3.44e-11 0
-10.636 7.02e-11 -5.13e-13
-10.626 1.417e-10 -3.87e-12
-10.616 2.87e-10 -8.07e-12
-10.606 5.68e-10 -2.14e-11
-10.596 1.111e-09 -4.4e-11
-10.586 2.151e-09 -8.95e-11
-10.576 4.12e-09 -1.831e-10
-10.566 7.82e-09 -3.65e-10
-10.556 1.467e-08 -7.19e-10
-10.546 2.72e-08 -1.403e-09
-10.536 5e-08 -2.71e-09
-10.526 9.09e-08 -5.17e-09
-10.516 1.631e-07 -9.78e-09
-10.506 2.9e-07 -1.831e-08
-10.496 5.12e-07 -3.39e-08
-10.486 8.93e-07 -6.19e-08
-10.476 1.538e-06 -1.122e-07
-10.466 2.62e-06 -2.011e-07
-10.456 4.43e-06 -3.57e-07
-10.446 7.4e-06 -6.26e-07
-10.436 1.222e-05 -1.086e-06
-10.426 2.002e-05 -1.866e-06
-10.416 3.24e-05 -3.18e-06
-10.406 5.18e-05 -5.34e-06
-10.396 8.21e-05 -8.89e-06
-10.386 0.0001287 -1.464e-05
-10.376 0.0002002 -2.385e-05
-10.366 0.000307 -3.85e-05
-10.356 0.000466 -6.15e-05
-10.346 0.000701 -9.71e-05
-10.336 0.001043 -0.0001516
-10.326 0.001535 -0.0002349
-10.316 0.002234 -0.000359
-10.306 0.00323 -0.000543
-10.296 0.0046 -0.000814
-10.286 0.0065 -0.001208
-10.276 0.00908 -0.001769
-10.266 0.01256 -0.002576
-10.256 0.01714 -0.0037
-10.246 0.0233 -0.00525
-10.236 0.0312 -0.0074
-10.226 0.0414 -0.0103
-10.216 0.0543 -0.01419
-10.206 0.0706 -0.01932
-10.196 0.0906 -0.0261
-10.186 0.1154 -0.0349
-10.176 0.1452 -0.0461
-10.166 0.1809 -0.0602
-10.156 0.2232 -0.078
-10.146 0.272 -0.0999
-10.136 0.329 -0.1265
-10.126 0.393 -0.1586
-10.116 0.465 -0.1965
-10.106 0.544 -0.2417
-10.096 0.631 -0.294
-10.086 0.722 -0.354
-10.076 0.82 -0.421
-10.066 0.921 -0.496
-10.056 1.024 -0.579
-10.046 1.126 -0.667
-10.036 1.226 -0.762
-10.026 1.321 -0.861
-10.016 1.409 -0.963
-10.006 1.486 -1.066
-9.996 1.552 -1.168
-9.986 1.604 -1.265
-9.976 1.645 -1.358
-9.966 1.663 -1.442
-9.956 1.664 -1.515
-9.946 1.649 -1.575
-9.936 1.621 -1.621
-9.926 1.574 -1.653
-9.916 1.513 -1.668
-9.906 1.44 -1.656
-9.896 1.357 -1.638
-9.886 1.264 -1.601
-9.876 1.166 -1.547
-9.866 1.064 -1.481
-9.856 0.961 -1.402
-9.846 0.86 -1.314
-9.836 0.76 -1.218
-9.826 0.666 -1.119
-9.816 0.577 -1.017
-9.806 0.496 -0.913
-9.796 0.421 -0.813
-9.786 0.354 -0.716
-9.776 0.294 -0.623
-9.766 0.2416 -0.538
-9.756 0.1972 -0.459
-9.746 0.1587 -0.388
-9.736 0.1266 -0.324
-9.726 0.1 -0.268
-9.716 0.0781 -0.2192
-9.706 0.0604 -0.1782
-9.696 0.0462 -0.1426
-9.686 0.0349 -0.1131
-9.676 0.0262 -0.0888
-9.666 0.01943 -0.069
-9.656 0.01427 -0.0531
-9.646 0.01036 -0.0404
-9.636 0.00745 -0.0304
-9.626 0.0053 -0.02269
-9.616 0.00373 -0.01671
-9.606 0.0026 -0.0122
-9.596 0.001794 -0.00881
-9.586 0.001222 -0.0063
-9.576 0.000826 -0.00446
-9.566 0.000552 -0.00312
-9.556 0.000365 -0.002158
-9.546 0.0002384 -0.00148
-9.536 0.0001545 -0.001004
-9.526 9.9e-05 -0.000674
-9.516 6.28e-05 -0.000448
-9.506 3.93e-05 -0.000294
-9.496 2.446e-05 -0.0001914
-9.486 1.501e-05 -0.0001231
-9.476 9.12e-06 -7.84e-05
-9.466 5.5e-06 -4.95e-05
-9.456 3.27e-06 -3.08e-05
-9.446 1.926e-06 -1.9e-05
-9.436 1.123e-06 -1.162e-05
-9.426 6.48e-07 -7.02e-06
-9.416 3.69e-07 -4.2e-06
-9.406 2.088e-07 -2.483e-06
-9.396 1.165e-07 -1.454e-06
-9.386 6.45e-08 -8.42e-07
-9.376 3.53e-08 -4.83e-07
-9.366 1.909e-08 -2.74e-07
-9.356 1.023e-08 -1.537e-07
-9.346 5.42e-09 -8.54e-08
-9.336 2.84e-09 -4.69e-08
-9.326 1.475e-09 -2.549e-08
-9.316 7.57e-10 -1.372e-08
-9.306 3.85e-10 -7.3e-09
-9.296 1.939e-10 -3.85e-09
-9.286 9.49e-11 -2.009e-09
-9.276 4.67e-11 -1.034e-09
-9.266 2.282e-11 -5.27e-10
-9.256 8.81e-12 -2.66e-10
-9.246 4.23e-12 -1.326e-10
-9.236 2.008e-12 -6.47e-11
-9.226 0.0 -3.17e-11
-9.216 0.0 -1.203e-11
-9.206 0.0 -5.8e-12
-9.196 0.0 -2.76e-12
-9.186 0.0 0
-9.176 0.0 0
-9.166 0.0 0
-9.156 3.87e-13 0
-9.146 8.14e-13 0
-9.136 1.69e-12 0
-9.126 3.48e-12 0
-9.116 7.07e-12 0
-9.106 1.424e-11 0
-9.096 2.84e-11 0
-9.086 5.58e-11 0
-9.076 1.088e-10 0
-9.066 2.099e-10 0
-9.056 4e-10 0
-9.046 7.54e-10 0
-9.036 1.407e-09 0
-9.026 2.59e-09 0
-9.016 4.74e-09 0
-9.006 8.58e-09 0
-8.996 1.532e-08 0
-8.986 2.71e-08 0
-8.976 4.74e-08 -6.73e-13
-8.966 8.2e-08 -1.405e-12
-8.956 1.403e-07 -2.9e-12
-8.946 2.377e-07 -5.91e-12
-8.936 3.98e-07 -1.194e-11
-8.926 6.59e-07 -2.387e-11
-8.916 1.081e-06 -4.71e-11
-8.906 1.754e-06 -9.22e-11
-8.896 2.81e-06 -1.781e-10
-8.886 4.46e-06 -3.41e-10
-8.876 7.01e-06 -6.46e-10
-8.866 1.089e-05 -1.209e-09
-8.856 1.674e-05 -2.24e-09
-8.846 2.544e-05 -4.1e-09
-8.836 3.83e-05 -7.44e-09
-8.826 5.7e-05 -1.336e-08
-8.816 8.4e-05 -2.371e-08
-8.806 0.0001222 -4.15e-08
-8.796 0.0001758 -7.22e-08
-8.786 0.0002512 -1.24e-07
-8.776 0.000355 -2.108e-07
-8.766 0.000495 -3.54e-07
-8.756 0.000684 -5.89e-07
-8.746 0.000937 -9.69e-07
-8.736 0.001268 -1.578e-06
-8.726 0.001703 -2.538e-06
-8.716 0.002249 -4.05e-06
-8.706 0.00295 -6.38e-06
-8.696 0.00384 -9.95e-06
-8.686 0.00494 -1.534e-05
-8.676 0.0063 -2.34e-05
-8.666 0.00794 -3.54e-05
-8.656 0.00994 -5.28e-05
-8.646 0.01231 -7.81e-05
-8.636 0.01511 -0.0001141
-8.626 0.01839 -0.0001649
-8.616 0.02217 -0.0002369
-8.606 0.0266 -0.000335
-8.596 0.0315 -0.00047
-8.586 0.0373 -0.000652
-8.576 0.0435 -0.000896
-8.566 0.0507 -0.001217
-8.556 0.0587 -0.001637
-8.546 0.0674 -0.002177
-8.536 0.0771 -0.00288
-8.526 0.0879 -0.00376
-8.516 0.0997 -0.00486
-8.506 0.1125 -0.00621
-8.496 0.1267 -0.00788
-8.486 0.1422 -0.0099
-8.476 0.1591 -0.01233
-8.466 0.1777 -0.01521
-8.456 0.1976 -0.01862
-8.446 0.2192 -0.02258
-8.436 0.2424 -0.0272
-8.426 0.267 -0.0325
-8.416 0.294 -0.0385
-8.406 0.322 -0.0453
-8.396 0.352 -0.053
-8.386 0.383 -0.0617
-8.376 0.416 -0.0713
-8.366 0.45 -0.0819
-8.356 0.484 -0.0938
-8.346 0.521 -0.1069
-8.336 0.557 -0.1213
-8.326 0.592 -0.137
-8.316 0.629 -0.1543
-8.306 0.665 -0.1735
-8.296 0.7 -0.1936
-8.286 0.735 -0.2155
-8.276 0.77 -0.2401
-8.266 0.803 -0.266
-8.256 0.833 -0.294
-8.246 0.863 -0.323
-8.236 0.89 -0.355
-8.226 0.915 -0.388
-8.216 0.938 -0.423
-8.206 0.957 -0.46
-8.196 0.973 -0.497
-8.186 0.986 -0.536
-8.176 0.995 -0.575
-8.166 1.0 -0.615
-8.156 1.002 -0.655
-8.146 0.998 -0.695
-8.136 0.99 -0.735
-8.126 0.977 -0.774
-8.116 0.959 -0.811
-8.106 0.938 -0.847
-8.096 0.911 -0.881
-8.086 0.881 -0.913
-8.076 0.846 -0.943
-8.066 0.808 -0.969
-8.056 0.767 -0.992
-8.046 0.722 -1.012
-8.036 0.677 -1.029
-8.026 0.629 -1.041
-8.016 0.581 -1.049
-8.006 0.533 -1.053
-7.996 0.485 -1.053
-7.986 0.438 -1.047
-7.976 0.392 -1.037
-7.966 0.349 -1.022
-7.956 0.309 -1.002
-7.946 0.27 -0.977
-7.936 0.2345 -0.947
-7.926 0.2027 -0.914
-7.916 0.1743 -0.877
-7.906 0.1483 -0.836
-7.896 0.126 -0.792
-7.886 0.1068 -0.745
-7.876 0.0908 -0.697
-7.866 0.0776 -0.647
-7.856 0.0673 -0.597
-7.846 0.0597 -0.546
-7.836 0.0546 -0.496
-7.826 0.0521 -0.448
-7.816 0.052 -0.401
-7.806 0.0543 -0.356
-7.796 0.059 -0.313
-7.786 0.0663 -0.274
-7.776 0.0762 -0.2374
-7.766 0.089 -0.2041
-7.756 0.1051 -0.1741
-7.746 0.1244 -0.1477
-7.736 0.1476 -0.1245
-7.726 0.1752 -0.1046
-7.716 0.2078 -0.0877
-7.706 0.245 -0.0738
-7.696 0.289 -0.0628
-7.686 0.339 -0.0543
-7.676 0.395 -0.0486
-7.666 0.461 -0.0454
-7.656 0.534 -0.0447
-7.646 0.616 -0.0467
-7.636 0.708 -0.0513
-7.626 0.811 -0.0587
-7.616 0.923 -0.0694
-7.606 1.045 -0.0836
-7.596 1.179 -0.1016
-7.586 1.322 -0.1242
-7.576 1.476 -0.152
-7.566 1.639 -0.1855
-7.556 1.809 -0.226
-7.546 1.983 -0.273
-7.536 2.17 -0.329
-7.526 2.35 -0.394
-7.516 2.54 -0.469
-7.506 2.72 -0.555
-7.496 2.9 -0.653
-7.486 3.07 -0.762
-7.476 3.22 -0.884
-7.466 3.37 -1.019
-7.456 3.49 -1.166
-7.446 3.6 -1.325
-7.436 3.68 -1.496
-7.426 3.75 -1.677
-7.416 3.78 -1.867
-7.406 3.79 -2.06
-7.396 3.76 -2.27
-7.386 3.71 -2.47
-7.376 3.64 -2.67
-7.366 3.55 -2.87
-7.356 3.43 -3.07
-7.346 3.29 -3.24
-7.336 3.13 -3.41
-7.326 2.96 -3.55
-7.316 2.77 -3.69
-7.306 2.59 -3.8
-7.296 2.4 -3.88
-7.286 2.2 -3.94
-7.276 1.997 -3.96
-7.266 1.813 -3.96
-7.256 1.63 -3.94
-7.246 1.457 -3.89
-7.236 1.294 -3.8
-7.226 1.143 -3.7
-7.216 1.003 -3.57
-7.206 0.876 -3.41
-7.196 0.761 -3.24
-7.186 0.659 -3.06
-7.176 0.568 -2.87
-7.166 0.488 -2.67
-7.156 0.418 -2.47
-7.146 0.357 -2.27
-7.136 0.304 -2.06
-7.126 0.259 -1.864
-7.116 0.22 -1.674
-7.106 0.1869 -1.493
-7.096 0.1584 -1.324
-7.086 0.134 -1.167
-7.076 0.1132 -1.022
-7.066 0.0954 -0.891
-7.056 0.0802 -0.774
-7.046 0.0672 -0.669
-7.036 0.0561 -0.577
-7.026 0.0467 -0.497
-7.016 0.0387 -0.429
-7.006 0.0319 -0.369
-6.996 0.0263 -0.318
-6.986 0.0216 -0.275
-6.976 0.01771 -0.239
-6.966 0.01457 -0.208
-6.956 0.01207 -0.1821
-6.946 0.01013 -0.1598
-6.936 0.00867 -0.1409
-6.926 0.00764 -0.1245
-6.916 0.00699 -0.1101
-6.906 0.00665 -0.0974
-6.896 0.00661 -0.0862
-6.886 0.00682 -0.076
-6.876 0.00726 -0.0668
-6.866 0.00792 -0.0585
-6.856 0.00875 -0.0508
-6.846 0.00975 -0.044
-6.836 0.01091 -0.0378
-6.826 0.01223 -0.0322
-6.816 0.01368 -0.0273
-6.806 0.01523 -0.0229
-6.796 0.01691 -0.01913
-6.786 0.01865 -0.01587
-6.776 0.02051 -0.01312
-6.766 0.0223 -0.01082
-6.756 0.0242 -0.00895
-6.746 0.0261 -0.00747
-6.736 0.0279 -0.00633
-6.726 0.0297 -0.0055
-6.716 0.0313 -0.00493
-6.706 0.0327 -0.00462
-6.696 0.0341 -0.00452
-6.686 0.0353 -0.00461
-6.676 0.0364 -0.00488
-6.666 0.0371 -0.00531
-6.656 0.0378 -0.00589
-6.646 0.0383 -0.00661
-6.636 0.0388 -0.00746
-6.626 0.0391 -0.00843
-6.616 0.0393 -0.00952
-6.606 0.0395 -0.01074
-6.596 0.0397 -0.01206
-6.586 0.04 -0.0135
-6.576 0.0403 -0.01502
-6.566 0.0408 -0.01663
-6.556 0.0414 -0.01832
-6.546 0.0422 -0.02009
-6.536 0.043 -0.0219
-6.526 0.0439 -0.0236
-6.516 0.045 -0.0254
-6.506 0.0461 -0.0272
-6.496 0.0472 -0.0288
-6.486 0.0483 -0.0303
-6.476 0.0492 -0.0318
-6.466 0.0501 -0.0331
-6.456 0.0507 -0.0342
-6.446 0.0511 -0.0351
-6.436 0.0512 -0.036
-6.426 0.051 -0.0366
-6.416 0.0504 -0.037
-6.406 0.0495 -0.0375
-6.396 0.0483 -0.0376
-6.386 0.0467 -0.0379
-6.376 0.0449 -0.038
-6.366 0.0429 -0.0381
-6.356 0.0405 -0.0382
-6.346 0.0382 -0.0384
-6.336 0.0357 -0.0387
-6.326 0.0333 -0.0391
-6.316 0.0309 -0.0397
-6.306 0.0286 -0.0403
-6.296 0.0266 -0.0411
-6.286 0.0247 -0.0421
-6.276 0.0232 -0.0432
-6.266 0.0219 -0.0442
-6.256 0.02092 -0.0453
-6.246 0.02034 -0.0465
-6.236 0.02012 -0.0476
-6.226 0.02016 -0.0485
-6.216 0.02055 -0.0492
-6.206 0.02119 -0.0498
-6.196 0.02216 -0.05
-6.186 0.0235 -0.0499
-6.176 0.025 -0.0495
-6.166 0.0268 -0.0488
-6.156 0.0287 -0.0478
-6.146 0.0309 -0.0464
-6.136 0.0332 -0.0446
-6.126 0.0357 -0.0426
-6.116 0.0386 -0.0403
-6.106 0.0415 -0.0378
-6.096 0.0446 -0.0352
-6.086 0.0478 -0.0325
-6.076 0.0513 -0.0298
-6.066 0.0548 -0.0271
-6.056 0.0586 -0.0245
-6.046 0.0625 -0.022
-6.036 0.0664 -0.0197
-6.026 0.0705 -0.0177
-6.016 0.0746 -0.0159
-6.006 0.0788 -0.01438
-5.996 0.0829 -0.01317
-5.986 0.0871 -0.01226
-5.976 0.0913 -0.01167
-5.966 0.0955 -0.01137
-5.956 0.0996 -0.01139
-5.946 0.1038 -0.01168
-5.936 0.1078 -0.01224
-5.926 0.1118 -0.01306
-5.916 0.1159 -0.01411
-5.906 0.1198 -0.01537
-5.896 0.1238 -0.01681
-5.886 0.1277 -0.01838
-5.876 0.1314 -0.0202
-5.866 0.1352 -0.02208
-5.856 0.1388 -0.02411
-5.846 0.1422 -0.0262
-5.836 0.1455 -0.0285
-5.826 0.1486 -0.0309
-5.816 0.1514 -0.0334
-5.806 0.1539 -0.0361
-5.796 0.1562 -0.0389
-5.786 0.1581 -0.0419
-5.776 0.1597 -0.045
-5.766 0.161 -0.0484
-5.756 0.1619 -0.0519
-5.746 0.1627 -0.0556
-5.736 0.1631 -0.0594
-5.726 0.1635 -0.0635
-5.716 0.1637 -0.0676
-5.706 0.164 -0.0719
-5.696 0.1646 -0.0762
-5.686 0.1653 -0.0807
-5.676 0.1665 -0.0851
-5.666 0.1684 -0.0895
-5.656 0.171 -0.0938
-5.646 0.1744 -0.098
-5.636 0.1789 -0.1021
-5.626 0.1845 -0.106
-5.616 0.1913 -0.1097
-5.606 0.199 -0.1132
-5.596 0.208 -0.1164
-5.586 0.219 -0.1195
-5.576 0.231 -0.1224
-5.566 0.245 -0.1251
-5.556 0.258 -0.1276
-5.546 0.274 -0.1298
-5.536 0.291 -0.1319
-5.526 0.309 -0.1338
-5.516 0.328 -0.1355
-5.506 0.346 -0.1371
-5.496 0.368 -0.1385
-5.486 0.388 -0.1399
-5.476 0.41 -0.1411
-5.466 0.434 -0.1422
-5.456 0.457 -0.1431
-5.446 0.483 -0.144
-5.436 0.509 -0.1447
-5.426 0.536 -0.1453
-5.416 0.564 -0.1459
-5.406 0.594 -0.1464
-5.396 0.625 -0.1468
-5.386 0.658 -0.1472
-5.376 0.691 -0.1476
-5.366 0.727 -0.148
-5.356 0.763 -0.1484
-5.346 0.801 -0.1491
-5.336 0.84 -0.1498
-5.326 0.88 -0.151
-5.316 0.919 -0.1526
-5.306 0.96 -0.1546
-5.296 1.0 -0.1571
-5.286 1.04 -0.1604
-5.276 1.079 -0.1645
-5.266 1.116 -0.1696
-5.256 1.152 -0.1756
-5.246 1.185 -0.1825
-5.236 1.215 -0.1906
-5.226 1.241 -0.1998
-5.216 1.263 -0.21
-5.206 1.28 -0.221
-5.196 1.293 -0.233
-5.186 1.3 -0.246
-5.176 1.301 -0.259
-5.166 1.296 -0.274
-5.156 1.285 -0.288
-5.146 1.268 -0.303
-5.136 1.245 -0.318
-5.126 1.217 -0.333
-5.116 1.184 -0.347
-5.106 1.146 -0.361
-5.096 1.104 -0.376
-5.086 1.06 -0.388
-5.076 1.013 -0.401
-5.066 0.964 -0.413
-5.056 0.915 -0.425
-5.046 0.868 -0.436
-5.036 0.82 -0.447
-5.026 0.775 -0.457
-5.016 0.732 -0.466
-5.006 0.693 -0.476
-4.996 0.657 -0.486
-4.986 0.627 -0.497
-4.976 0.6 -0.508
-4.966 0.58 -0.522
-4.956 0.564 -0.537
-4.946 0.553 -0.554
-4.936 0.547 -0.574
-4.926 0.547 -0.598
-4.916 0.55 -0.626
-4.906 0.558 -0.659
-4.896 0.568 -0.697
-4.886 0.582 -0.741
-4.876 0.598 -0.79
-4.866 0.616 -0.845
-4.856 0.635 -0.906
-4.846 0.655 -0.971
-4.836 0.674 -1.041
-4.826 0.693 -1.116
-4.816 0.711 -1.192
-4.806 0.728 -1.27
-4.796 0.743 -1.347
-4.786 0.757 -1.423
-4.776 0.768 -1.495
-4.766 0.778 -1.563
-4.756 0.785 -1.626
-4.746 0.792 -1.68
-4.736 0.796 -1.727
-4.726 0.8 -1.763
-4.716 0.804 -1.789
-4.706 0.806 -1.806
-4.696 0.809 -1.81
-4.686 0.812 -1.804
-4.676 0.817 -1.787
-4.666 0.822 -1.76
-4.656 0.829 -1.723
-4.646 0.839 -1.679
-4.636 0.85 -1.625
-4.626 0.863 -1.565
-4.616 0.879 -1.5
-4.606 0.896 -1.43
-4.596 0.913 -1.357
-4.586 0.932 -1.281
-4.576 0.951 -1.203
-4.566 0.97 -1.127
-4.556 0.988 -1.049
-4.546 1.004 -0.974
-4.536 1.016 -0.9
-4.526 1.027 -0.83
-4.516 1.033 -0.762
-4.506 1.036 -0.698
-4.496 1.035 -0.639
-4.486 1.028 -0.586
-4.476 1.017 -0.536
-4.466 1.002 -0.493
-4.456 0.982 -0.455
-4.446 0.959 -0.422
-4.436 0.931 -0.394
-4.426 0.901 -0.372
-4.416 0.869 -0.356
-4.406 0.835 -0.345
-4.396 0.8 -0.339
-4.386 0.765 -0.338
-4.376 0.73 -0.341
-4.366 0.697 -0.349
-4.356 0.665 -0.36
-4.346 0.635 -0.375
-4.336 0.606 -0.394
-4.326 0.581 -0.416
-4.316 0.558 -0.441
-4.306 0.537 -0.47
-4.296 0.519 -0.5
-4.286 0.504 -0.533
-4.276 0.491 -0.569
-4.266 0.478 -0.606
-4.256 0.468 -0.644
-4.246 0.46 -0.685
-4.236 0.453 -0.726
-4.226 0.446 -0.767
-4.216 0.439 -0.809
-4.206 0.433 -0.851
-4.196 0.428 -0.892
-4.186 0.423 -0.932
-4.176 0.418 -0.972
-4.166 0.414 -1.01
-4.156 0.41 -1.046
-4.146 0.407 -1.081
-4.136 0.404 -1.114
-4.126 0.402 -1.147
-4.116 0.401 -1.179
-4.106 0.401 -1.209
-4.096 0.401 -1.239
-4.086 0.403 -1.267
-4.076 0.404 -1.296
-4.066 0.408 -1.324
-4.056 0.413 -1.353
-4.046 0.418 -1.381
-4.036 0.425 -1.408
-4.026 0.433 -1.434
-4.016 0.441 -1.458
-4.006 0.45 -1.479
-3.996 0.459 -1.497
-3.986 0.469 -1.511
-3.976 0.48 -1.519
-3.966 0.491 -1.522
-3.956 0.503 -1.518
-3.946 0.514 -1.507
-3.936 0.525 -1.487
-3.926 0.536 -1.461
-3.916 0.546 -1.427
-3.906 0.556 -1.386
-3.896 0.565 -1.338
-3.886 0.571 -1.286
-3.876 0.577 -1.228
-3.866 0.582 -1.167
-3.856 0.585 -1.105
-3.846 0.586 -1.041
-3.836 0.586 -0.978
-3.826 0.584 -0.918
-3.816 0.579 -0.86
-3.806 0.574 -0.806
-3.796 0.567 -0.757
-3.786 0.559 -0.714
-3.776 0.549 -0.676
-3.766 0.54 -0.644
-3.756 0.529 -0.617
-3.746 0.519 -0.595
-3.736 0.509 -0.578
-3.726 0.499 -0.565
-3.716 0.49 -0.556
-3.706 0.481 -0.549
-3.696 0.474 -0.544
-3.686 0.467 -0.54
-3.676 0.461 -0.537
-3.666 0.456 -0.534
-3.656 0.453 -0.529
-3.646 0.451 -0.523
-3.636 0.45 -0.515
-3.626 0.449 -0.505
-3.616 0.449 -0.493
-3.606 0.45 -0.48
-3.596 0.451 -0.464
-3.586 0.452 -0.448
-3.576 0.454 -0.43
-3.566 0.457 -0.41
-3.556 0.458 -0.391
-3.546 0.46 -0.372
-3.536 0.463 -0.353
-3.526 0.465 -0.335
-3.516 0.467 -0.319
-3.506 0.468 -0.305
-3.496 0.469 -0.292
-3.486 0.47 -0.28
-3.476 0.471 -0.272
-3.466 0.47 -0.264
-3.456 0.471 -0.259
-3.446 0.47 -0.256
-3.436 0.469 -0.255
-3.426 0.467 -0.254
-3.416 0.465 -0.257
-3.406 0.462 -0.26
-3.396 0.459 -0.264
-3.386 0.456 -0.269
-3.376 0.451 -0.276
-3.366 0.448 -0.283
-3.356 0.444 -0.292
-3.346 0.44 -0.301
-3.336 0.435 -0.312
-3.326 0.431 -0.324
-3.316 0.427 -0.336
-3.306 0.425 -0.349
-3.296 0.421 -0.362
-3.286 0.418 -0.376
-3.276 0.417 -0.39
-3.266 0.414 -0.404
-3.256 0.413 -0.416
-3.246 0.412 -0.429
-3.236 0.411 -0.441
-3.226 0.411 -0.451
-3.216 0.411 -0.46
-3.206 0.412 -0.466
-3.196 0.412 -0.472
-3.186 0.413 -0.475
-3.176 0.413 -0.476
-3.166 0.415 -0.475
-3.156 0.415 -0.473
-3.146 0.415 -0.47
-3.136 0.416 -0.465
-3.126 0.416 -0.46
-3.116 0.416 -0.453
-3.106 0.415 -0.446
-3.096 0.415 -0.44
-3.086 0.413 -0.433
-3.076 0.412 -0.426
-3.066 0.41 -0.419
-3.056 0.408 -0.414
-3.046 0.405 -0.408
-3.036 0.402 -0.403
-3.026 0.399 -0.398
-3.016 0.397 -0.395
-3.006 0.393 -0.392
-2.996 0.39 -0.39
-2.986 0.387 -0.389
-2.976 0.385 -0.388
-2.966 0.382 -0.389
-2.956 0.379 -0.392
-2.946 0.377 -0.394
-2.936 0.375 -0.399
-2.926 0.374 -0.405
-2.916 0.373 -0.413
-2.906 0.372 -0.422
-2.896 0.371 -0.432
-2.886 0.371 -0.445
-2.876 0.371 -0.46
-2.866 0.371 -0.477
-2.856 0.37 -0.494
-2.846 0.37 -0.513
-2.836 0.37 -0.533
-2.826 0.369 -0.554
-2.816 0.368 -0.575
-2.806 0.366 -0.598
-2.796 0.365 -0.619
-2.786 0.363 -0.64
-2.776 0.361 -0.661
-2.766 0.359 -0.68
-2.756 0.357 -0.7
-2.746 0.354 -0.716
-2.736 0.352 -0.732
-2.726 0.349 -0.745
-2.716 0.347 -0.757
-2.706 0.346 -0.766
-2.696 0.344 -0.773
-2.686 0.343 -0.777
-2.676 0.342 -0.779
-2.666 0.341 -0.778
-2.656 0.341 -0.774
-2.646 0.341 -0.767
-2.636 0.342 -0.757
-2.626 0.343 -0.745
-2.616 0.344 -0.73
-2.606 0.345 -0.713
-2.596 0.346 -0.694
-2.586 0.346 -0.674
-2.576 0.347 -0.652
-2.566 0.348 -0.63
-2.556 0.349 -0.607
-2.546 0.349 -0.584
-2.536 0.35 -0.562
-2.526 0.35 -0.54
-2.516 0.351 -0.519
-2.506 0.351 -0.5
-2.496 0.352 -0.482
-2.486 0.352 -0.466
-2.476 0.352 -0.451
-2.466 0.353 -0.439
-2.456 0.354 -0.427
-2.446 0.356 -0.417
-2.436 0.356 -0.408
-2.426 0.358 -0.402
-2.416 0.36 -0.394
-2.406 0.362 -0.39
-2.396 0.364 -0.384
-2.386 0.366 -0.381
-2.376 0.368 -0.378
-2.366 0.371 -0.375
-2.356 0.373 -0.373
-2.346 0.374 -0.371
-2.336 0.376 -0.369
-2.326 0.377 -0.367
-2.316 0.378 -0.367
-2.306 0.378 -0.365
-2.296 0.377 -0.364
-2.286 0.377 -0.362
-2.276 0.375 -0.361
-2.266 0.374 -0.36
-2.256 0.37 -0.358
-2.246 0.368 -0.356
-2.236 0.364 -0.354
-2.226 0.361 -0.351
-2.216 0.357 -0.348
-2.206 0.353 -0.344
-2.196 0.349 -0.34
-2.186 0.345 -0.335
-2.176 0.34 -0.331
-2.166 0.337 -0.325
-2.156 0.333 -0.32
-2.146 0.33 -0.313
-2.136 0.327 -0.307
-2.126 0.324 -0.301
-2.116 0.322 -0.295
-2.106 0.321 -0.289
-2.096 0.32 -0.283
-2.086 0.319 -0.278
-2.076 0.319 -0.273
-2.066 0.318 -0.268
-2.056 0.318 -0.263
-2.046 0.319 -0.259
-2.036 0.319 -0.254
-2.026 0.32 -0.25
-2.016 0.321 -0.246
-2.006 0.322 -0.242
-1.996 0.323 -0.238
-1.986 0.326 -0.234
-1.976 0.327 -0.23
-1.966 0.33 -0.225
-1.956 0.331 -0.221
-1.946 0.334 -0.215
-1.936 0.337 -0.21
-1.926 0.34 -0.205
-1.916 0.345 -0.1993
-1.906 0.349 -0.1933
-1.896 0.353 -0.1874
-1.886 0.359 -0.1813
-1.876 0.364 -0.1751
-1.866 0.369 -0.1687
-1.856 0.374 -0.1623
-1.846 0.38 -0.156
-1.836 0.386 -0.1497
-1.826 0.391 -0.1435
-1.816 0.396 -0.1374
-1.806 0.402 -0.1315
-1.796 0.406 -0.1261
-1.786 0.408 -0.1208
-1.776 0.412 -0.1161
-1.766 0.413 -0.1119
-1.756 0.414 -0.1082
-1.746 0.414 -0.1052
-1.736 0.414 -0.1027
-1.726 0.412 -0.1009
-1.716 0.41 -0.0999
-1.706 0.408 -0.0993
-1.696 0.406 -0.0995
-1.686 0.402 -0.1002
-1.676 0.4 -0.1015
-1.666 0.396 -0.1033
-1.656 0.393 -0.1055
-1.646 0.39 -0.1079
-1.636 0.387 -0.1106
-1.626 0.384 -0.1135
-1.616 0.382 -0.1165
-1.606 0.381 -0.1195
-1.596 0.379 -0.1224
-1.586 0.378 -0.1254
-1.576 0.377 -0.1281
-1.566 0.375 -0.1308
-1.556 0.374 -0.1332
-1.546 0.373 -0.1354
-1.536 0.372 -0.1374
-1.526 0.37 -0.1393
-1.516 0.37 -0.141
-1.506 0.368 -0.1424
-1.496 0.367 -0.1438
-1.486 0.365 -0.145
-1.476 0.363 -0.146
-1.466 0.362 -0.147
-1.456 0.36 -0.1479
-1.446 0.36 -0.1486
-1.436 0.358 -0.1493
-1.426 0.357 -0.1497
-1.416 0.357 -0.1501
-1.406 0.356 -0.1505
-1.396 0.355 -0.1505
-1.386 0.355 -0.1505
-1.376 0.355 -0.1502
-1.366 0.355 -0.1497
-1.356 0.355 -0.1491
-1.346 0.355 -0.1483
-1.336 0.356 -0.1473
-1.326 0.356 -0.1461
-1.316 0.356 -0.1448
-1.306 0.357 -0.1434
-1.296 0.357 -0.1419
-1.286 0.357 -0.1405
-1.276 0.357 -0.1389
-1.266 0.357 -0.1375
-1.256 0.356 -0.1363
-1.246 0.356 -0.1351
-1.236 0.355 -0.1341
-1.226 0.354 -0.1333
-1.216 0.353 -0.1327
-1.206 0.351 -0.1323
-1.196 0.349 -0.1323
-1.186 0.348 -0.1323
-1.176 0.346 -0.1327
-1.166 0.343 -0.1331
-1.156 0.341 -0.1338
-1.146 0.338 -0.1346
-1.136 0.336 -0.1356
-1.126 0.333 -0.1365
-1.116 0.331 -0.1375
-1.106 0.328 -0.1386
-1.096 0.325 -0.1396
-1.086 0.323 -0.1405
-1.076 0.32 -0.1414
-1.066 0.317 -0.1422
-1.056 0.315 -0.143
-1.046 0.312 -0.1437
-1.036 0.309 -0.1443
-1.026 0.306 -0.1448
-1.016 0.303 -0.1453
-1.006 0.301 -0.1457
-0.996 0.298 -0.1461
-0.986 0.294 -0.1466
-0.976 0.292 -0.147
-0.966 0.289 -0.1476
-0.956 0.285 -0.1482
-0.946 0.282 -0.1489
-0.936 0.278 -0.1498
-0.926 0.275 -0.1508
-0.916 0.271 -0.1521
-0.906 0.268 -0.1536
-0.896 0.264 -0.1552
-0.886 0.26 -0.1572
-0.876 0.256 -0.1593
-0.866 0.252 -0.1617
-0.856 0.248 -0.1642
-0.846 0.245 -0.1669
-0.836 0.24 -0.1694
-0.826 0.237 -0.1724
-0.816 0.233 -0.1753
-0.806 0.231 -0.1782
-0.796 0.228 -0.181
-0.786 0.225 -0.1827
-0.776 0.223 -0.1852
-0.766 0.221 -0.1865
-0.756 0.22 -0.1876
-0.746 0.218 -0.1886
-0.736 0.218 -0.1894
-0.726 0.217 -0.189
-0.716 0.217 -0.1885
-0.706 0.217 -0.1868
-0.696 0.218 -0.1861
-0.686 0.218 -0.1842
-0.676 0.219 -0.1813
-0.666 0.221 -0.1794
-0.656 0.223 -0.1765
-0.646 0.226 -0.1736
-0.636 0.228 -0.1718
-0.626 0.23 -0.169
-0.616 0.232 -0.1664
-0.606 0.234 -0.1638
-0.596 0.236 -0.1623
-0.586 0.238 -0.1607
-0.576 0.239 -0.1596
-0.566 0.241 -0.1588
-0.556 0.242 -0.1583
-0.546 0.243 -0.1584
-0.536 0.243 -0.1588
-0.526 0.243 -0.1597
-0.516 0.242 -0.1608
-0.506 0.241 -0.1622
-0.496 0.239 -0.1638
-0.486 0.238 -0.1656
-0.476 0.236 -0.167
-0.466 0.233 -0.1683
-0.456 0.231 -0.1696
-0.446 0.228 -0.1708
-0.436 0.225 -0.1719
-0.426 0.222 -0.1718
-0.416 0.219 -0.1716
-0.406 0.216 -0.1703
-0.396 0.213 -0.1688
-0.386 0.21 -0.1662
-0.376 0.208 -0.1634
-0.366 0.2053 -0.1602
-0.356 0.2026 -0.1565
-0.346 0.2001 -0.1523
-0.336 0.1978 -0.1478
-0.326 0.1956 -0.1432
-0.316 0.1946 -0.1383
-0.306 0.1926 -0.1336
-0.296 0.1898 -0.1288
-0.286 0.188 -0.1242
-0.276 0.1864 -0.1198
-0.266 0.1844 -0.1155
-0.256 0.1825 -0.1116
-0.246 0.1805 -0.1079
-0.236 0.1785 -0.1045
-0.226 0.1765 -0.1014
-0.216 0.1745 -0.0984
-0.206 0.1726 -0.0957
-0.196 0.1706 -0.0934
-0.186 0.1688 -0.0912
-0.176 0.1671 -0.0892
-0.166 0.1653 -0.0874
-0.156 0.1638 -0.0858
-0.146 0.1623 -0.0845
-0.136 0.161 -0.0834
-0.126 0.1596 -0.0826
-0.116 0.1585 -0.0819
-0.106 0.1575 -0.0815
-0.096 0.1568 -0.0814
-0.086 0.156 -0.0816
-0.076 0.1556 -0.0819
-0.066 0.1552 -0.0824
-0.056 0.1549 -0.0831
-0.046 0.1549 -0.0841
-0.036 0.155 -0.0851
-0.026 0.1552 -0.0862
-0.016 0.1555 -0.0873
-0.006 0.1559 -0.0885
0.004 0.1566 -0.0897
0.014 0.1571 -0.0908
0.024 0.1576 -0.0918
0.034 0.1581 -0.0927
0.044 0.1586 -0.0935
0.054 0.1589 -0.0942
0.064 0.1589 -0.0949
0.074 0.1587 -0.0954
0.084 0.1583 -0.0959
0.094 0.1574 -0.0964
0.104 0.1563 -0.0969
0.114 0.1547 -0.0975
0.124 0.1529 -0.0982
0.134 0.1506 -0.0991
0.144 0.148 -0.1002
0.154 0.1451 -0.1015
0.164 0.1419 -0.103
0.174 0.1386 -0.1048
0.184 0.1351 -0.1068
0.194 0.1317 -0.109
0.204 0.1281 -0.1115
0.214 0.1247 -0.114
0.224 0.1213 -0.1168
0.234 0.1181 -0.1196
0.244 0.1151 -0.1224
0.254 0.1124 -0.1252
0.264 0.1099 -0.128
0.274 0.1077 -0.1307
0.284 0.1058 -0.1334
0.294 0.1042 -0.1359
0.304 0.103 -0.1382
0.314 0.1019 -0.1405
0.324 0.1011 -0.1427
0.334 0.1005 -0.1447
0.344 0.1002 -0.1467
0.354 0.1 -0.1486
0.364 0.1001 -0.1505
0.374 0.1002 -0.1524
0.384 0.1005 -0.1543
0.394 0.101 -0.1563
0.404 0.1015 -0.1582
0.414 0.1022 -0.1603
0.424 0.1029 -0.1624
0.434 0.1037 -0.1649
0.444 0.1045 -0.1673
0.454 0.1053 -0.1696
0.464 0.1061 -0.1719
0.474 0.1068 -0.1741
0.484 0.1075 -0.1772
0.494 0.1081 -0.1793
0.504 0.1084 -0.1822
0.514 0.1087 -0.1841
0.524 0.1086 -0.1869
0.534 0.1084 -0.1896
0.544 0.1078 -0.1912
0.554 0.1071 -0.1938
0.564 0.1061 -0.1953
0.574 0.1048 -0.1968
0.584 0.1034 -0.1982
0.594 0.1018 -0.1996
0.604 0.1 -0.2009
0.614 0.0982 -0.2023
0.624 0.0964 -0.2026
0.634 0.0946 -0.203
0.644 0.0928 -0.2033
0.654 0.0913 -0.2026
0.664 0.0899 -0.203
0.674 0.0887 -0.2024
0.684 0.0878 -0.2018
0.694 0.0873 -0.2012
0.704 0.0871 -0.2006
0.714 0.0871 -0.199
0.724 0.0875 -0.1975
0.734 0.0882 -0.196
0.744 0.0893 -0.1945
0.754 0.0907 -0.192
0.764 0.0923 -0.1906
0.774 0.0942 -0.1883
0.784 0.0962 -0.1859
0.794 0.0985 -0.1827
0.804 0.1007 -0.1805
0.814 0.1031 -0.1773
0.824 0.1055 -0.1743
0.834 0.1078 -0.1713
0.844 0.11 -0.1674
0.854 0.112 -0.1645
0.864 0.1136 -0.1618
0.874 0.115 -0.1581
0.884 0.1159 -0.1555
0.894 0.1165 -0.152
0.904 0.1165 -0.1499
0.914 0.116 -0.1475
0.924 0.115 -0.1452
0.934 0.1136 -0.1431
0.944 0.1116 -0.1413
0.954 0.1092 -0.1397
0.964 0.1062 -0.1383
0.974 0.103 -0.137
0.984 0.0995 -0.1359
0.994 0.0959 -0.1348
1.004 0.092 -0.1339
1.014 0.0882 -0.1331
1.024 0.0846 -0.1322
1.034 0.081 -0.1314
1.044 0.0777 -0.1306
1.054 0.0749 -0.1296
1.064 0.0725 -0.1287
1.074 0.0705 -0.1276
1.084 0.0692 -0.1266
1.094 0.0684 -0.1255
1.104 0.0683 -0.1242
1.114 0.0689 -0.123
1.124 0.0701 -0.1218
1.134 0.0719 -0.1206
1.144 0.0743 -0.1194
1.154 0.0772 -0.1183
1.164 0.0804 -0.1173
1.174 0.084 -0.1163
1.184 0.0877 -0.1156
1.194 0.0916 -0.115
1.204 0.0955 -0.1146
1.214 0.099 -0.1144
1.224 0.1024 -0.1141
1.234 0.1053 -0.1142
1.244 0.1077 -0.1143
1.254 0.1096 -0.1145
1.264 0.1107 -0.1149
1.274 0.1111 -0.1153
1.284 0.1108 -0.1157
1.294 0.1098 -0.1161
1.304 0.108 -0.1164
1.314 0.1057 -0.1167
1.324 0.1027 -0.1169
1.334 0.0993 -0.1171
1.344 0.0955 -0.1172
1.354 0.0914 -0.1172
1.364 0.0871 -0.117
1.374 0.0827 -0.1166
1.384 0.0784 -0.1162
1.394 0.0741 -0.1157
1.404 0.07 -0.1149
1.414 0.0661 -0.1141
1.424 0.0624 -0.1131
1.434 0.0591 -0.112
1.444 0.056 -0.111
1.454 0.0532 -0.1097
1.464 0.0506 -0.1084
1.474 0.0484 -0.1071
1.484 0.0463 -0.1058
1.494 0.0445 -0.1044
1.504 0.0429 -0.1031
1.514 0.0415 -0.102
1.524 0.0401 -0.1008
1.534 0.0389 -0.0999
1.544 0.0378 -0.0989
1.554 0.0368 -0.0983
1.564 0.0359 -0.0977
1.574 0.035 -0.0973
1.584 0.0342 -0.0971
1.594 0.0335 -0.0971
1.604 0.033 -0.0972
1.614 0.0325 -0.0975
1.624 0.0322 -0.0979
1.634 0.0321 -0.0985
1.644 0.0321 -0.0991
1.654 0.0324 -0.0999
1.664 0.0328 -0.1007
1.674 0.0335 -0.1015
1.684 0.0343 -0.1025
1.694 0.0354 -0.1035
1.704 0.0367 -0.1047
1.714 0.0382 -0.1059
1.724 0.04 -0.1072
1.734 0.0421 -0.1087
1.744 0.0443 -0.1102
1.754 0.0468 -0.1121
1.764 0.0495 -0.114
1.774 0.0523 -0.1162
1.784 0.0554 -0.1186
1.794 0.0587 -0.1213
1.804 0.0621 -0.1241
1.814 0.0658 -0.1272
1.824 0.0695 -0.1305
1.834 0.0735 -0.1339
1.844 0.0775 -0.1374
1.854 0.0816 -0.1409
1.864 0.086 -0.1445
1.874 0.0903 -0.1479
1.884 0.0947 -0.1513
1.894 0.0991 -0.1544
1.904 0.1035 -0.1572
1.914 0.1079 -0.1601
1.924 0.1121 -0.1623
1.934 0.1161 -0.1634
1.944 0.12 -0.1654
1.954 0.1236 -0.1663
1.964 0.127 -0.166
1.974 0.1299 -0.1665
1.984 0.1325 -0.1659
1.994 0.1345 -0.1647
2.004 0.1361 -0.1633
2.014 0.1372 -0.1615
2.024 0.1377 -0.1595
2.034 0.1377 -0.1571
2.044 0.1373 -0.1546
2.054 0.1363 -0.152
2.064 0.1347 -0.1491
2.074 0.1328 -0.1463
2.084 0.1305 -0.1435
2.094 0.1279 -0.1407
2.104 0.125 -0.1379
2.114 0.1219 -0.1353
2.124 0.1186 -0.1329
2.134 0.1152 -0.1305
2.144 0.1118 -0.1283
2.154 0.1082 -0.1263
2.164 0.1048 -0.1244
2.174 0.1013 -0.1228
2.184 0.0981 -0.1212
2.194 0.0948 -0.1199
2.204 0.0917 -0.1185
2.214 0.0888 -0.1174
2.224 0.086 -0.1164
2.234 0.0836 -0.1155
2.244 0.0813 -0.1145
2.254 0.0795 -0.1137
2.264 0.0779 -0.1128
2.274 0.0768 -0.112
2.284 0.0762 -0.1111
2.294 0.076 -0.1102
2.304 0.0765 -0.1093
2.314 0.0774 -0.1082
2.324 0.0788 -0.1071
2.334 0.0808 -0.106
2.344 0.0831 -0.1049
2.354 0.086 -0.1036
2.364 0.0891 -0.1024
2.374 0.0925 -0.1012
2.384 0.0959 -0.1001
2.394 0.0994 -0.0989
2.404 0.1028 -0.098
2.414 0.1058 -0.097
2.424 0.1086 -0.0963
2.434 0.1109 -0.0956
2.444 0.1127 -0.0952
2.454 0.1138 -0.0948
2.464 0.1142 -0.0947
2.474 0.1139 -0.0947
2.484 0.1129 -0.0948
2.494 0.1112 -0.0951
2.504 0.1088 -0.0955
2.514 0.1057 -0.096
2.524 0.102 -0.0966
2.534 0.0978 -0.0973
2.544 0.0931 -0.098
2.554 0.0881 -0.0988
2.564 0.0828 -0.0996
2.574 0.0774 -0.1006
2.584 0.0719 -0.1015
2.594 0.0664 -0.1024
2.604 0.0611 -0.1034
2.614 0.056 -0.1044
2.624 0.0512 -0.1053
2.634 0.0468 -0.1062
2.644 0.0428 -0.107
2.654 0.0393 -0.1077
2.664 0.0364 -0.1083
2.674 0.0339 -0.1087
2.684 0.032 -0.1088
2.694 0.0305 -0.1088
2.704 0.0295 -0.1085
2.714 0.0291 -0.108
2.724 0.029 -0.1072
2.734 0.0292 -0.1062
2.744 0.0296 -0.1051
2.754 0.0303 -0.1038
2.764 0.031 -0.1024
2.774 0.0317 -0.1011
2.784 0.0325 -0.0999
2.794 0.0331 -0.0988
2.804 0.0334 -0.098
2.814 0.0335 -0.0975
2.824 0.0335 -0.0973
2.834 0.03309 -0.0975
2.844 0.03235 -0.0981
2.854 0.03143 -0.099
2.864 0.03014 -0.1004
2.874 0.02868 -0.1019
2.884 0.02697 -0.1036
2.894 0.02511 -0.1055
2.904 0.02321 -0.1072
2.914 0.0211 -0.1089
2.924 0.01908 -0.1103
2.934 0.01697 -0.1114
2.944 0.01508 -0.1121
2.954 0.01313 -0.1124
2.964 0.01135 -0.112
2.974 0.0097 -0.1113
2.984 0.0082 -0.11
2.994 0.00686 -0.1084
3.004 0.00568 -0.1064
3.014 0.00466 -0.1043
3.024 0.00377 -0.1019
3.034 0.00302 -0.0996
3.044 0.002394 -0.0976
3.054 0.00188 -0.0958
3.064 0.001454 -0.0946
3.074 0.00112 -0.0938
3.084 0.00085 -0.0939
3.094 0.000639 -0.0948
3.104 0.000474 -0.0966
3.114 0.000349 -0.0994
3.124 0.0002535 -0.1032
3.134 0.0001823 -0.1079
3.144 0.00013 -0.1136
3.154 9.14e-05 -0.1204
3.164 6.37e-05 -0.128
3.174 4.39e-05 -0.1365
3.184 2.991e-05 -0.1455
3.194 2.02e-05 -0.1551
3.204 1.346e-05 -0.1652
3.214 8.88e-06 -0.1753
3.224 5.8e-06 -0.1855
3.234 3.74e-06 -0.1957
3.244 2.392e-06 -0.2049
3.254 1.51e-06 -0.2139
3.264 9.44e-07 -0.2227
3.274 5.84e-07 -0.2292
3.284 3.57e-07 -0.2353
3.294 2.164e-07 -0.241
3.304 1.294e-07 -0.2441
3.314 7.67e-08 -0.2467
3.324 4.5e-08 -0.2478
3.334 2.605e-08 -0.247
3.344 1.494e-08 -0.245
3.354 8.47e-09 -0.2414
3.364 4.75e-09 -0.2372
3.374 2.635e-09 -0.2315
3.384 1.451e-09 -0.2254
3.394 7.87e-10 -0.2179
3.404 4.23e-10 -0.2101
3.414 2.249e-10 -0.2021
3.424 1.182e-10 -0.1929
3.434 6.15e-11 -0.1845
3.444 3.162e-11 -0.1754
3.454 1.61e-11 -0.1667
3.464 8.12e-12 -0.158
3.474 4.04e-12 -0.1497
3.484 1.993e-12 -0.1417
3.494 9.72e-13 -0.134
3.504 4.69e-13 -0.1266
3.514 2.236e-13 -0.1197
3.524 0.0 -0.1131
3.534 0.0 -0.1068
3.544 0.0 -0.101
3.554 0.0 -0.0953
3.564 0.0 -0.0902
3.574 0.0 -0.0852
3.584 0.0 -0.0807
3.594 0.0 -0.0765
3.604 0.0 -0.0726
3.614 0.0 -0.069
3.624 0.0 -0.0657
3.634 0.0 -0.0629
3.644 0.0 -0.0604
3.654 0.0 -0.0583
3.664 0.0 -0.0566
3.674 0.0 -0.0552
3.684 0.0 -0.0542
3.694 0.0 -0.0535
3.704 0.0 -0.0533
3.714 0.0 -0.0534
3.724 0.0 -0.0538
3.734 0.0 -0.0545
3.744 0.0 -0.0553
3.754 0.0 -0.0565
3.764 0.0 -0.0578
3.774 0.0 -0.0592
3.784 0.0 -0.0607
3.794 0.0 -0.0623
3.804 0.0 -0.0637
3.814 0.0 -0.0649
3.824 0.0 -0.0662
3.834 0.0 -0.0671
3.844 0.0 -0.0676
3.854 0.0 -0.0678
3.864 0.0 -0.0677
3.874 0.0 -0.0671
3.884 0.0 -0.0661
3.894 0.0 -0.0646
3.904 0.0 -0.0627
3.914 0.0 -0.0604
3.924 0.0 -0.0577
3.934 0.0 -0.0546
3.944 0.0 -0.0513
3.954 0.0 -0.0477
3.964 0.0 -0.044
3.974 0.0 -0.0401
3.984 0.0 -0.0364
3.994 0.0 -0.0325
4.004 0.0 -0.0289
4.014 0.0 -0.0254
4.024 0.0 -0.02211
4.034 0.0 -0.01902
4.044 0.0 -0.01627
4.054 0.0 -0.01373
4.064 0.0 -0.01149
4.074 0.0 -0.0095
4.084 0.0 -0.00778
4.094 0.0 -0.00631
4.104 0.0 -0.00506
4.114 0.0 -0.00402
4.124 0.0 -0.00315
4.134 0.0 -0.00245
4.144 0.0 -0.001889
4.154 0.0 -0.001435
4.164 0.0 -0.001081
4.174 0.0 -0.000805
4.184 0.0 -0.000594
4.194 0.0 -0.000433
4.204 0.0 -0.000313
4.214 0.0 -0.0002236
4.224 0.0 -0.000158
4.234 0.0 -0.0001104
4.244 0.0 -7.64e-05
4.254 0.0 -5.23e-05
4.264 0.0 -3.54e-05
4.274 0.0 -2.377e-05
4.284 0.0 -1.573e-05
4.294 0.0 -1.032e-05
4.304 0.0 -6.7e-06
4.314 0.0 -4.3e-06
