-55.332 3.182e-08 0
-55.322 5.16e-08 0
-55.312 8.24e-08 0
-55.302 1.302e-07 0
-55.292 2.038e-07 0
-55.282 3.158e-07 0
-55.272 4.84e-07 0
-55.262 7.34e-07 0
-55.252 1.1e-06 0
-55.242 1.632e-06 0
-55.232 2.394e-06 0
-55.222 3.477e-06 0
-55.212 5e-06 0
-55.202 7.08e-06 0
-55.192 9.96e-06 0
-55.182 1.386e-05 0
-55.172 1.908e-05 0
-55.162 2.596e-05 0
-55.152 3.494e-05 0
-55.142 4.64e-05 0
-55.132 6.12e-05 0
-55.122 8e-05 0
-55.112 0.0001032 0
-55.102 0.0001316 0
-55.092 0.000166 0
-55.082 0.0002072 0
-55.072 0.000256 0
-55.062 0.0003128 0
-55.052 0.0003784 0
-55.042 0.000452 0
-55.032 0.000536 0
-55.022 0.000628 0
-55.012 0.000728 0
-55.002 0.000832 0
-54.992 0.000946 0
-54.982 0.001062 0
-54.972 0.00118 0
-54.962 0.001296 0
-54.952 0.001412 0
-54.942 0.00152 0
-54.932 0.001624 0
-54.922 0.001714 0
-54.912 0.001792 0
-54.902 0.001858 0
-54.892 0.001907 0
-54.882 0.001942 0
-54.872 0.00196 0
-54.862 0.001962 0
-54.852 0.001948 0
-54.842 0.001924 0
-54.832 0.00189 0
-54.822 0.001848 0
-54.812 0.001799 0
-54.802 0.001748 0
-54.792 0.001698 0
-54.782 0.001652 0
-54.772 0.001612 0
-54.762 0.001578 0
-54.752 0.001556 0
-54.742 0.001546 0
-54.732 0.001548 0
-54.722 0.001566 0
-54.712 0.001596 0
-54.702 0.001641 0
-54.692 0.001699 0
-54.682 0.001771 0
-54.672 0.001855 0
-54.662 0.00195 0
-54.652 0.002052 0
-54.642 0.002163 0
-54.632 0.00228 0
-54.622 0.002401 0
-54.612 0.002521 0
-54.602 0.002642 0
-54.592 0.00276 0
-54.582 0.002874 0
-54.572 0.002984 0
-54.562 0.003087 0
-54.552 0.003184 0
-54.542 0.003276 0
-54.532 0.003361 0
-54.522 0.003442 0
-54.512 0.003524 0
-54.502 0.003608 0
-54.492 0.003701 0
-54.482 0.003805 0
-54.472 0.003929 0
-54.462 0.004079 0
-54.452 0.00428 0
-54.442 0.0045 0
-54.432 0.00477 0
-54.422 0.00511 0
-54.412 0.00554 0
-54.402 0.00602 0
-54.392 0.0066 0
-54.382 0.00726 0
-54.372 0.008 0
-54.362 0.00884 0
-54.352 0.0098 0
-54.342 0.01086 0
-54.332 0.012 0
-54.322 0.01324 0
-54.312 0.01456 0
-54.302 0.01599 0
-54.292 0.01746 0
-54.282 0.019 0
-54.272 0.02058 0
-54.262 0.02224 0
-54.252 0.0239 0
-54.242 0.02556 0
-54.232 0.02724 0
-54.222 0.02894 0
-54.212 0.03058 0
-54.202 0.03222 0
-54.192 0.03378 0
-54.182 0.0353 0
-54.172 0.03678 0
-54.162 0.03816 0
-54.152 0.03942 0
-54.142 0.0406 0
-54.132 0.0416 0
-54.122 0.0426 0
-54.112 0.0434 0
-54.102 0.044 0
-54.092 0.0444 0
-54.082 0.0448 0
-54.072 0.0448 0
-54.062 0.0448 0
-54.052 0.0446 0
-54.042 0.0442 0
-54.032 0.0436 0
-54.022 0.0428 0
-54.012 0.0416 0
-54.002 0.04039 0
-53.992 0.03902 0
-53.982 0.03746 0
-53.972 0.03576 0
-53.962 0.03391 0
-53.952 0.03197 0
-53.942 0.02995 0
-53.932 0.02788 0
-53.922 0.02576 0
-53.912 0.02364 0
-53.902 0.02154 0
-53.892 0.01948 0
-53.882 0.01748 0
-53.872 0.01554 0
-53.862 0.01374 0
-53.852 0.01204 0
-53.842 0.01046 0
-53.832 0.00902 0
-53.822 0.00772 0
-53.812 0.00654 0
-53.802 0.0055 0
-53.792 0.00458 0
-53.782 0.003775 0
-53.772 0.003088 0
-53.762 0.002505 0
-53.752 0.002012 0
-53.742 0.001602 0
-53.732 0.001264 0
-53.722 0.000988 0
-53.712 0.000764 0
-53.702 0.000588 0
-53.692 0.000446 0
-53.682 0.0003356 0
-53.672 0.0002502 0
-53.662 0.0001847 0
-53.652 0.000135 0
-53.642 9.79e-05 0
-53.632 7.02e-05 0
-53.622 5e-05 0
-53.612 3.506e-05 0
-53.602 2.442e-05 0
-53.592 1.684e-05 0
-53.582 1.15e-05 0
-53.572 7.78e-06 0
-53.562 5.2e-06 0
-53.552 3.449e-06 0
-53.542 2.264e-06 0
-53.532 1.469e-06 0
-53.522 9.44e-07 0
-53.512 6.02e-07 0
-53.502 3.791e-07 0
-53.492 2.364e-07 0
-53.482 1.46e-07 0
-53.472 8.92e-08 0
-53.462 5.39e-08 0
-53.452 3.232e-08 0
-53.442 1.916e-08 0
-53.432 1.123e-08 0
-53.422 6.52e-09 0
-53.412 3.751e-09 0
-53.402 2.132e-09 0
-53.392 1.2e-09 0
-53.382 6.69e-10 0
-53.372 3.689e-10 0
-53.362 2.01e-10 0
-53.352 1.086e-10 0
-53.342 5.8e-11 0
-53.332 3.067e-11 0
-53.322 1.603e-11 0
-53.312 8.3e-12 0
-53.302 4.238e-12 0
-53.292 2.141e-12 0
-53.282 1.064e-12 0
-53.272 5.2e-13 0
-53.262 2.519e-13 0
-53.252 1.193e-13 0
-53.242 5.23e-14 0
-53.232 2.119e-14 0
-53.222 6.1e-15 0
-53.212 1.519e-16 0
-53.202 0.0 0
-53.192 0.0 0
-53.182 0.0 0
-53.172 0.0 0
-53.162 0.0 0
-53.152 0.0 0
-53.142 0.0 0
-53.132 0.0 0
-53.122 0.0 0
-53.112 0.0 0
-53.102 0.0 0
-53.092 0.0 0
-53.082 0.0 0
-53.072 0.0 0
-53.062 0.0 0
-53.052 0.0 0
-53.042 0.0 0
-53.032 0.0 0
-53.022 0.0 0
-53.012 0.0 0
-53.002 0.0 0
-52.992 0.0 0
-52.982 0.0 0
-52.972 0.0 0
-52.962 0.0 0
-52.952 0.0 0
-52.942 0.0 0
-52.932 0.0 0
-52.922 0.0 0
-52.912 0.0 0
-52.902 0.0 0
-52.892 0.0 0
-52.882 0.0 0
-52.872 0.0 0
-52.862 0.0 0
-52.852 0.0 0
-52.842 0.0 0
-52.832 0.0 0
-52.822 0.0 0
-52.812 0.0 0
-52.802 0.0 0
-52.792 0.0 0
-52.782 0.0 0
-52.772 0.0 0
-52.762 0.0 0
-52.752 0.0 0
-52.742 0.0 0
-52.732 0.0 0
-52.722 0.0 0
-52.712 0.0 0
-52.702 0.0 0
-52.692 0.0 0
-52.682 0.0 0
-52.672 0.0 0
-52.662 0.0 0
-52.652 0.0 0
-52.642 0.0 0
-52.632 0.0 0
-52.622 0.0 0
-52.612 0.0 0
-52.602 0.0 0
-52.592 0.0 0
-52.582 0.0 0
-52.572 0.0 0
-52.562 0.0 0
-52.552 0.0 0
-52.542 0.0 0
-52.532 0.0 0
-52.522 0.0 -1.271e-16
-52.512 0.0 -1.284e-15
-52.502 0.0 -4.613e-15
-52.492 0.0 -1.09e-14
-52.482 0.0 -2.752e-14
-52.472 0.0 -6.04e-14
-52.462 0.0 -1.241e-13
-52.452 0.0 -2.51e-13
-52.442 0.0 -5.031e-13
-52.432 0.0 -9.97e-13
-52.422 0.0 -1.948e-12
-52.412 0.0 -3.761e-12
-52.402 0.0 -7.2e-12
-52.392 0.0 -1.362e-11
-52.382 0.0 -2.55e-11
-52.372 0.0 -4.725e-11
-52.362 0.0 -8.66e-11
-52.352 0.0 -1.572e-10
-52.342 0.0 -2.822e-10
-52.332 0.0 -5.014e-10
-52.322 0.0 -8.82e-10
-52.312 0.0 -1.535e-09
-52.302 0.0 -2.642e-09
-52.292 0.0 -4.502e-09
-52.282 0.0 -7.59e-09
-52.272 0.0 -1.267e-08
-52.262 0.0 -2.093e-08
-52.252 0.0 -3.426e-08
-52.242 0.0 -5.53e-08
-52.232 0.0 -8.87e-08
-52.222 0.0 -1.405e-07
-52.212 0.0 -2.203e-07
-52.202 0.0 -3.426e-07
-52.192 0.0 -5.257e-07
-52.182 0.0 -7.99e-07
-52.172 0.0 -1.204e-06
-52.162 0.0 -1.793e-06
-52.152 0.0 -2.645e-06
-52.142 0.0 -3.861e-06
-52.132 0.0 -5.58e-06
-52.122 0.0 -7.99e-06
-52.112 0.0 -1.131e-05
-52.102 0.0 -1.586e-05
-52.092 0.0 -2.201e-05
-52.082 0.0 -3.024e-05
-52.072 0.0 -4.109e-05
-52.062 0.0 -5.54e-05
-52.052 0.0 -7.39e-05
-52.042 0.0 -9.77e-05
-52.032 0.0 -0.0001278
-52.022 0.0 -0.0001657
-52.012 0.0 -0.0002127
-52.002 0.0 -0.0002703
-51.992 0.0 -0.0003404
-51.982 0.0 -0.0004249
-51.972 0.0 -0.000526
-51.962 0.0 -0.000645
-51.952 0.0 -0.000783
-51.942 0.0 -0.000943
-51.932 0.0 -0.001126
-51.922 0.0 -0.001333
-51.912 0.0 -0.001566
-51.902 0.0 -0.001828
-51.892 0.0 -0.002116
-51.882 0.0 -0.002431
-51.872 0.0 -0.002776
-51.862 0.0 -0.003149
-51.852 0.0 -0.003551
-51.842 0.0 -0.003978
-51.832 0.0 -0.00444
-51.822 0.0 -0.00494
-51.812 0.0 -0.00546
-51.802 0.0 -0.00602
-51.792 0.0 -0.00662
-51.782 0.0 -0.00726
-51.772 0.0 -0.00791
-51.762 0.0 -0.00864
-51.752 0.0 -0.0094
-51.742 0.0 -0.01022
-51.732 0.0 -0.01108
-51.722 0.0 -0.012
-51.712 0.0 -0.01298
-51.702 0.0 -0.01404
-51.692 0.0 -0.01514
-51.682 0.0 -0.01629
-51.672 0.0 -0.01752
-51.662 0.0 -0.0188
-51.652 0.0 -0.02012
-51.642 0.0 -0.0215
-51.632 0.0 -0.0229
-51.622 0.0 -0.0243
-51.612 0.0 -0.02574
-51.602 0.0 -0.02718
-51.592 0.0 -0.0286
-51.582 0.0 -0.03
-51.572 0.0 -0.03138
-51.562 0.0 -0.03268
-51.552 0.0 -0.03393
-51.542 0.0 -0.03512
-51.532 0.0 -0.03622
-51.522 0.0 -0.03724
-51.512 0.0 -0.03817
-51.502 0.0 -0.03898
-51.492 0.0 -0.03974
-51.482 0.0 -0.0403
-51.472 0.0 -0.0408
-51.462 0.0 -0.0412
-51.452 0.0 -0.0416
-51.442 0.0 -0.0418
-51.432 0.0 -0.042
-51.422 0.0 -0.042
-51.412 0.0 -0.0418
-51.402 0.0 -0.0416
-51.392 0.0 -0.0414
-51.382 0.0 -0.041
-51.372 0.0 -0.0406
-51.362 0.0 -0.03988
-51.352 0.0 -0.0393
-51.342 0.0 -0.0385
-51.332 0.0 -0.03762
-51.322 0.0 -0.03662
-51.312 0.0 -0.0355
-51.302 0.0 -0.0343
-51.292 0.0 -0.033
-51.282 0.0 -0.03159
-51.272 0.0 -0.03012
-51.262 0.0 -0.02856
-51.252 0.0 -0.02694
-51.242 0.0 -0.02526
-51.232 0.0 -0.02354
-51.222 0.0 -0.02182
-51.212 0.0 -0.0201
-51.202 0.0 -0.01838
-51.192 0.0 -0.01668
-51.182 0.0 -0.01504
-51.172 0.0 -0.01346
-51.162 0.0 -0.01196
-51.152 0.0 -0.01052
-51.142 0.0 -0.00922
-51.132 0.0 -0.00798
-51.122 0.0 -0.00686
-51.112 0.0 -0.00584
-51.102 0.0 -0.00494
-51.092 0.0 -0.00414
-51.082 0.0 -0.003432
-51.072 0.0 -0.002822
-51.062 0.0 -0.0023
-51.052 0.0 -0.001858
-51.042 0.0 -0.001486
-51.032 0.0 -0.001176
-51.022 0.0 -0.000924
-51.012 0.0 -0.000718
-51.002 0.0 -0.000552
-50.992 0.0 -0.000422
-50.982 0.0 -0.0003182
-50.972 0.0 -0.0002378
-50.962 0.0 -0.000176
-50.952 0.0 -0.000129
-50.942 0.0 -9.36e-05
-50.932 0.0 -6.72e-05
-50.922 0.0 -4.78e-05
-50.912 0.0 -3.362e-05
-50.902 0.0 -2.34e-05
-50.892 0.0 -1.616e-05
-50.882 0.0 -1.101e-05
-50.872 0.0 -7.44e-06
-50.862 0.0 -4.98e-06
-50.852 0.0 -3.295e-06
-50.842 0.0 -2.158e-06
-50.832 0.0 -1.398e-06
-50.822 0.0 -8.97e-07
-50.812 0.0 -5.7e-07
-50.802 0.0 -3.58e-07
-50.792 0.0 -2.226e-07
-50.782 0.0 -1.37e-07
-50.772 0.0 -8.34e-08
-50.762 0.0 -5.02e-08
-50.752 0.0 -3.002e-08
-50.742 0.0 -1.77e-08
-50.732 0.0 -1.035e-08
-50.722 0.0 -5.98e-09
-50.712 0.0 -3.419e-09
-50.702 0.0 -1.936e-09
-50.692 0.0 -1.083e-09
-50.682 0.0 -6.02e-10
-50.672 0.0 -3.292e-10
-50.662 0.0 -1.787e-10
-50.652 0.0 -9.6e-11
-50.642 0.0 -5.08e-11
-50.632 0.0 -2.677e-11
-50.622 0.0 -1.392e-11
-50.612 0.0 -7.16e-12
-50.602 0.0 -3.64e-12
-50.592 0.0 -1.83e-12
-50.582 0.0 -9.11e-13
-50.572 0.0 -4.44e-13
-50.562 0.0 -2.121e-13
-50.552 0.0 -9.61e-14
-50.542 0.0 -3.865e-14
-50.532 0.0 -1.073e-14
-50.522 0.0 -1.516e-15
-50.512 0.0 0
-50.502 0.0 0
-50.492 0.0 0
-50.482 0.0 0
-50.472 0.0 0
-50.462 0.0 0
-50.452 0.0 0
-50.442 0.0 0
-50.432 0.0 0
-50.422 0.0 0
-50.412 0.0 0
-50.402 0.0 0
-50.392 0.0 0
-50.382 0.0 0
-50.372 0.0 0
-50.362 0.0 0
-50.352 0.0 0
-50.342 0.0 0
-50.332 0.0 0
-50.322 0.0 0
-50.312 0.0 0
-50.302 0.0 0
-50.292 0.0 0
-50.282 0.0 0
-50.272 0.0 0
-50.262 0.0 0
-50.252 0.0 0
-50.242 0.0 0
-50.232 0.0 0
-50.222 0.0 0
-50.212 0.0 0
-50.202 0.0 0
-50.192 0.0 0
-50.182 0.0 0
-50.172 0.0 0
-50.162 0.0 0
-50.152 0.0 0
-50.142 0.0 0
-50.132 0.0 0
-50.122 0.0 0
-50.112 0.0 0
-50.102 0.0 0
-50.092 0.0 0
-50.082 0.0 0
-50.072 0.0 0
-50.062 0.0 0
-50.052 0.0 0
-50.042 0.0 0
-50.032 0.0 0
-50.022 0.0 0
-50.012 0.0 0
-50.002 0.0 0
-49.992 0.0 0
-49.982 0.0 0
-49.972 0.0 0
-49.962 0.0 0
-49.952 0.0 0
-49.942 0.0 0
-49.932 0.0 0
-49.922 0.0 0
-49.912 0.0 0
-49.902 0.0 0
-49.892 0.0 0
-49.882 0.0 0
-49.872 0.0 0
-49.862 0.0 0
-49.852 0.0 0
-49.842 0.0 0
-49.832 0.0 0
-49.822 0.0 0
-49.812 0.0 0
-49.802 0.0 0
-49.792 0.0 0
-49.782 0.0 0
-49.772 0.0 0
-49.762 0.0 0
-49.752 0.0 0
-49.742 0.0 0
-49.732 0.0 0
-49.722 0.0 0
-49.712 0.0 0
-49.702 0.0 0
-49.692 0.0 0
-49.682 0.0 0
-49.672 0.0 0
-49.662 0.0 0
-49.652 0.0 0
-49.642 0.0 0
-49.632 0.0 0
-49.622 0.0 0
-49.612 0.0 0
-49.602 0.0 0
-49.592 0.0 0
-49.582 0.0 0
-49.572 0.0 0
-49.562 0.0 0
-49.552 0.0 0
-49.542 0.0 0
-49.532 0.0 0
-49.522 0.0 0
-49.512 0.0 0
-49.502 0.0 0
-49.492 0.0 0
-49.482 0.0 0
-49.472 0.0 0
-49.462 0.0 0
-49.452 0.0 0
-49.442 0.0 0
-49.432 0.0 0
-49.422 0.0 0
-49.412 0.0 0
-49.402 0.0 0
-49.392 0.0 0
-49.382 0.0 0
-49.372 0.0 0
-49.362 0.0 0
-49.352 0.0 0
-49.342 0.0 0
-49.332 0.0 0
-49.322 0.0 0
-49.312 0.0 0
-49.302 0.0 0
-49.292 0.0 0
-49.282 0.0 0
-49.272 0.0 0
-49.262 0.0 0
-49.252 0.0 0
-49.242 0.0 0
-49.232 0.0 0
-49.222 0.0 0
-49.212 0.0 0
-49.202 0.0 0
-49.192 0.0 0
-49.182 0.0 0
-49.172 0.0 0
-49.162 0.0 0
-49.152 0.0 0
-49.142 0.0 0
-49.132 0.0 0
-49.122 0.0 0
-49.112 0.0 0
-49.102 0.0 0
-49.092 0.0 0
-49.082 0.0 0
-49.072 0.0 0
-49.062 0.0 0
-49.052 0.0 0
-49.042 0.0 0
-49.032 0.0 0
-49.022 0.0 0
-49.012 0.0 0
-49.002 0.0 0
-48.992 0.0 0
-48.982 0.0 0
-48.972 0.0 0
-48.962 0.0 0
-48.952 0.0 0
-48.942 0.0 0
-48.932 0.0 0
-48.922 0.0 0
-48.912 0.0 0
-48.902 0.0 0
-48.892 0.0 0
-48.882 0.0 0
-48.872 0.0 0
-48.862 0.0 0
-48.852 0.0 0
-48.842 0.0 0
-48.832 0.0 0
-48.822 0.0 0
-48.812 0.0 0
-48.802 0.0 0
-48.792 0.0 0
-48.782 0.0 0
-48.772 0.0 0
-48.762 0.0 0
-48.752 0.0 0
-48.742 0.0 0
-48.732 0.0 0
-48.722 0.0 0
-48.712 0.0 0
-48.702 0.0 0
-48.692 0.0 0
-48.682 0.0 0
-48.672 0.0 0
-48.662 0.0 0
-48.652 0.0 0
-48.642 0.0 0
-48.632 0.0 0
-48.622 0.0 0
-48.612 0.0 0
-48.602 0.0 0
-48.592 0.0 0
-48.582 0.0 0
-48.572 0.0 0
-48.562 0.0 0
-48.552 0.0 0
-48.542 0.0 0
-48.532 0.0 0
-48.522 0.0 0
-48.512 0.0 0
-48.502 0.0 0
-48.492 0.0 0
-48.482 0.0 0
-48.472 0.0 0
-48.462 0.0 0
-48.452 0.0 0
-48.442 0.0 0
-48.432 0.0 0
-48.422 0.0 0
-48.412 0.0 0
-48.402 0.0 0
-48.392 0.0 0
-48.382 0.0 0
-48.372 0.0 0
-48.362 0.0 0
-48.352 0.0 0
-48.342 0.0 0
-48.332 0.0 0
-48.322 0.0 0
-48.312 0.0 0
-48.302 0.0 0
-48.292 0.0 0
-48.282 0.0 0
-48.272 0.0 0
-48.262 0.0 0
-48.252 0.0 0
-48.242 0.0 0
-48.232 0.0 0
-48.222 0.0 0
-48.212 0.0 0
-48.202 0.0 0
-48.192 0.0 0
-48.182 0.0 0
-48.172 0.0 0
-48.162 0.0 0
-48.152 0.0 0
-48.142 0.0 0
-48.132 0.0 0
-48.122 0.0 0
-48.112 0.0 0
-48.102 0.0 0
-48.092 0.0 0
-48.082 0.0 0
-48.072 0.0 0
-48.062 0.0 0
-48.052 0.0 0
-48.042 0.0 0
-48.032 0.0 0
-48.022 0.0 0
-48.012 0.0 0
-48.002 0.0 0
-47.992 0.0 0
-47.982 0.0 0
-47.972 0.0 0
-47.962 0.0 0
-47.952 0.0 0
-47.942 0.0 0
-47.932 0.0 0
-47.922 0.0 0
-47.912 0.0 0
-47.902 0.0 0
-47.892 0.0 0
-47.882 0.0 0
-47.872 0.0 0
-47.862 0.0 0
-47.852 0.0 0
-47.842 0.0 0
-47.832 0.0 0
-47.822 0.0 0
-47.812 0.0 0
-47.802 0.0 0
-47.792 0.0 0
-47.782 0.0 0
-47.772 0.0 0
-47.762 0.0 0
-47.752 0.0 0
-47.742 0.0 0
-47.732 0.0 0
-47.722 0.0 0
-47.712 0.0 0
-47.702 0.0 0
-47.692 0.0 0
-47.682 0.0 0
-47.672 0.0 0
-47.662 0.0 0
-47.652 0.0 0
-47.642 0.0 0
-47.632 0.0 0
-47.622 0.0 0
-47.612 0.0 0
-47.602 0.0 0
-47.592 0.0 0
-47.582 0.0 0
-47.572 0.0 0
-47.562 0.0 0
-47.552 0.0 0
-47.542 0.0 0
-47.532 0.0 0
-47.522 0.0 0
-47.512 0.0 0
-47.502 0.0 0
-47.492 0.0 0
-47.482 0.0 0
-47.472 0.0 0
-47.462 0.0 0
-47.452 0.0 0
-47.442 0.0 0
-47.432 0.0 0
-47.422 0.0 0
-47.412 0.0 0
-47.402 0.0 0
-47.392 0.0 0
-47.382 0.0 0
-47.372 0.0 0
-47.362 0.0 0
-47.352 0.0 0
-47.342 0.0 0
-47.332 0.0 0
-47.322 0.0 0
-47.312 0.0 0
-47.302 0.0 0
-47.292 0.0 0
-47.282 0.0 0
-47.272 0.0 0
-47.262 0.0 0
-47.252 0.0 0
-47.242 0.0 0
-47.232 0.0 0
-47.222 0.0 0
-47.212 0.0 0
-47.202 0.0 0
-47.192 0.0 0
-47.182 0.0 0
-47.172 0.0 0
-47.162 0.0 0
-47.152 0.0 0
-47.142 0.0 0
-47.132 0.0 0
-47.122 0.0 0
-47.112 0.0 0
-47.102 0.0 0
-47.092 0.0 0
-47.082 0.0 0
-47.072 0.0 0
-47.062 0.0 0
-47.052 0.0 0
-47.042 0.0 0
-47.032 0.0 0
-47.022 0.0 0
-47.012 0.0 0
-47.002 0.0 0
-46.992 0.0 0
-46.982 0.0 0
-46.972 0.0 0
-46.962 0.0 0
-46.952 0.0 0
-46.942 0.0 0
-46.932 0.0 0
-46.922 0.0 0
-46.912 0.0 0
-46.902 0.0 0
-46.892 0.0 0
-46.882 0.0 0
-46.872 0.0 0
-46.862 0.0 0
-46.852 0.0 0
-46.842 0.0 0
-46.832 0.0 0
-46.822 0.0 0
-46.812 0.0 0
-46.802 0.0 0
-46.792 0.0 0
-46.782 0.0 0
-46.772 0.0 0
-46.762 0.0 0
-46.752 0.0 0
-46.742 0.0 0
-46.732 0.0 0
-46.722 0.0 0
-46.712 0.0 0
-46.702 0.0 0
-46.692 0.0 0
-46.682 0.0 0
-46.672 0.0 0
-46.662 0.0 0
-46.652 0.0 0
-46.642 0.0 0
-46.632 0.0 0
-46.622 0.0 0
-46.612 0.0 0
-46.602 0.0 0
-46.592 0.0 0
-46.582 0.0 0
-46.572 0.0 0
-46.562 0.0 0
-46.552 0.0 0
-46.542 0.0 0
-46.532 0.0 0
-46.522 0.0 0
-46.512 0.0 0
-46.502 0.0 0
-46.492 0.0 0
-46.482 0.0 0
-46.472 0.0 0
-46.462 0.0 0
-46.452 0.0 0
-46.442 0.0 0
-46.432 0.0 0
-46.422 0.0 0
-46.412 0.0 0
-46.402 0.0 0
-46.392 0.0 0
-46.382 0.0 0
-46.372 0.0 0
-46.362 0.0 0
-46.352 0.0 0
-46.342 0.0 0
-46.332 0.0 0
-46.322 0.0 0
-46.312 0.0 0
-46.302 0.0 0
-46.292 0.0 0
-46.282 0.0 0
-46.272 0.0 0
-46.262 0.0 0
-46.252 0.0 0
-46.242 0.0 0
-46.232 0.0 0
-46.222 0.0 0
-46.212 0.0 0
-46.202 0.0 0
-46.192 0.0 0
-46.182 0.0 0
-46.172 0.0 0
-46.162 0.0 0
-46.152 0.0 0
-46.142 0.0 0
-46.132 0.0 0
-46.122 0.0 0
-46.112 0.0 0
-46.102 0.0 0
-46.092 0.0 0
-46.082 0.0 0
-46.072 0.0 0
-46.062 0.0 0
-46.052 0.0 0
-46.042 0.0 0
-46.032 0.0 0
-46.022 0.0 0
-46.012 0.0 0
-46.002 0.0 0
-45.992 0.0 0
-45.982 0.0 0
-45.972 0.0 0
-45.962 0.0 0
-45.952 0.0 0
-45.942 0.0 0
-45.932 0.0 0
-45.922 0.0 0
-45.912 0.0 0
-45.902 0.0 0
-45.892 0.0 0
-45.882 0.0 0
-45.872 0.0 0
-45.862 0.0 0
-45.852 0.0 0
-45.842 0.0 0
-45.832 0.0 0
-45.822 0.0 0
-45.812 0.0 0
-45.802 0.0 0
-45.792 0.0 0
-45.782 0.0 0
-45.772 0.0 0
-45.762 0.0 0
-45.752 0.0 0
-45.742 0.0 0
-45.732 0.0 0
-45.722 0.0 0
-45.712 0.0 0
-45.702 0.0 0
-45.692 0.0 0
-45.682 0.0 0
-45.672 0.0 0
-45.662 0.0 0
-45.652 0.0 0
-45.642 0.0 0
-45.632 0.0 0
-45.622 0.0 0
-45.612 0.0 0
-45.602 0.0 0
-45.592 0.0 0
-45.582 0.0 0
-45.572 0.0 0
-45.562 0.0 0
-45.552 0.0 0
-45.542 0.0 0
-45.532 0.0 0
-45.522 0.0 0
-45.512 0.0 0
-45.502 0.0 0
-45.492 0.0 0
-45.482 0.0 0
-45.472 0.0 0
-45.462 0.0 0
-45.452 0.0 0
-45.442 0.0 0
-45.432 0.0 0
-45.422 0.0 0
-45.412 0.0 0
-45.402 0.0 0
-45.392 0.0 0
-45.382 0.0 0
-45.372 0.0 0
-45.362 0.0 0
-45.352 0.0 0
-45.342 0.0 0
-45.332 0.0 0
-45.322 0.0 0
-45.312 0.0 0
-45.302 0.0 0
-45.292 0.0 0
-45.282 0.0 0
-45.272 0.0 0
-45.262 0.0 0
-45.252 0.0 0
-45.242 0.0 0
-45.232 0.0 0
-45.222 0.0 0
-45.212 0.0 0
-45.202 0.0 0
-45.192 0.0 0
-45.182 0.0 0
-45.172 0.0 0
-45.162 0.0 0
-45.152 0.0 0
-45.142 0.0 0
-45.132 0.0 0
-45.122 0.0 0
-45.112 0.0 0
-45.102 0.0 0
-45.092 0.0 0
-45.082 0.0 0
-45.072 0.0 0
-45.062 0.0 0
-45.052 0.0 0
-45.042 0.0 0
-45.032 0.0 0
-45.022 0.0 0
-45.012 0.0 0
-45.002 0.0 0
-44.992 0.0 0
-44.982 0.0 0
-44.972 0.0 0
-44.962 0.0 0
-44.952 0.0 0
-44.942 0.0 0
-44.932 0.0 0
-44.922 0.0 0
-44.912 0.0 0
-44.902 0.0 0
-44.892 0.0 0
-44.882 0.0 0
-44.872 0.0 0
-44.862 0.0 0
-44.852 0.0 0
-44.842 0.0 0
-44.832 0.0 0
-44.822 0.0 0
-44.812 0.0 0
-44.802 0.0 0
-44.792 0.0 0
-44.782 0.0 0
-44.772 0.0 0
-44.762 0.0 0
-44.752 0.0 0
-44.742 0.0 0
-44.732 0.0 0
-44.722 0.0 0
-44.712 0.0 0
-44.702 0.0 0
-44.692 0.0 0
-44.682 0.0 0
-44.672 0.0 0
-44.662 0.0 0
-44.652 0.0 0
-44.642 0.0 0
-44.632 0.0 0
-44.622 0.0 0
-44.612 0.0 0
-44.602 0.0 0
-44.592 0.0 0
-44.582 0.0 0
-44.572 0.0 0
-44.562 0.0 0
-44.552 0.0 0
-44.542 0.0 0
-44.532 0.0 0
-44.522 0.0 0
-44.512 0.0 0
-44.502 0.0 0
-44.492 0.0 0
-44.482 0.0 0
-44.472 0.0 0
-44.462 0.0 0
-44.452 0.0 0
-44.442 0.0 0
-44.432 0.0 0
-44.422 0.0 0
-44.412 0.0 0
-44.402 0.0 0
-44.392 0.0 0
-44.382 0.0 0
-44.372 0.0 0
-44.362 0.0 0
-44.352 0.0 0
-44.342 0.0 0
-44.332 0.0 0
-44.322 0.0 0
-44.312 0.0 0
-44.302 0.0 0
-44.292 0.0 0
-44.282 0.0 0
-44.272 0.0 0
-44.262 0.0 0
-44.252 0.0 0
-44.242 0.0 0
-44.232 0.0 0
-44.222 0.0 0
-44.212 0.0 0
-44.202 0.0 0
-44.192 0.0 0
-44.182 0.0 0
-44.172 0.0 0
-44.162 0.0 0
-44.152 0.0 0
-44.142 0.0 0
-44.132 0.0 0
-44.122 0.0 0
-44.112 0.0 0
-44.102 0.0 0
-44.092 0.0 0
-44.082 0.0 0
-44.072 0.0 0
-44.062 0.0 0
-44.052 0.0 0
-44.042 0.0 0
-44.032 0.0 0
-44.022 0.0 0
-44.012 0.0 0
-44.002 0.0 0
-43.992 0.0 0
-43.982 0.0 0
-43.972 0.0 0
-43.962 0.0 0
-43.952 0.0 0
-43.942 0.0 0
-43.932 0.0 0
-43.922 0.0 0
-43.912 0.0 0
-43.902 0.0 0
-43.892 0.0 0
-43.882 0.0 0
-43.872 0.0 0
-43.862 0.0 0
-43.852 0.0 0
-43.842 0.0 0
-43.832 0.0 0
-43.822 0.0 0
-43.812 0.0 0
-43.802 0.0 0
-43.792 0.0 0
-43.782 0.0 0
-43.772 0.0 0
-43.762 0.0 0
-43.752 0.0 0
-43.742 0.0 0
-43.732 0.0 0
-43.722 0.0 0
-43.712 0.0 0
-43.702 0.0 0
-43.692 0.0 0
-43.682 0.0 0
-43.672 0.0 0
-43.662 0.0 0
-43.652 0.0 0
-43.642 0.0 0
-43.632 0.0 0
-43.622 0.0 0
-43.612 0.0 0
-43.602 0.0 0
-43.592 0.0 0
-43.582 0.0 0
-43.572 0.0 0
-43.562 0.0 0
-43.552 0.0 0
-43.542 0.0 0
-43.532 0.0 0
-43.522 0.0 0
-43.512 0.0 0
-43.502 0.0 0
-43.492 0.0 0
-43.482 0.0 0
-43.472 0.0 0
-43.462 0.0 0
-43.452 0.0 0
-43.442 0.0 0
-43.432 0.0 0
-43.422 0.0 0
-43.412 0.0 0
-43.402 0.0 0
-43.392 0.0 0
-43.382 0.0 0
-43.372 0.0 0
-43.362 0.0 0
-43.352 0.0 0
-43.342 0.0 0
-43.332 0.0 0
-43.322 0.0 0
-43.312 0.0 0
-43.302 0.0 0
-43.292 0.0 0
-43.282 0.0 0
-43.272 0.0 0
-43.262 0.0 0
-43.252 0.0 0
-43.242 0.0 0
-43.232 0.0 0
-43.222 0.0 0
-43.212 0.0 0
-43.202 0.0 0
-43.192 0.0 0
-43.182 0.0 0
-43.172 0.0 0
-43.162 0.0 0
-43.152 0.0 0
-43.142 0.0 0
-43.132 0.0 0
-43.122 0.0 0
-43.112 0.0 0
-43.102 0.0 0
-43.092 0.0 0
-43.082 0.0 0
-43.072 0.0 0
-43.062 0.0 0
-43.052 0.0 0
-43.042 0.0 0
-43.032 0.0 0
-43.022 0.0 0
-43.012 0.0 0
-43.002 0.0 0
-42.992 0.0 0
-42.982 0.0 0
-42.972 0.0 0
-42.962 0.0 0
-42.952 0.0 0
-42.942 0.0 0
-42.932 0.0 0
-42.922 0.0 0
-42.912 0.0 0
-42.902 0.0 0
-42.892 0.0 0
-42.882 0.0 0
-42.872 0.0 0
-42.862 0.0 0
-42.852 0.0 0
-42.842 0.0 0
-42.832 0.0 0
-42.822 0.0 0
-42.812 0.0 0
-42.802 0.0 0
-42.792 0.0 0
-42.782 0.0 0
-42.772 0.0 0
-42.762 0.0 0
-42.752 0.0 0
-42.742 0.0 0
-42.732 0.0 0
-42.722 0.0 0
-42.712 0.0 0
-42.702 0.0 0
-42.692 0.0 0
-42.682 0.0 0
-42.672 0.0 0
-42.662 0.0 0
-42.652 0.0 0
-42.642 0.0 0
-42.632 0.0 0
-42.622 0.0 0
-42.612 0.0 0
-42.602 0.0 0
-42.592 0.0 0
-42.582 0.0 0
-42.572 0.0 0
-42.562 0.0 0
-42.552 0.0 0
-42.542 0.0 0
-42.532 0.0 0
-42.522 0.0 0
-42.512 0.0 0
-42.502 0.0 0
-42.492 0.0 0
-42.482 0.0 0
-42.472 0.0 0
-42.462 0.0 0
-42.452 0.0 0
-42.442 0.0 0
-42.432 0.0 0
-42.422 0.0 0
-42.412 0.0 0
-42.402 0.0 0
-42.392 0.0 0
-42.382 0.0 0
-42.372 0.0 0
-42.362 0.0 0
-42.352 0.0 0
-42.342 0.0 0
-42.332 0.0 0
-42.322 0.0 0
-42.312 0.0 0
-42.302 0.0 0
-42.292 0.0 0
-42.282 0.0 0
-42.272 0.0 0
-42.262 0.0 0
-42.252 0.0 0
-42.242 0.0 0
-42.232 0.0 0
-42.222 0.0 0
-42.212 0.0 0
-42.202 0.0 0
-42.192 0.0 0
-42.182 0.0 0
-42.172 0.0 0
-42.162 0.0 0
-42.152 0.0 0
-42.142 0.0 0
-42.132 0.0 0
-42.122 0.0 0
-42.112 0.0 0
-42.102 0.0 0
-42.092 0.0 0
-42.082 0.0 0
-42.072 0.0 0
-42.062 0.0 0
-42.052 0.0 0
-42.042 0.0 0
-42.032 0.0 0
-42.022 0.0 0
-42.012 0.0 0
-42.002 0.0 0
-41.992 0.0 0
-41.982 0.0 0
-41.972 0.0 0
-41.962 0.0 0
-41.952 0.0 0
-41.942 0.0 0
-41.932 0.0 0
-41.922 0.0 0
-41.912 0.0 0
-41.902 0.0 0
-41.892 0.0 0
-41.882 0.0 0
-41.872 0.0 0
-41.862 0.0 0
-41.852 0.0 0
-41.842 0.0 0
-41.832 0.0 0
-41.822 0.0 0
-41.812 0.0 0
-41.802 0.0 0
-41.792 0.0 0
-41.782 0.0 0
-41.772 0.0 0
-41.762 0.0 0
-41.752 0.0 0
-41.742 0.0 0
-41.732 0.0 0
-41.722 0.0 0
-41.712 0.0 0
-41.702 0.0 0
-41.692 0.0 0
-41.682 0.0 0
-41.672 0.0 0
-41.662 0.0 0
-41.652 0.0 0
-41.642 0.0 0
-41.632 0.0 0
-41.622 0.0 0
-41.612 0.0 0
-41.602 0.0 0
-41.592 0.0 0
-41.582 0.0 0
-41.572 0.0 0
-41.562 0.0 0
-41.552 0.0 0
-41.542 0.0 0
-41.532 0.0 0
-41.522 0.0 0
-41.512 0.0 0
-41.502 0.0 0
-41.492 0.0 0
-41.482 0.0 0
-41.472 0.0 0
-41.462 0.0 0
-41.452 0.0 0
-41.442 0.0 0
-41.432 0.0 0
-41.422 0.0 0
-41.412 0.0 0
-41.402 0.0 0
-41.392 0.0 0
-41.382 0.0 0
-41.372 0.0 0
-41.362 0.0 0
-41.352 0.0 0
-41.342 0.0 0
-41.332 0.0 0
-41.322 0.0 0
-41.312 0.0 0
-41.302 0.0 0
-41.292 0.0 0
-41.282 0.0 0
-41.272 0.0 0
-41.262 0.0 0
-41.252 0.0 0
-41.242 0.0 0
-41.232 0.0 0
-41.222 0.0 0
-41.212 0.0 0
-41.202 0.0 0
-41.192 0.0 0
-41.182 0.0 0
-41.172 0.0 0
-41.162 0.0 0
-41.152 0.0 0
-41.142 0.0 0
-41.132 0.0 0
-41.122 0.0 0
-41.112 0.0 0
-41.102 0.0 0
-41.092 0.0 0
-41.082 0.0 0
-41.072 0.0 0
-41.062 0.0 0
-41.052 0.0 0
-41.042 0.0 0
-41.032 0.0 0
-41.022 0.0 0
-41.012 0.0 0
-41.002 0.0 0
-40.992 0.0 0
-40.982 0.0 0
-40.972 0.0 0
-40.962 0.0 0
-40.952 0.0 0
-40.942 0.0 0
-40.932 0.0 0
-40.922 0.0 0
-40.912 0.0 0
-40.902 0.0 0
-40.892 0.0 0
-40.882 0.0 0
-40.872 0.0 0
-40.862 0.0 0
-40.852 0.0 0
-40.842 0.0 0
-40.832 0.0 0
-40.822 0.0 0
-40.812 0.0 0
-40.802 0.0 0
-40.792 0.0 0
-40.782 0.0 0
-40.772 0.0 0
-40.762 0.0 0
-40.752 0.0 0
-40.742 0.0 0
-40.732 0.0 0
-40.722 0.0 0
-40.712 0.0 0
-40.702 0.0 0
-40.692 0.0 0
-40.682 0.0 0
-40.672 0.0 0
-40.662 0.0 0
-40.652 0.0 0
-40.642 0.0 0
-40.632 0.0 0
-40.622 0.0 0
-40.612 0.0 0
-40.602 0.0 0
-40.592 0.0 0
-40.582 0.0 0
-40.572 0.0 0
-40.562 0.0 0
-40.552 0.0 0
-40.542 0.0 0
-40.532 0.0 0
-40.522 0.0 0
-40.512 0.0 0
-40.502 0.0 0
-40.492 0.0 0
-40.482 0.0 0
-40.472 0.0 0
-40.462 0.0 0
-40.452 0.0 0
-40.442 0.0 0
-40.432 0.0 0
-40.422 0.0 0
-40.412 0.0 0
-40.402 0.0 0
-40.392 0.0 0
-40.382 0.0 0
-40.372 0.0 0
-40.362 0.0 0
-40.352 0.0 0
-40.342 0.0 0
-40.332 0.0 0
-40.322 0.0 0
-40.312 0.0 0
-40.302 0.0 0
-40.292 0.0 0
-40.282 0.0 0
-40.272 0.0 0
-40.262 0.0 0
-40.252 0.0 0
-40.242 0.0 0
-40.232 0.0 0
-40.222 0.0 0
-40.212 0.0 0
-40.202 0.0 0
-40.192 0.0 0
-40.182 0.0 0
-40.172 0.0 0
-40.162 0.0 0
-40.152 0.0 0
-40.142 0.0 0
-40.132 0.0 0
-40.122 0.0 0
-40.112 0.0 0
-40.102 0.0 0
-40.092 0.0 0
-40.082 0.0 0
-40.072 0.0 0
-40.062 0.0 0
-40.052 0.0 0
-40.042 0.0 0
-40.032 0.0 0
-40.022 0.0 0
-40.012 0.0 0
-40.002 0.0 0
-39.992 0.0 0
-39.982 0.0 0
-39.972 0.0 0
-39.962 0.0 0
-39.952 0.0 0
-39.942 0.0 0
-39.932 0.0 0
-39.922 0.0 0
-39.912 0.0 0
-39.902 0.0 0
-39.892 0.0 0
-39.882 0.0 0
-39.872 0.0 0
-39.862 0.0 0
-39.852 0.0 0
-39.842 0.0 0
-39.832 0.0 0
-39.822 0.0 0
-39.812 0.0 0
-39.802 0.0 0
-39.792 0.0 0
-39.782 0.0 0
-39.772 0.0 0
-39.762 0.0 0
-39.752 0.0 0
-39.742 0.0 0
-39.732 0.0 0
-39.722 0.0 0
-39.712 0.0 0
-39.702 0.0 0
-39.692 0.0 0
-39.682 0.0 0
-39.672 0.0 0
-39.662 0.0 0
-39.652 0.0 0
-39.642 0.0 0
-39.632 0.0 0
-39.622 0.0 0
-39.612 0.0 0
-39.602 0.0 0
-39.592 0.0 0
-39.582 0.0 0
-39.572 0.0 0
-39.562 0.0 0
-39.552 0.0 0
-39.542 0.0 0
-39.532 0.0 0
-39.522 0.0 0
-39.512 0.0 0
-39.502 0.0 0
-39.492 0.0 0
-39.482 0.0 0
-39.472 0.0 0
-39.462 0.0 0
-39.452 0.0 0
-39.442 0.0 0
-39.432 0.0 0
-39.422 0.0 0
-39.412 0.0 0
-39.402 0.0 0
-39.392 0.0 0
-39.382 0.0 0
-39.372 0.0 0
-39.362 0.0 0
-39.352 0.0 0
-39.342 0.0 0
-39.332 0.0 0
-39.322 0.0 0
-39.312 0.0 0
-39.302 0.0 0
-39.292 0.0 0
-39.282 0.0 0
-39.272 0.0 0
-39.262 0.0 0
-39.252 0.0 0
-39.242 0.0 0
-39.232 0.0 0
-39.222 0.0 0
-39.212 0.0 0
-39.202 0.0 0
-39.192 0.0 0
-39.182 0.0 0
-39.172 0.0 0
-39.162 0.0 0
-39.152 0.0 0
-39.142 0.0 0
-39.132 0.0 0
-39.122 0.0 0
-39.112 0.0 0
-39.102 0.0 0
-39.092 0.0 0
-39.082 0.0 0
-39.072 0.0 0
-39.062 0.0 0
-39.052 0.0 0
-39.042 0.0 0
-39.032 0.0 0
-39.022 0.0 0
-39.012 0.0 0
-39.002 0.0 0
-38.992 0.0 0
-38.982 0.0 0
-38.972 0.0 0
-38.962 0.0 0
-38.952 0.0 0
-38.942 0.0 0
-38.932 0.0 0
-38.922 0.0 0
-38.912 0.0 0
-38.902 0.0 0
-38.892 0.0 0
-38.882 0.0 0
-38.872 0.0 0
-38.862 0.0 0
-38.852 0.0 0
-38.842 0.0 0
-38.832 0.0 0
-38.822 0.0 0
-38.812 0.0 0
-38.802 0.0 0
-38.792 0.0 0
-38.782 0.0 0
-38.772 0.0 0
-38.762 0.0 0
-38.752 0.0 0
-38.742 0.0 0
-38.732 0.0 0
-38.722 0.0 0
-38.712 0.0 0
-38.702 0.0 0
-38.692 0.0 0
-38.682 0.0 0
-38.672 0.0 0
-38.662 0.0 0
-38.652 0.0 0
-38.642 0.0 0
-38.632 0.0 0
-38.622 0.0 0
-38.612 0.0 0
-38.602 0.0 0
-38.592 0.0 0
-38.582 0.0 0
-38.572 0.0 0
-38.562 0.0 0
-38.552 0.0 0
-38.542 0.0 0
-38.532 0.0 0
-38.522 0.0 0
-38.512 0.0 0
-38.502 0.0 0
-38.492 0.0 0
-38.482 0.0 0
-38.472 0.0 0
-38.462 0.0 0
-38.452 0.0 0
-38.442 0.0 0
-38.432 0.0 0
-38.422 0.0 0
-38.412 0.0 0
-38.402 0.0 0
-38.392 0.0 0
-38.382 0.0 0
-38.372 0.0 0
-38.362 0.0 0
-38.352 0.0 0
-38.342 0.0 0
-38.332 0.0 0
-38.322 0.0 0
-38.312 0.0 0
-38.302 0.0 0
-38.292 0.0 0
-38.282 0.0 0
-38.272 0.0 0
-38.262 0.0 0
-38.252 0.0 0
-38.242 0.0 0
-38.232 0.0 0
-38.222 0.0 0
-38.212 0.0 0
-38.202 0.0 0
-38.192 0.0 0
-38.182 0.0 0
-38.172 0.0 0
-38.162 0.0 0
-38.152 0.0 0
-38.142 0.0 0
-38.132 0.0 0
-38.122 0.0 0
-38.112 0.0 0
-38.102 0.0 0
-38.092 0.0 0
-38.082 0.0 0
-38.072 0.0 0
-38.062 0.0 0
-38.052 0.0 0
-38.042 0.0 0
-38.032 0.0 0
-38.022 0.0 0
-38.012 0.0 0
-38.002 0.0 0
-37.992 0.0 0
-37.982 0.0 0
-37.972 0.0 0
-37.962 0.0 0
-37.952 0.0 0
-37.942 0.0 0
-37.932 0.0 0
-37.922 0.0 0
-37.912 0.0 0
-37.902 0.0 0
-37.892 0.0 0
-37.882 0.0 0
-37.872 0.0 0
-37.862 0.0 0
-37.852 0.0 0
-37.842 0.0 0
-37.832 0.0 0
-37.822 0.0 0
-37.812 0.0 0
-37.802 0.0 0
-37.792 0.0 0
-37.782 0.0 0
-37.772 0.0 0
-37.762 0.0 0
-37.752 0.0 0
-37.742 0.0 0
-37.732 0.0 0
-37.722 0.0 0
-37.712 0.0 0
-37.702 0.0 0
-37.692 0.0 0
-37.682 0.0 0
-37.672 0.0 0
-37.662 0.0 0
-37.652 0.0 0
-37.642 0.0 0
-37.632 0.0 0
-37.622 0.0 0
-37.612 0.0 0
-37.602 0.0 0
-37.592 0.0 0
-37.582 0.0 0
-37.572 0.0 0
-37.562 0.0 0
-37.552 0.0 0
-37.542 0.0 0
-37.532 0.0 0
-37.522 0.0 0
-37.512 0.0 0
-37.502 0.0 0
-37.492 0.0 0
-37.482 0.0 0
-37.472 0.0 0
-37.462 0.0 0
-37.452 0.0 0
-37.442 0.0 0
-37.432 0.0 0
-37.422 0.0 0
-37.412 0.0 0
-37.402 0.0 0
-37.392 0.0 0
-37.382 0.0 0
-37.372 0.0 0
-37.362 0.0 0
-37.352 0.0 0
-37.342 0.0 0
-37.332 0.0 0
-37.322 0.0 0
-37.312 0.0 0
-37.302 0.0 0
-37.292 0.0 0
-37.282 0.0 0
-37.272 0.0 0
-37.262 0.0 0
-37.252 0.0 0
-37.242 0.0 0
-37.232 0.0 0
-37.222 0.0 0
-37.212 0.0 0
-37.202 0.0 0
-37.192 0.0 0
-37.182 0.0 0
-37.172 0.0 0
-37.162 0.0 0
-37.152 0.0 0
-37.142 0.0 0
-37.132 0.0 0
-37.122 0.0 0
-37.112 0.0 0
-37.102 0.0 0
-37.092 0.0 0
-37.082 0.0 0
-37.072 0.0 0
-37.062 0.0 0
-37.052 0.0 0
-37.042 0.0 0
-37.032 0.0 0
-37.022 0.0 0
-37.012 0.0 0
-37.002 0.0 0
-36.992 0.0 0
-36.982 0.0 0
-36.972 0.0 0
-36.962 0.0 0
-36.952 0.0 0
-36.942 0.0 0
-36.932 0.0 0
-36.922 0.0 0
-36.912 0.0 0
-36.902 0.0 0
-36.892 0.0 0
-36.882 0.0 0
-36.872 0.0 0
-36.862 0.0 0
-36.852 0.0 0
-36.842 0.0 0
-36.832 0.0 0
-36.822 0.0 0
-36.812 0.0 0
-36.802 0.0 0
-36.792 0.0 0
-36.782 0.0 0
-36.772 0.0 0
-36.762 0.0 0
-36.752 0.0 0
-36.742 0.0 0
-36.732 0.0 0
-36.722 0.0 0
-36.712 0.0 0
-36.702 0.0 0
-36.692 0.0 0
-36.682 0.0 0
-36.672 0.0 0
-36.662 0.0 0
-36.652 0.0 0
-36.642 0.0 0
-36.632 0.0 0
-36.622 0.0 0
-36.612 0.0 0
-36.602 0.0 0
-36.592 0.0 0
-36.582 0.0 0
-36.572 0.0 0
-36.562 0.0 0
-36.552 0.0 0
-36.542 0.0 0
-36.532 0.0 0
-36.522 0.0 0
-36.512 0.0 0
-36.502 0.0 0
-36.492 0.0 0
-36.482 0.0 0
-36.472 0.0 0
-36.462 0.0 0
-36.452 0.0 0
-36.442 0.0 0
-36.432 0.0 0
-36.422 0.0 0
-36.412 0.0 0
-36.402 0.0 0
-36.392 0.0 0
-36.382 0.0 0
-36.372 0.0 0
-36.362 0.0 0
-36.352 0.0 0
-36.342 0.0 0
-36.332 0.0 0
-36.322 0.0 0
-36.312 0.0 0
-36.302 0.0 0
-36.292 0.0 0
-36.282 0.0 0
-36.272 0.0 0
-36.262 0.0 0
-36.252 0.0 0
-36.242 0.0 0
-36.232 0.0 0
-36.222 0.0 0
-36.212 0.0 0
-36.202 0.0 0
-36.192 0.0 0
-36.182 0.0 0
-36.172 0.0 0
-36.162 0.0 0
-36.152 0.0 0
-36.142 0.0 0
-36.132 0.0 0
-36.122 0.0 0
-36.112 0.0 0
-36.102 0.0 0
-36.092 0.0 0
-36.082 0.0 0
-36.072 0.0 0
-36.062 0.0 0
-36.052 0.0 0
-36.042 0.0 0
-36.032 0.0 0
-36.022 0.0 0
-36.012 0.0 0
-36.002 0.0 0
-35.992 0.0 0
-35.982 0.0 0
-35.972 0.0 0
-35.962 0.0 0
-35.952 0.0 0
-35.942 0.0 0
-35.932 0.0 0
-35.922 0.0 0
-35.912 0.0 0
-35.902 0.0 0
-35.892 0.0 0
-35.882 0.0 0
-35.872 0.0 0
-35.862 0.0 0
-35.852 0.0 0
-35.842 0.0 0
-35.832 0.0 0
-35.822 0.0 0
-35.812 0.0 0
-35.802 0.0 0
-35.792 0.0 0
-35.782 0.0 0
-35.772 0.0 0
-35.762 0.0 0
-35.752 0.0 0
-35.742 0.0 0
-35.732 0.0 0
-35.722 0.0 0
-35.712 0.0 0
-35.702 0.0 0
-35.692 0.0 0
-35.682 0.0 0
-35.672 0.0 0
-35.662 0.0 0
-35.652 0.0 0
-35.642 0.0 0
-35.632 0.0 0
-35.622 0.0 0
-35.612 0.0 0
-35.602 0.0 0
-35.592 0.0 0
-35.582 0.0 0
-35.572 0.0 0
-35.562 0.0 0
-35.552 0.0 0
-35.542 0.0 0
-35.532 0.0 0
-35.522 0.0 0
-35.512 0.0 0
-35.502 0.0 0
-35.492 0.0 0
-35.482 0.0 0
-35.472 0.0 0
-35.462 0.0 0
-35.452 0.0 0
-35.442 0.0 0
-35.432 0.0 0
-35.422 0.0 0
-35.412 0.0 0
-35.402 0.0 0
-35.392 0.0 0
-35.382 0.0 0
-35.372 0.0 0
-35.362 0.0 0
-35.352 0.0 0
-35.342 0.0 0
-35.332 0.0 0
-35.322 0.0 0
-35.312 0.0 0
-35.302 0.0 0
-35.292 0.0 0
-35.282 0.0 0
-35.272 0.0 0
-35.262 0.0 0
-35.252 0.0 0
-35.242 0.0 0
-35.232 0.0 0
-35.222 0.0 0
-35.212 0.0 0
-35.202 0.0 0
-35.192 0.0 0
-35.182 0.0 0
-35.172 0.0 0
-35.162 0.0 0
-35.152 0.0 0
-35.142 0.0 0
-35.132 0.0 0
-35.122 0.0 0
-35.112 0.0 0
-35.102 0.0 0
-35.092 0.0 0
-35.082 0.0 0
-35.072 0.0 0
-35.062 0.0 0
-35.052 0.0 0
-35.042 0.0 0
-35.032 0.0 0
-35.022 0.0 0
-35.012 0.0 0
-35.002 0.0 0
-34.992 0.0 0
-34.982 0.0 0
-34.972 0.0 0
-34.962 0.0 0
-34.952 0.0 0
-34.942 0.0 0
-34.932 0.0 0
-34.922 0.0 0
-34.912 0.0 0
-34.902 0.0 0
-34.892 0.0 0
-34.882 0.0 0
-34.872 0.0 0
-34.862 0.0 0
-34.852 0.0 0
-34.842 0.0 0
-34.832 0.0 0
-34.822 0.0 0
-34.812 0.0 0
-34.802 0.0 0
-34.792 0.0 0
-34.782 0.0 0
-34.772 0.0 0
-34.762 0.0 0
-34.752 0.0 0
-34.742 0.0 0
-34.732 0.0 0
-34.722 0.0 0
-34.712 0.0 0
-34.702 0.0 0
-34.692 0.0 0
-34.682 0.0 0
-34.672 0.0 0
-34.662 0.0 0
-34.652 0.0 0
-34.642 0.0 0
-34.632 0.0 0
-34.622 0.0 0
-34.612 0.0 0
-34.602 0.0 0
-34.592 0.0 0
-34.582 0.0 0
-34.572 0.0 0
-34.562 0.0 0
-34.552 0.0 0
-34.542 0.0 0
-34.532 0.0 0
-34.522 0.0 0
-34.512 0.0 0
-34.502 0.0 0
-34.492 0.0 0
-34.482 0.0 0
-34.472 0.0 0
-34.462 0.0 0
-34.452 0.0 0
-34.442 0.0 0
-34.432 0.0 0
-34.422 0.0 0
-34.412 0.0 0
-34.402 0.0 0
-34.392 0.0 0
-34.382 0.0 0
-34.372 0.0 0
-34.362 0.0 0
-34.352 0.0 0
-34.342 0.0 0
-34.332 0.0 0
-34.322 0.0 0
-34.312 0.0 0
-34.302 0.0 0
-34.292 0.0 0
-34.282 0.0 0
-34.272 0.0 0
-34.262 0.0 0
-34.252 0.0 0
-34.242 0.0 0
-34.232 0.0 0
-34.222 0.0 0
-34.212 0.0 0
-34.202 0.0 0
-34.192 0.0 0
-34.182 0.0 0
-34.172 0.0 0
-34.162 0.0 0
-34.152 0.0 0
-34.142 0.0 0
-34.132 0.0 0
-34.122 0.0 0
-34.112 0.0 0
-34.102 0.0 0
-34.092 0.0 0
-34.082 0.0 0
-34.072 0.0 0
-34.062 0.0 0
-34.052 0.0 0
-34.042 0.0 0
-34.032 0.0 0
-34.022 0.0 0
-34.012 0.0 0
-34.002 0.0 0
-33.992 0.0 0
-33.982 0.0 0
-33.972 0.0 0
-33.962 0.0 0
-33.952 0.0 0
-33.942 0.0 0
-33.932 0.0 0
-33.922 0.0 0
-33.912 0.0 0
-33.902 0.0 0
-33.892 0.0 0
-33.882 0.0 0
-33.872 0.0 0
-33.862 0.0 0
-33.852 0.0 0
-33.842 0.0 0
-33.832 0.0 0
-33.822 0.0 0
-33.812 0.0 0
-33.802 0.0 0
-33.792 0.0 0
-33.782 0.0 0
-33.772 0.0 0
-33.762 0.0 0
-33.752 0.0 0
-33.742 0.0 0
-33.732 0.0 0
-33.722 0.0 0
-33.712 0.0 0
-33.702 0.0 0
-33.692 0.0 0
-33.682 0.0 0
-33.672 0.0 0
-33.662 0.0 0
-33.652 0.0 0
-33.642 0.0 0
-33.632 0.0 0
-33.622 0.0 0
-33.612 0.0 0
-33.602 0.0 0
-33.592 0.0 0
-33.582 0.0 0
-33.572 0.0 0
-33.562 0.0 0
-33.552 0.0 0
-33.542 0.0 0
-33.532 0.0 0
-33.522 0.0 0
-33.512 0.0 0
-33.502 0.0 0
-33.492 0.0 0
-33.482 0.0 0
-33.472 0.0 0
-33.462 0.0 0
-33.452 0.0 0
-33.442 0.0 0
-33.432 0.0 0
-33.422 0.0 0
-33.412 0.0 0
-33.402 0.0 0
-33.392 0.0 0
-33.382 0.0 0
-33.372 0.0 0
-33.362 0.0 0
-33.352 0.0 0
-33.342 0.0 0
-33.332 0.0 0
-33.322 0.0 0
-33.312 0.0 0
-33.302 0.0 0
-33.292 0.0 0
-33.282 0.0 0
-33.272 0.0 0
-33.262 0.0 0
-33.252 0.0 0
-33.242 0.0 0
-33.232 0.0 0
-33.222 0.0 0
-33.212 0.0 0
-33.202 0.0 0
-33.192 0.0 0
-33.182 0.0 0
-33.172 0.0 0
-33.162 0.0 0
-33.152 0.0 0
-33.142 0.0 0
-33.132 0.0 0
-33.122 0.0 0
-33.112 0.0 0
-33.102 0.0 0
-33.092 0.0 0
-33.082 0.0 0
-33.072 0.0 0
-33.062 0.0 0
-33.052 0.0 0
-33.042 0.0 0
-33.032 0.0 0
-33.022 0.0 0
-33.012 0.0 0
-33.002 0.0 0
-32.992 0.0 0
-32.982 0.0 0
-32.972 0.0 0
-32.962 0.0 0
-32.952 0.0 0
-32.942 0.0 0
-32.932 0.0 0
-32.922 0.0 0
-32.912 0.0 0
-32.902 0.0 0
-32.892 0.0 0
-32.882 0.0 0
-32.872 0.0 0
-32.862 0.0 0
-32.852 0.0 0
-32.842 0.0 0
-32.832 0.0 0
-32.822 0.0 0
-32.812 0.0 0
-32.802 0.0 0
-32.792 0.0 0
-32.782 0.0 0
-32.772 0.0 0
-32.762 0.0 0
-32.752 0.0 0
-32.742 0.0 0
-32.732 0.0 0
-32.722 0.0 0
-32.712 0.0 0
-32.702 0.0 0
-32.692 0.0 0
-32.682 0.0 0
-32.672 0.0 0
-32.662 0.0 0
-32.652 0.0 0
-32.642 0.0 0
-32.632 0.0 0
-32.622 0.0 0
-32.612 0.0 0
-32.602 0.0 0
-32.592 0.0 0
-32.582 0.0 0
-32.572 0.0 0
-32.562 0.0 0
-32.552 0.0 0
-32.542 0.0 0
-32.532 0.0 0
-32.522 0.0 0
-32.512 0.0 0
-32.502 0.0 0
-32.492 0.0 0
-32.482 0.0 0
-32.472 0.0 0
-32.462 0.0 0
-32.452 0.0 0
-32.442 0.0 0
-32.432 0.0 0
-32.422 0.0 0
-32.412 0.0 0
-32.402 0.0 0
-32.392 0.0 0
-32.382 0.0 0
-32.372 0.0 0
-32.362 0.0 0
-32.352 0.0 0
-32.342 0.0 0
-32.332 0.0 0
-32.322 0.0 0
-32.312 0.0 0
-32.302 0.0 0
-32.292 0.0 0
-32.282 0.0 0
-32.272 0.0 0
-32.262 0.0 0
-32.252 0.0 0
-32.242 0.0 0
-32.232 0.0 0
-32.222 0.0 0
-32.212 0.0 0
-32.202 0.0 0
-32.192 0.0 0
-32.182 0.0 0
-32.172 0.0 0
-32.162 0.0 0
-32.152 0.0 0
-32.142 0.0 0
-32.132 0.0 0
-32.122 0.0 0
-32.112 0.0 0
-32.102 0.0 0
-32.092 0.0 0
-32.082 0.0 0
-32.072 0.0 0
-32.062 0.0 0
-32.052 0.0 0
-32.042 0.0 0
-32.032 0.0 0
-32.022 0.0 0
-32.012 0.0 0
-32.002 0.0 0
-31.992 0.0 0
-31.982 0.0 0
-31.972 0.0 0
-31.962 0.0 0
-31.952 0.0 0
-31.942 0.0 0
-31.932 0.0 0
-31.922 0.0 0
-31.912 0.0 0
-31.902 0.0 0
-31.892 0.0 0
-31.882 0.0 0
-31.872 0.0 0
-31.862 0.0 0
-31.852 0.0 0
-31.842 0.0 0
-31.832 0.0 0
-31.822 0.0 0
-31.812 0.0 0
-31.802 0.0 0
-31.792 0.0 0
-31.782 0.0 0
-31.772 0.0 0
-31.762 0.0 0
-31.752 0.0 0
-31.742 0.0 0
-31.732 0.0 0
-31.722 0.0 0
-31.712 0.0 0
-31.702 0.0 0
-31.692 0.0 0
-31.682 0.0 0
-31.672 0.0 0
-31.662 0.0 0
-31.652 0.0 0
-31.642 0.0 0
-31.632 0.0 0
-31.622 0.0 0
-31.612 0.0 0
-31.602 0.0 0
-31.592 0.0 0
-31.582 0.0 0
-31.572 0.0 0
-31.562 0.0 0
-31.552 0.0 0
-31.542 0.0 0
-31.532 0.0 0
-31.522 0.0 0
-31.512 0.0 0
-31.502 0.0 0
-31.492 0.0 0
-31.482 0.0 0
-31.472 0.0 0
-31.462 0.0 0
-31.452 0.0 0
-31.442 0.0 0
-31.432 0.0 0
-31.422 0.0 0
-31.412 0.0 0
-31.402 0.0 0
-31.392 0.0 0
-31.382 0.0 0
-31.372 0.0 0
-31.362 0.0 0
-31.352 0.0 0
-31.342 0.0 0
-31.332 0.0 0
-31.322 0.0 0
-31.312 0.0 0
-31.302 0.0 0
-31.292 0.0 0
-31.282 0.0 0
-31.272 0.0 0
-31.262 0.0 0
-31.252 0.0 0
-31.242 0.0 0
-31.232 0.0 0
-31.222 0.0 0
-31.212 0.0 0
-31.202 0.0 0
-31.192 0.0 0
-31.182 0.0 0
-31.172 0.0 0
-31.162 0.0 0
-31.152 0.0 0
-31.142 0.0 0
-31.132 0.0 0
-31.122 0.0 0
-31.112 0.0 0
-31.102 0.0 0
-31.092 0.0 0
-31.082 0.0 0
-31.072 0.0 0
-31.062 0.0 0
-31.052 0.0 0
-31.042 0.0 0
-31.032 0.0 0
-31.022 0.0 0
-31.012 0.0 0
-31.002 0.0 0
-30.992 0.0 0
-30.982 0.0 0
-30.972 0.0 0
-30.962 0.0 0
-30.952 0.0 0
-30.942 0.0 0
-30.932 0.0 0
-30.922 0.0 0
-30.912 0.0 0
-30.902 0.0 0
-30.892 0.0 0
-30.882 0.0 0
-30.872 0.0 0
-30.862 0.0 0
-30.852 0.0 0
-30.842 0.0 0
-30.832 0.0 0
-30.822 0.0 0
-30.812 0.0 0
-30.802 0.0 0
-30.792 0.0 0
-30.782 0.0 0
-30.772 0.0 0
-30.762 0.0 0
-30.752 0.0 0
-30.742 0.0 0
-30.732 0.0 0
-30.722 0.0 0
-30.712 0.0 0
-30.702 0.0 0
-30.692 0.0 0
-30.682 0.0 0
-30.672 0.0 0
-30.662 0.0 0
-30.652 0.0 0
-30.642 0.0 0
-30.632 0.0 0
-30.622 0.0 0
-30.612 0.0 0
-30.602 0.0 0
-30.592 0.0 0
-30.582 0.0 0
-30.572 0.0 0
-30.562 0.0 0
-30.552 0.0 0
-30.542 0.0 0
-30.532 0.0 0
-30.522 0.0 0
-30.512 0.0 0
-30.502 0.0 0
-30.492 0.0 0
-30.482 0.0 0
-30.472 0.0 0
-30.462 0.0 0
-30.452 0.0 0
-30.442 0.0 0
-30.432 0.0 0
-30.422 0.0 0
-30.412 0.0 0
-30.402 0.0 0
-30.392 0.0 0
-30.382 0.0 0
-30.372 0.0 0
-30.362 0.0 0
-30.352 0.0 0
-30.342 0.0 0
-30.332 0.0 0
-30.322 0.0 0
-30.312 0.0 0
-30.302 0.0 0
-30.292 0.0 0
-30.282 0.0 0
-30.272 0.0 0
-30.262 0.0 0
-30.252 0.0 0
-30.242 0.0 0
-30.232 0.0 0
-30.222 0.0 0
-30.212 0.0 0
-30.202 0.0 0
-30.192 0.0 0
-30.182 0.0 0
-30.172 0.0 0
-30.162 0.0 0
-30.152 0.0 0
-30.142 0.0 0
-30.132 0.0 0
-30.122 0.0 0
-30.112 0.0 0
-30.102 0.0 0
-30.092 0.0 0
-30.082 0.0 0
-30.072 0.0 0
-30.062 0.0 0
-30.052 0.0 0
-30.042 0.0 0
-30.032 0.0 0
-30.022 0.0 0
-30.012 0.0 0
-30.002 0.0 0
-29.992 0.0 0
-29.982 0.0 0
-29.972 0.0 0
-29.962 0.0 0
-29.952 0.0 0
-29.942 0.0 0
-29.932 0.0 0
-29.922 0.0 0
-29.912 0.0 0
-29.902 0.0 0
-29.892 0.0 0
-29.882 0.0 0
-29.872 0.0 0
-29.862 0.0 0
-29.852 0.0 0
-29.842 0.0 0
-29.832 0.0 0
-29.822 0.0 0
-29.812 0.0 0
-29.802 0.0 0
-29.792 0.0 0
-29.782 0.0 0
-29.772 0.0 0
-29.762 0.0 0
-29.752 0.0 0
-29.742 0.0 0
-29.732 0.0 0
-29.722 0.0 0
-29.712 0.0 0
-29.702 0.0 0
-29.692 0.0 0
-29.682 0.0 0
-29.672 0.0 0
-29.662 0.0 0
-29.652 0.0 0
-29.642 0.0 0
-29.632 0.0 0
-29.622 0.0 0
-29.612 0.0 0
-29.602 0.0 0
-29.592 0.0 0
-29.582 0.0 0
-29.572 0.0 0
-29.562 0.0 0
-29.552 0.0 0
-29.542 0.0 0
-29.532 0.0 0
-29.522 0.0 0
-29.512 0.0 0
-29.502 0.0 0
-29.492 0.0 0
-29.482 0.0 0
-29.472 0.0 0
-29.462 0.0 0
-29.452 0.0 0
-29.442 0.0 0
-29.432 0.0 0
-29.422 0.0 0
-29.412 0.0 0
-29.402 0.0 0
-29.392 0.0 0
-29.382 0.0 0
-29.372 0.0 0
-29.362 0.0 0
-29.352 0.0 0
-29.342 0.0 0
-29.332 0.0 0
-29.322 0.0 0
-29.312 0.0 0
-29.302 0.0 0
-29.292 0.0 0
-29.282 0.0 0
-29.272 0.0 0
-29.262 0.0 0
-29.252 0.0 0
-29.242 0.0 0
-29.232 0.0 0
-29.222 0.0 0
-29.212 0.0 0
-29.202 0.0 0
-29.192 0.0 0
-29.182 0.0 0
-29.172 0.0 0
-29.162 0.0 0
-29.152 0.0 0
-29.142 0.0 0
-29.132 0.0 0
-29.122 0.0 0
-29.112 0.0 0
-29.102 0.0 0
-29.092 0.0 0
-29.082 0.0 0
-29.072 0.0 0
-29.062 0.0 0
-29.052 0.0 0
-29.042 0.0 0
-29.032 0.0 0
-29.022 0.0 0
-29.012 0.0 0
-29.002 0.0 0
-28.992 0.0 0
-28.982 0.0 0
-28.972 0.0 0
-28.962 0.0 0
-28.952 0.0 0
-28.942 0.0 0
-28.932 0.0 0
-28.922 0.0 0
-28.912 0.0 0
-28.902 0.0 0
-28.892 0.0 0
-28.882 0.0 0
-28.872 0.0 0
-28.862 0.0 0
-28.852 0.0 0
-28.842 0.0 0
-28.832 0.0 0
-28.822 0.0 0
-28.812 0.0 0
-28.802 0.0 0
-28.792 0.0 0
-28.782 0.0 0
-28.772 0.0 0
-28.762 0.0 0
-28.752 0.0 0
-28.742 0.0 0
-28.732 0.0 0
-28.722 0.0 0
-28.712 0.0 0
-28.702 0.0 0
-28.692 0.0 0
-28.682 0.0 0
-28.672 0.0 0
-28.662 0.0 0
-28.652 0.0 0
-28.642 0.0 0
-28.632 0.0 0
-28.622 0.0 0
-28.612 0.0 0
-28.602 0.0 0
-28.592 0.0 0
-28.582 0.0 0
-28.572 0.0 0
-28.562 0.0 0
-28.552 0.0 0
-28.542 0.0 0
-28.532 0.0 0
-28.522 0.0 0
-28.512 0.0 0
-28.502 0.0 0
-28.492 0.0 0
-28.482 0.0 0
-28.472 0.0 0
-28.462 0.0 0
-28.452 0.0 0
-28.442 0.0 0
-28.432 0.0 0
-28.422 0.0 0
-28.412 0.0 0
-28.402 0.0 0
-28.392 0.0 0
-28.382 0.0 0
-28.372 0.0 0
-28.362 0.0 0
-28.352 0.0 0
-28.342 0.0 0
-28.332 0.0 0
-28.322 0.0 0
-28.312 0.0 0
-28.302 0.0 0
-28.292 0.0 0
-28.282 0.0 0
-28.272 0.0 0
-28.262 0.0 0
-28.252 0.0 0
-28.242 0.0 0
-28.232 0.0 0
-28.222 0.0 0
-28.212 0.0 0
-28.202 0.0 0
-28.192 0.0 0
-28.182 0.0 0
-28.172 0.0 0
-28.162 0.0 0
-28.152 0.0 0
-28.142 0.0 0
-28.132 0.0 0
-28.122 0.0 0
-28.112 0.0 0
-28.102 0.0 0
-28.092 0.0 0
-28.082 0.0 0
-28.072 0.0 0
-28.062 0.0 0
-28.052 0.0 0
-28.042 0.0 0
-28.032 0.0 0
-28.022 0.0 0
-28.012 0.0 0
-28.002 0.0 0
-27.992 0.0 0
-27.982 0.0 0
-27.972 0.0 0
-27.962 0.0 0
-27.952 0.0 0
-27.942 0.0 0
-27.932 0.0 0
-27.922 0.0 0
-27.912 0.0 0
-27.902 0.0 0
-27.892 0.0 0
-27.882 0.0 0
-27.872 0.0 0
-27.862 0.0 0
-27.852 0.0 0
-27.842 0.0 0
-27.832 0.0 0
-27.822 0.0 0
-27.812 0.0 0
-27.802 0.0 0
-27.792 0.0 0
-27.782 0.0 0
-27.772 0.0 0
-27.762 0.0 0
-27.752 0.0 0
-27.742 0.0 0
-27.732 0.0 0
-27.722 0.0 0
-27.712 0.0 0
-27.702 0.0 0
-27.692 0.0 0
-27.682 0.0 0
-27.672 0.0 0
-27.662 0.0 0
-27.652 0.0 0
-27.642 0.0 0
-27.632 0.0 0
-27.622 0.0 0
-27.612 0.0 0
-27.602 0.0 0
-27.592 0.0 0
-27.582 0.0 0
-27.572 0.0 0
-27.562 0.0 0
-27.552 0.0 0
-27.542 0.0 0
-27.532 0.0 0
-27.522 0.0 0
-27.512 0.0 0
-27.502 0.0 0
-27.492 0.0 0
-27.482 0.0 0
-27.472 0.0 0
-27.462 0.0 0
-27.452 0.0 0
-27.442 0.0 0
-27.432 0.0 0
-27.422 0.0 0
-27.412 0.0 0
-27.402 0.0 0
-27.392 0.0 0
-27.382 0.0 0
-27.372 0.0 0
-27.362 0.0 0
-27.352 0.0 0
-27.342 0.0 0
-27.332 0.0 0
-27.322 0.0 0
-27.312 0.0 0
-27.302 0.0 0
-27.292 0.0 0
-27.282 0.0 0
-27.272 0.0 0
-27.262 0.0 0
-27.252 0.0 0
-27.242 0.0 0
-27.232 0.0 0
-27.222 0.0 0
-27.212 0.0 0
-27.202 0.0 0
-27.192 0.0 0
-27.182 0.0 0
-27.172 0.0 0
-27.162 0.0 0
-27.152 0.0 0
-27.142 0.0 0
-27.132 0.0 0
-27.122 0.0 0
-27.112 0.0 0
-27.102 0.0 0
-27.092 0.0 0
-27.082 0.0 0
-27.072 0.0 0
-27.062 0.0 0
-27.052 0.0 0
-27.042 0.0 0
-27.032 0.0 0
-27.022 0.0 0
-27.012 0.0 0
-27.002 0.0 0
-26.992 0.0 0
-26.982 0.0 0
-26.972 0.0 0
-26.962 0.0 0
-26.952 0.0 0
-26.942 0.0 0
-26.932 0.0 0
-26.922 0.0 0
-26.912 0.0 0
-26.902 0.0 0
-26.892 0.0 0
-26.882 0.0 0
-26.872 0.0 0
-26.862 0.0 0
-26.852 0.0 0
-26.842 0.0 0
-26.832 0.0 0
-26.822 0.0 0
-26.812 0.0 0
-26.802 0.0 0
-26.792 0.0 0
-26.782 0.0 0
-26.772 0.0 0
-26.762 0.0 0
-26.752 0.0 0
-26.742 0.0 0
-26.732 0.0 0
-26.722 0.0 0
-26.712 0.0 0
-26.702 0.0 0
-26.692 0.0 0
-26.682 0.0 0
-26.672 0.0 0
-26.662 0.0 0
-26.652 0.0 0
-26.642 0.0 0
-26.632 0.0 0
-26.622 0.0 0
-26.612 0.0 0
-26.602 0.0 0
-26.592 0.0 0
-26.582 0.0 0
-26.572 0.0 0
-26.562 0.0 0
-26.552 0.0 0
-26.542 0.0 0
-26.532 0.0 0
-26.522 0.0 0
-26.512 0.0 0
-26.502 0.0 0
-26.492 0.0 0
-26.482 0.0 0
-26.472 0.0 0
-26.462 0.0 0
-26.452 0.0 0
-26.442 0.0 0
-26.432 0.0 0
-26.422 0.0 0
-26.412 0.0 0
-26.402 0.0 0
-26.392 0.0 0
-26.382 0.0 0
-26.372 0.0 0
-26.362 0.0 0
-26.352 0.0 0
-26.342 0.0 0
-26.332 0.0 0
-26.322 0.0 0
-26.312 0.0 0
-26.302 0.0 0
-26.292 0.0 0
-26.282 0.0 0
-26.272 0.0 0
-26.262 0.0 0
-26.252 0.0 0
-26.242 0.0 0
-26.232 0.0 0
-26.222 0.0 0
-26.212 0.0 0
-26.202 0.0 0
-26.192 0.0 0
-26.182 0.0 0
-26.172 0.0 0
-26.162 0.0 0
-26.152 0.0 0
-26.142 0.0 0
-26.132 0.0 0
-26.122 0.0 0
-26.112 0.0 0
-26.102 0.0 0
-26.092 0.0 0
-26.082 0.0 0
-26.072 0.0 0
-26.062 0.0 0
-26.052 0.0 0
-26.042 0.0 0
-26.032 0.0 0
-26.022 0.0 0
-26.012 0.0 0
-26.002 0.0 0
-25.992 0.0 0
-25.982 0.0 0
-25.972 0.0 0
-25.962 0.0 0
-25.952 0.0 0
-25.942 0.0 0
-25.932 0.0 0
-25.922 0.0 0
-25.912 0.0 0
-25.902 0.0 0
-25.892 0.0 0
-25.882 0.0 0
-25.872 0.0 0
-25.862 0.0 0
-25.852 0.0 0
-25.842 0.0 0
-25.832 0.0 0
-25.822 0.0 0
-25.812 0.0 0
-25.802 0.0 0
-25.792 0.0 0
-25.782 0.0 0
-25.772 0.0 0
-25.762 0.0 0
-25.752 0.0 0
-25.742 0.0 0
-25.732 0.0 0
-25.722 0.0 0
-25.712 0.0 0
-25.702 0.0 0
-25.692 0.0 0
-25.682 0.0 0
-25.672 0.0 0
-25.662 0.0 0
-25.652 0.0 0
-25.642 0.0 0
-25.632 0.0 0
-25.622 0.0 0
-25.612 0.0 0
-25.602 0.0 0
-25.592 0.0 0
-25.582 0.0 0
-25.572 0.0 0
-25.562 0.0 0
-25.552 0.0 0
-25.542 0.0 0
-25.532 0.0 0
-25.522 0.0 0
-25.512 0.0 0
-25.502 0.0 0
-25.492 0.0 0
-25.482 0.0 0
-25.472 0.0 0
-25.462 0.0 0
-25.452 0.0 0
-25.442 0.0 0
-25.432 0.0 0
-25.422 0.0 0
-25.412 0.0 0
-25.402 0.0 0
-25.392 0.0 0
-25.382 0.0 0
-25.372 0.0 0
-25.362 0.0 0
-25.352 0.0 0
-25.342 0.0 0
-25.332 0.0 0
-25.322 0.0 0
-25.312 0.0 0
-25.302 0.0 0
-25.292 0.0 0
-25.282 0.0 0
-25.272 0.0 0
-25.262 0.0 0
-25.252 0.0 0
-25.242 0.0 0
-25.232 0.0 0
-25.222 0.0 0
-25.212 0.0 0
-25.202 0.0 0
-25.192 0.0 0
-25.182 0.0 0
-25.172 0.0 0
-25.162 0.0 0
-25.152 0.0 0
-25.142 0.0 0
-25.132 0.0 0
-25.122 0.0 0
-25.112 0.0 0
-25.102 0.0 0
-25.092 0.0 0
-25.082 0.0 0
-25.072 0.0 0
-25.062 0.0 0
-25.052 0.0 0
-25.042 0.0 0
-25.032 0.0 0
-25.022 0.0 0
-25.012 0.0 0
-25.002 0.0 0
-24.992 0.0 0
-24.982 0.0 0
-24.972 0.0 0
-24.962 0.0 0
-24.952 0.0 0
-24.942 0.0 0
-24.932 0.0 0
-24.922 0.0 0
-24.912 0.0 0
-24.902 0.0 0
-24.892 0.0 0
-24.882 0.0 0
-24.872 0.0 0
-24.862 0.0 0
-24.852 0.0 0
-24.842 0.0 0
-24.832 0.0 0
-24.822 0.0 0
-24.812 0.0 0
-24.802 0.0 0
-24.792 0.0 0
-24.782 0.0 0
-24.772 0.0 0
-24.762 0.0 0
-24.752 0.0 0
-24.742 0.0 0
-24.732 0.0 0
-24.722 0.0 0
-24.712 0.0 0
-24.702 0.0 0
-24.692 0.0 0
-24.682 0.0 0
-24.672 0.0 0
-24.662 0.0 0
-24.652 0.0 0
-24.642 0.0 0
-24.632 0.0 0
-24.622 0.0 0
-24.612 0.0 0
-24.602 0.0 0
-24.592 0.0 0
-24.582 0.0 0
-24.572 0.0 0
-24.562 0.0 0
-24.552 0.0 0
-24.542 0.0 0
-24.532 0.0 0
-24.522 0.0 0
-24.512 0.0 0
-24.502 0.0 0
-24.492 0.0 0
-24.482 0.0 0
-24.472 0.0 0
-24.462 0.0 0
-24.452 0.0 0
-24.442 0.0 0
-24.432 0.0 0
-24.422 0.0 0
-24.412 0.0 0
-24.402 0.0 0
-24.392 0.0 0
-24.382 0.0 0
-24.372 0.0 0
-24.362 0.0 0
-24.352 0.0 0
-24.342 0.0 0
-24.332 0.0 0
-24.322 0.0 0
-24.312 0.0 0
-24.302 0.0 0
-24.292 0.0 0
-24.282 0.0 0
-24.272 0.0 0
-24.262 0.0 0
-24.252 0.0 0
-24.242 0.0 0
-24.232 0.0 0
-24.222 0.0 0
-24.212 0.0 0
-24.202 0.0 0
-24.192 0.0 0
-24.182 0.0 0
-24.172 0.0 0
-24.162 0.0 0
-24.152 0.0 0
-24.142 0.0 0
-24.132 0.0 0
-24.122 0.0 0
-24.112 0.0 0
-24.102 0.0 0
-24.092 0.0 0
-24.082 0.0 0
-24.072 0.0 0
-24.062 0.0 0
-24.052 0.0 0
-24.042 0.0 0
-24.032 0.0 0
-24.022 0.0 0
-24.012 0.0 0
-24.002 0.0 0
-23.992 0.0 0
-23.982 0.0 0
-23.972 0.0 0
-23.962 0.0 0
-23.952 0.0 0
-23.942 0.0 0
-23.932 0.0 0
-23.922 0.0 0
-23.912 0.0 0
-23.902 0.0 0
-23.892 0.0 0
-23.882 0.0 0
-23.872 0.0 0
-23.862 0.0 0
-23.852 0.0 0
-23.842 0.0 0
-23.832 0.0 0
-23.822 0.0 0
-23.812 0.0 0
-23.802 0.0 0
-23.792 0.0 0
-23.782 0.0 0
-23.772 0.0 0
-23.762 0.0 0
-23.752 0.0 0
-23.742 0.0 0
-23.732 0.0 0
-23.722 0.0 0
-23.712 0.0 0
-23.702 0.0 0
-23.692 0.0 0
-23.682 0.0 0
-23.672 0.0 0
-23.662 0.0 0
-23.652 0.0 0
-23.642 0.0 0
-23.632 0.0 0
-23.622 0.0 0
-23.612 0.0 0
-23.602 0.0 0
-23.592 0.0 0
-23.582 0.0 0
-23.572 0.0 0
-23.562 0.0 0
-23.552 0.0 0
-23.542 0.0 0
-23.532 0.0 0
-23.522 0.0 0
-23.512 0.0 0
-23.502 0.0 0
-23.492 0.0 0
-23.482 0.0 0
-23.472 0.0 0
-23.462 0.0 0
-23.452 0.0 0
-23.442 0.0 0
-23.432 0.0 0
-23.422 0.0 0
-23.412 0.0 0
-23.402 0.0 0
-23.392 0.0 0
-23.382 0.0 0
-23.372 0.0 0
-23.362 0.0 0
-23.352 0.0 0
-23.342 0.0 0
-23.332 0.0 0
-23.322 0.0 0
-23.312 0.0 0
-23.302 0.0 0
-23.292 0.0 0
-23.282 0.0 0
-23.272 0.0 0
-23.262 0.0 0
-23.252 0.0 0
-23.242 0.0 0
-23.232 0.0 0
-23.222 0.0 0
-23.212 0.0 0
-23.202 0.0 0
-23.192 0.0 0
-23.182 0.0 0
-23.172 0.0 0
-23.162 0.0 0
-23.152 0.0 0
-23.142 0.0 0
-23.132 0.0 0
-23.122 0.0 0
-23.112 0.0 0
-23.102 0.0 0
-23.092 0.0 0
-23.082 0.0 0
-23.072 0.0 0
-23.062 0.0 0
-23.052 0.0 0
-23.042 0.0 0
-23.032 0.0 0
-23.022 0.0 0
-23.012 0.0 0
-23.002 0.0 0
-22.992 0.0 0
-22.982 0.0 0
-22.972 0.0 0
-22.962 0.0 0
-22.952 0.0 0
-22.942 0.0 0
-22.932 0.0 0
-22.922 0.0 0
-22.912 0.0 0
-22.902 0.0 0
-22.892 0.0 0
-22.882 0.0 0
-22.872 0.0 0
-22.862 0.0 0
-22.852 0.0 0
-22.842 0.0 0
-22.832 0.0 0
-22.822 0.0 0
-22.812 0.0 0
-22.802 0.0 0
-22.792 0.0 0
-22.782 0.0 0
-22.772 0.0 0
-22.762 0.0 0
-22.752 0.0 0
-22.742 0.0 0
-22.732 0.0 0
-22.722 0.0 0
-22.712 0.0 0
-22.702 0.0 0
-22.692 0.0 0
-22.682 0.0 0
-22.672 0.0 0
-22.662 0.0 0
-22.652 0.0 0
-22.642 0.0 0
-22.632 0.0 0
-22.622 0.0 0
-22.612 0.0 0
-22.602 0.0 0
-22.592 0.0 0
-22.582 0.0 0
-22.572 0.0 0
-22.562 0.0 0
-22.552 0.0 0
-22.542 0.0 0
-22.532 0.0 0
-22.522 0.0 0
-22.512 0.0 0
-22.502 0.0 0
-22.492 0.0 0
-22.482 0.0 0
-22.472 0.0 0
-22.462 0.0 0
-22.452 0.0 0
-22.442 0.0 0
-22.432 0.0 0
-22.422 0.0 0
-22.412 0.0 0
-22.402 0.0 0
-22.392 0.0 0
-22.382 0.0 0
-22.372 0.0 0
-22.362 0.0 0
-22.352 0.0 0
-22.342 0.0 0
-22.332 0.0 0
-22.322 0.0 0
-22.312 0.0 0
-22.302 0.0 0
-22.292 0.0 0
-22.282 0.0 0
-22.272 0.0 0
-22.262 0.0 0
-22.252 0.0 0
-22.242 0.0 0
-22.232 0.0 0
-22.222 0.0 0
-22.212 0.0 0
-22.202 0.0 0
-22.192 0.0 0
-22.182 0.0 0
-22.172 0.0 0
-22.162 0.0 0
-22.152 0.0 0
-22.142 0.0 0
-22.132 0.0 0
-22.122 0.0 0
-22.112 0.0 0
-22.102 0.0 0
-22.092 0.0 0
-22.082 0.0 0
-22.072 0.0 0
-22.062 0.0 0
-22.052 0.0 0
-22.042 0.0 0
-22.032 0.0 0
-22.022 0.0 0
-22.012 0.0 0
-22.002 0.0 0
-21.992 0.0 0
-21.982 0.0 0
-21.972 0.0 0
-21.962 0.0 0
-21.952 0.0 0
-21.942 0.0 0
-21.932 0.0 0
-21.922 0.0 0
-21.912 0.0 0
-21.902 0.0 0
-21.892 0.0 0
-21.882 0.0 0
-21.872 0.0 0
-21.862 0.0 0
-21.852 0.0 0
-21.842 0.0 0
-21.832 0.0 0
-21.822 0.0 0
-21.812 0.0 0
-21.802 0.0 0
-21.792 0.0 0
-21.782 0.0 0
-21.772 0.0 0
-21.762 0.0 0
-21.752 0.0 0
-21.742 0.0 0
-21.732 0.0 0
-21.722 0.0 0
-21.712 0.0 0
-21.702 0.0 0
-21.692 0.0 0
-21.682 0.0 0
-21.672 0.0 0
-21.662 0.0 0
-21.652 0.0 0
-21.642 0.0 0
-21.632 0.0 0
-21.622 0.0 0
-21.612 0.0 0
-21.602 0.0 0
-21.592 0.0 0
-21.582 0.0 0
-21.572 0.0 0
-21.562 0.0 0
-21.552 0.0 0
-21.542 0.0 0
-21.532 0.0 0
-21.522 0.0 0
-21.512 0.0 0
-21.502 0.0 0
-21.492 0.0 0
-21.482 0.0 0
-21.472 0.0 0
-21.462 0.0 0
-21.452 0.0 0
-21.442 0.0 0
-21.432 0.0 0
-21.422 0.0 0
-21.412 0.0 0
-21.402 0.0 0
-21.392 0.0 0
-21.382 0.0 0
-21.372 0.0 0
-21.362 0.0 0
-21.352 0.0 0
-21.342 0.0 0
-21.332 0.0 0
-21.322 0.0 0
-21.312 0.0 0
-21.302 0.0 0
-21.292 0.0 0
-21.282 0.0 0
-21.272 0.0 0
-21.262 0.0 0
-21.252 0.0 0
-21.242 0.0 0
-21.232 0.0 0
-21.222 0.0 0
-21.212 0.0 0
-21.202 0.0 0
-21.192 0.0 0
-21.182 0.0 0
-21.172 0.0 0
-21.162 0.0 0
-21.152 0.0 0
-21.142 0.0 0
-21.132 0.0 0
-21.122 0.0 0
-21.112 0.0 0
-21.102 0.0 0
-21.092 0.0 0
-21.082 0.0 0
-21.072 0.0 0
-21.062 0.0 0
-21.052 0.0 0
-21.042 0.0 0
-21.032 0.0 0
-21.022 0.0 0
-21.012 0.0 0
-21.002 0.0 0
-20.992 0.0 0
-20.982 0.0 0
-20.972 0.0 0
-20.962 0.0 0
-20.952 0.0 0
-20.942 0.0 0
-20.932 0.0 0
-20.922 0.0 0
-20.912 0.0 0
-20.902 0.0 0
-20.892 0.0 0
-20.882 0.0 0
-20.872 0.0 0
-20.862 0.0 0
-20.852 0.0 0
-20.842 0.0 0
-20.832 0.0 0
-20.822 0.0 0
-20.812 0.0 0
-20.802 0.0 0
-20.792 0.0 0
-20.782 0.0 0
-20.772 0.0 0
-20.762 0.0 0
-20.752 0.0 0
-20.742 0.0 0
-20.732 0.0 0
-20.722 0.0 0
-20.712 0.0 0
-20.702 0.0 0
-20.692 0.0 0
-20.682 0.0 0
-20.672 0.0 0
-20.662 0.0 0
-20.652 0.0 0
-20.642 0.0 0
-20.632 0.0 0
-20.622 0.0 0
-20.612 0.0 0
-20.602 0.0 0
-20.592 0.0 0
-20.582 0.0 0
-20.572 0.0 0
-20.562 0.0 0
-20.552 0.0 0
-20.542 0.0 0
-20.532 0.0 0
-20.522 0.0 0
-20.512 0.0 0
-20.502 0.0 0
-20.492 0.0 0
-20.482 0.0 0
-20.472 0.0 0
-20.462 0.0 0
-20.452 0.0 0
-20.442 0.0 0
-20.432 0.0 0
-20.422 0.0 0
-20.412 0.0 0
-20.402 0.0 0
-20.392 0.0 0
-20.382 0.0 0
-20.372 0.0 0
-20.362 0.0 0
-20.352 0.0 0
-20.342 0.0 0
-20.332 0.0 0
-20.322 0.0 0
-20.312 0.0 0
-20.302 0.0 0
-20.292 0.0 0
-20.282 0.0 0
-20.272 0.0 0
-20.262 0.0 0
-20.252 0.0 0
-20.242 0.0 0
-20.232 0.0 0
-20.222 0.0 0
-20.212 0.0 0
-20.202 0.0 0
-20.192 0.0 0
-20.182 0.0 0
-20.172 0.0 0
-20.162 0.0 0
-20.152 0.0 0
-20.142 0.0 0
-20.132 0.0 0
-20.122 0.0 0
-20.112 0.0 0
-20.102 0.0 0
-20.092 0.0 0
-20.082 0.0 0
-20.072 0.0 0
-20.062 0.0 0
-20.052 0.0 0
-20.042 0.0 0
-20.032 0.0 0
-20.022 0.0 0
-20.012 0.0 0
-20.002 0.0 0
-19.992 0.0 0
-19.982 0.0 0
-19.972 0.0 0
-19.962 0.0 0
-19.952 0.0 0
-19.942 0.0 0
-19.932 0.0 0
-19.922 0.0 0
-19.912 0.0 0
-19.902 0.0 0
-19.892 0.0 0
-19.882 0.0 0
-19.872 0.0 0
-19.862 0.0 0
-19.852 0.0 0
-19.842 0.0 0
-19.832 0.0 0
-19.822 0.0 0
-19.812 0.0 0
-19.802 0.0 0
-19.792 0.0 0
-19.782 0.0 0
-19.772 0.0 0
-19.762 0.0 0
-19.752 0.0 0
-19.742 0.0 0
-19.732 0.0 0
-19.722 0.0 0
-19.712 0.0 0
-19.702 0.0 0
-19.692 0.0 0
-19.682 0.0 0
-19.672 0.0 0
-19.662 0.0 0
-19.652 0.0 0
-19.642 0.0 0
-19.632 0.0 0
-19.622 0.0 0
-19.612 0.0 0
-19.602 0.0 0
-19.592 0.0 0
-19.582 0.0 0
-19.572 0.0 0
-19.562 0.0 0
-19.552 0.0 0
-19.542 0.0 0
-19.532 0.0 0
-19.522 0.0 0
-19.512 0.0 0
-19.502 0.0 0
-19.492 0.0 0
-19.482 0.0 0
-19.472 0.0 0
-19.462 0.0 0
-19.452 0.0 0
-19.442 0.0 0
-19.432 0.0 0
-19.422 0.0 0
-19.412 0.0 0
-19.402 0.0 0
-19.392 0.0 0
-19.382 0.0 0
-19.372 0.0 0
-19.362 0.0 0
-19.352 0.0 0
-19.342 0.0 0
-19.332 0.0 0
-19.322 0.0 0
-19.312 0.0 0
-19.302 0.0 0
-19.292 0.0 0
-19.282 0.0 0
-19.272 0.0 0
-19.262 0.0 0
-19.252 0.0 0
-19.242 0.0 0
-19.232 0.0 0
-19.222 0.0 0
-19.212 0.0 0
-19.202 0.0 0
-19.192 0.0 0
-19.182 0.0 0
-19.172 0.0 0
-19.162 0.0 0
-19.152 0.0 0
-19.142 0.0 0
-19.132 0.0 0
-19.122 0.0 0
-19.112 0.0 0
-19.102 0.0 0
-19.092 0.0 0
-19.082 0.0 0
-19.072 0.0 0
-19.062 0.0 0
-19.052 0.0 0
-19.042 0.0 0
-19.032 0.0 0
-19.022 0.0 0
-19.012 0.0 0
-19.002 0.0 0
-18.992 0.0 0
-18.982 0.0 0
-18.972 0.0 0
-18.962 0.0 0
-18.952 0.0 0
-18.942 0.0 0
-18.932 0.0 0
-18.922 0.0 0
-18.912 0.0 0
-18.902 0.0 0
-18.892 0.0 0
-18.882 0.0 0
-18.872 0.0 0
-18.862 0.0 0
-18.852 0.0 0
-18.842 0.0 0
-18.832 0.0 0
-18.822 0.0 0
-18.812 0.0 0
-18.802 0.0 0
-18.792 0.0 0
-18.782 0.0 0
-18.772 0.0 0
-18.762 0.0 0
-18.752 0.0 0
-18.742 0.0 0
-18.732 0.0 0
-18.722 0.0 0
-18.712 0.0 0
-18.702 0.0 0
-18.692 0.0 0
-18.682 0.0 0
-18.672 0.0 0
-18.662 0.0 0
-18.652 0.0 0
-18.642 0.0 0
-18.632 0.0 0
-18.622 0.0 0
-18.612 0.0 0
-18.602 0.0 0
-18.592 0.0 0
-18.582 0.0 0
-18.572 0.0 0
-18.562 0.0 0
-18.552 0.0 0
-18.542 0.0 0
-18.532 0.0 0
-18.522 0.0 0
-18.512 0.0 0
-18.502 0.0 0
-18.492 0.0 0
-18.482 0.0 0
-18.472 0.0 0
-18.462 0.0 0
-18.452 0.0 0
-18.442 0.0 0
-18.432 0.0 0
-18.422 0.0 0
-18.412 0.0 0
-18.402 0.0 0
-18.392 0.0 0
-18.382 0.0 0
-18.372 0.0 0
-18.362 0.0 0
-18.352 0.0 0
-18.342 0.0 0
-18.332 0.0 0
-18.322 0.0 0
-18.312 0.0 0
-18.302 0.0 0
-18.292 0.0 0
-18.282 0.0 0
-18.272 0.0 0
-18.262 0.0 0
-18.252 0.0 0
-18.242 0.0 0
-18.232 0.0 0
-18.222 0.0 0
-18.212 0.0 0
-18.202 0.0 0
-18.192 0.0 0
-18.182 0.0 0
-18.172 0.0 0
-18.162 0.0 0
-18.152 0.0 0
-18.142 0.0 0
-18.132 0.0 0
-18.122 0.0 0
-18.112 0.0 0
-18.102 0.0 0
-18.092 0.0 0
-18.082 0.0 0
-18.072 0.0 0
-18.062 0.0 0
-18.052 0.0 0
-18.042 0.0 0
-18.032 0.0 0
-18.022 0.0 0
-18.012 0.0 0
-18.002 0.0 0
-17.992 0.0 0
-17.982 0.0 0
-17.972 0.0 0
-17.962 0.0 0
-17.952 0.0 0
-17.942 0.0 0
-17.932 0.0 0
-17.922 0.0 0
-17.912 0.0 0
-17.902 0.0 0
-17.892 0.0 0
-17.882 0.0 0
-17.872 0.0 0
-17.862 0.0 0
-17.852 0.0 0
-17.842 0.0 0
-17.832 0.0 0
-17.822 0.0 0
-17.812 0.0 0
-17.802 0.0 0
-17.792 0.0 0
-17.782 0.0 0
-17.772 0.0 0
-17.762 0.0 0
-17.752 0.0 0
-17.742 0.0 0
-17.732 0.0 0
-17.722 0.0 0
-17.712 0.0 0
-17.702 0.0 0
-17.692 0.0 0
-17.682 0.0 0
-17.672 0.0 0
-17.662 0.0 0
-17.652 0.0 0
-17.642 0.0 0
-17.632 0.0 0
-17.622 0.0 0
-17.612 0.0 0
-17.602 0.0 0
-17.592 0.0 0
-17.582 0.0 0
-17.572 0.0 0
-17.562 0.0 0
-17.552 0.0 0
-17.542 0.0 0
-17.532 0.0 0
-17.522 0.0 0
-17.512 0.0 0
-17.502 0.0 0
-17.492 0.0 0
-17.482 0.0 0
-17.472 0.0 0
-17.462 0.0 0
-17.452 0.0 0
-17.442 0.0 0
-17.432 0.0 0
-17.422 0.0 0
-17.412 0.0 0
-17.402 0.0 0
-17.392 0.0 0
-17.382 0.0 0
-17.372 0.0 0
-17.362 0.0 0
-17.352 0.0 0
-17.342 0.0 0
-17.332 0.0 0
-17.322 0.0 0
-17.312 0.0 0
-17.302 0.0 0
-17.292 0.0 0
-17.282 0.0 0
-17.272 0.0 0
-17.262 0.0 0
-17.252 0.0 0
-17.242 0.0 0
-17.232 0.0 0
-17.222 0.0 0
-17.212 0.0 0
-17.202 0.0 0
-17.192 0.0 0
-17.182 0.0 0
-17.172 0.0 0
-17.162 0.0 0
-17.152 0.0 0
-17.142 0.0 0
-17.132 0.0 0
-17.122 0.0 0
-17.112 0.0 0
-17.102 0.0 0
-17.092 0.0 0
-17.082 0.0 0
-17.072 0.0 0
-17.062 0.0 0
-17.052 0.0 0
-17.042 0.0 0
-17.032 0.0 0
-17.022 0.0 0
-17.012 0.0 0
-17.002 0.0 0
-16.992 0.0 0
-16.982 0.0 0
-16.972 0.0 0
-16.962 0.0 0
-16.952 0.0 0
-16.942 0.0 0
-16.932 0.0 0
-16.922 0.0 0
-16.912 0.0 0
-16.902 0.0 0
-16.892 0.0 0
-16.882 0.0 0
-16.872 0.0 0
-16.862 0.0 0
-16.852 0.0 0
-16.842 0.0 0
-16.832 0.0 0
-16.822 0.0 0
-16.812 0.0 0
-16.802 0.0 0
-16.792 0.0 0
-16.782 0.0 0
-16.772 0.0 0
-16.762 0.0 0
-16.752 0.0 0
-16.742 0.0 0
-16.732 0.0 0
-16.722 0.0 0
-16.712 0.0 0
-16.702 0.0 0
-16.692 0.0 0
-16.682 0.0 0
-16.672 0.0 0
-16.662 0.0 0
-16.652 0.0 0
-16.642 0.0 0
-16.632 0.0 0
-16.622 0.0 0
-16.612 0.0 0
-16.602 0.0 0
-16.592 0.0 0
-16.582 0.0 0
-16.572 0.0 0
-16.562 0.0 0
-16.552 0.0 0
-16.542 0.0 0
-16.532 0.0 0
-16.522 0.0 0
-16.512 0.0 0
-16.502 0.0 0
-16.492 0.0 0
-16.482 0.0 0
-16.472 0.0 0
-16.462 0.0 0
-16.452 0.0 0
-16.442 0.0 0
-16.432 0.0 0
-16.422 0.0 0
-16.412 0.0 0
-16.402 0.0 0
-16.392 0.0 0
-16.382 0.0 0
-16.372 0.0 0
-16.362 0.0 0
-16.352 0.0 0
-16.342 0.0 0
-16.332 0.0 0
-16.322 0.0 0
-16.312 0.0 0
-16.302 0.0 0
-16.292 0.0 0
-16.282 0.0 0
-16.272 0.0 0
-16.262 0.0 0
-16.252 0.0 0
-16.242 0.0 0
-16.232 0.0 0
-16.222 0.0 0
-16.212 0.0 0
-16.202 0.0 0
-16.192 0.0 0
-16.182 0.0 0
-16.172 0.0 0
-16.162 0.0 0
-16.152 0.0 0
-16.142 0.0 0
-16.132 0.0 0
-16.122 0.0 0
-16.112 0.0 0
-16.102 0.0 0
-16.092 0.0 0
-16.082 0.0 0
-16.072 0.0 0
-16.062 0.0 0
-16.052 0.0 0
-16.042 0.0 0
-16.032 0.0 0
-16.022 0.0 0
-16.012 0.0 0
-16.002 0.0 0
-15.992 0.0 0
-15.982 0.0 0
-15.972 0.0 0
-15.962 0.0 0
-15.952 0.0 0
-15.942 0.0 0
-15.932 0.0 0
-15.922 0.0 0
-15.912 0.0 0
-15.902 0.0 0
-15.892 0.0 0
-15.882 0.0 0
-15.872 0.0 0
-15.862 0.0 0
-15.852 0.0 0
-15.842 0.0 0
-15.832 0.0 0
-15.822 0.0 0
-15.812 0.0 0
-15.802 0.0 0
-15.792 0.0 0
-15.782 0.0 0
-15.772 0.0 0
-15.762 0.0 0
-15.752 0.0 0
-15.742 0.0 0
-15.732 0.0 0
-15.722 0.0 0
-15.712 0.0 0
-15.702 0.0 0
-15.692 0.0 0
-15.682 0.0 0
-15.672 0.0 0
-15.662 0.0 0
-15.652 0.0 0
-15.642 0.0 0
-15.632 0.0 0
-15.622 0.0 0
-15.612 0.0 0
-15.602 0.0 0
-15.592 0.0 0
-15.582 0.0 0
-15.572 0.0 0
-15.562 0.0 0
-15.552 0.0 0
-15.542 0.0 0
-15.532 0.0 0
-15.522 0.0 0
-15.512 0.0 0
-15.502 0.0 0
-15.492 0.0 0
-15.482 0.0 0
-15.472 0.0 0
-15.462 0.0 0
-15.452 0.0 0
-15.442 0.0 0
-15.432 0.0 0
-15.422 0.0 0
-15.412 0.0 0
-15.402 0.0 0
-15.392 0.0 0
-15.382 0.0 0
-15.372 0.0 0
-15.362 0.0 0
-15.352 0.0 0
-15.342 0.0 0
-15.332 0.0 0
-15.322 0.0 0
-15.312 0.0 0
-15.302 0.0 0
-15.292 0.0 0
-15.282 0.0 0
-15.272 0.0 0
-15.262 0.0 0
-15.252 0.0 0
-15.242 0.0 0
-15.232 0.0 0
-15.222 0.0 0
-15.212 0.0 0
-15.202 0.0 0
-15.192 0.0 0
-15.182 0.0 0
-15.172 0.0 0
-15.162 0.0 0
-15.152 0.0 0
-15.142 0.0 0
-15.132 0.0 0
-15.122 0.0 0
-15.112 0.0 0
-15.102 0.0 0
-15.092 0.0 0
-15.082 0.0 0
-15.072 0.0 0
-15.062 0.0 0
-15.052 0.0 0
-15.042 0.0 0
-15.032 0.0 0
-15.022 0.0 0
-15.012 0.0 0
-15.002 0.0 0
-14.992 0.0 0
-14.982 0.0 0
-14.972 0.0 0
-14.962 0.0 0
-14.952 0.0 0
-14.942 0.0 0
-14.932 0.0 0
-14.922 0.0 0
-14.912 0.0 0
-14.902 0.0 0
-14.892 0.0 0
-14.882 0.0 0
-14.872 0.0 0
-14.862 0.0 0
-14.852 0.0 0
-14.842 0.0 0
-14.832 0.0 0
-14.822 0.0 0
-14.812 0.0 0
-14.802 0.0 0
-14.792 0.0 0
-14.782 0.0 0
-14.772 0.0 0
-14.762 0.0 0
-14.752 0.0 0
-14.742 0.0 0
-14.732 0.0 0
-14.722 0.0 0
-14.712 0.0 0
-14.702 0.0 0
-14.692 0.0 0
-14.682 0.0 0
-14.672 0.0 0
-14.662 0.0 0
-14.652 3.1e-17 0
-14.642 1.292e-16 0
-14.632 2.692e-16 0
-14.622 6.82e-16 0
-14.612 1.468e-15 0
-14.602 2.983e-15 0
-14.592 6.04e-15 0
-14.582 1.2e-14 0
-14.572 2.362e-14 0
-14.562 4.62e-14 0
-14.552 8.88e-14 0
-14.542 1.694e-13 -1.562e-17
-14.532 3.196e-13 -3.286e-17
-14.522 5.96e-13 -1.39e-16
-14.512 1.104e-12 -3.387e-16
-14.502 2.02e-12 -7.36e-16
-14.492 3.653e-12 -1.582e-15
-14.482 6.54e-12 -3.22e-15
-14.472 1.158e-11 -6.46e-15
-14.462 2.032e-11 -1.282e-14
-14.452 3.526e-11 -2.512e-14
-14.442 6.06e-11 -4.88e-14
-14.432 1.028e-10 -9.38e-14
-14.422 1.73e-10 -1.782e-13
-14.412 2.878e-10 -3.354e-13
-14.402 4.74e-10 -6.24e-13
-14.392 7.72e-10 -1.15e-12
-14.382 1.244e-09 -2.096e-12
-14.372 1.984e-09 -3.78e-12
-14.362 3.13e-09 -6.74e-12
-14.352 4.88e-09 -1.192e-11
-14.342 7.56e-09 -2.08e-11
-14.332 1.154e-08 -3.598e-11
-14.322 1.748e-08 -6.15e-11
-14.312 2.616e-08 -1.042e-10
-14.302 3.878e-08 -1.746e-10
-14.292 5.68e-08 -2.894e-10
-14.282 8.24e-08 -4.76e-10
-14.272 1.186e-07 -7.7e-10
-14.262 1.682e-07 -1.238e-09
-14.252 2.366e-07 -1.964e-09
-14.242 3.29e-07 -3.091e-09
-14.232 4.52e-07 -4.8e-09
-14.222 6.16e-07 -7.42e-09
-14.212 8.32e-07 -1.128e-08
-14.202 1.11e-06 -1.7e-08
-14.192 1.466e-06 -2.537e-08
-14.182 1.914e-06 -3.744e-08
-14.172 2.474e-06 -5.48e-08
-14.162 3.164e-06 -7.9e-08
-14.152 4.01e-06 -1.132e-07
-14.142 5.02e-06 -1.6e-07
-14.132 6.2e-06 -2.242e-07
-14.122 7.63e-06 -3.104e-07
-14.112 9.26e-06 -4.26e-07
-14.102 1.112e-05 -5.78e-07
-14.092 1.32e-05 -7.76e-07
-14.082 1.554e-05 -1.03e-06
-14.072 1.81e-05 -1.356e-06
-14.062 2.082e-05 -1.762e-06
-14.052 2.372e-05 -2.268e-06
-14.042 2.676e-05 -2.891e-06
-14.032 2.986e-05 -3.645e-06
-14.022 3.298e-05 -4.54e-06
-14.012 3.604e-05 -5.62e-06
-14.002 3.898e-05 -6.86e-06
-13.992 4.18e-05 -8.28e-06
-13.982 4.42e-05 -9.92e-06
-13.972 4.62e-05 -1.172e-05
-13.962 4.78e-05 -1.374e-05
-13.952 4.94e-05 -1.59e-05
-13.942 4.98e-05 -1.824e-05
-13.932 5.02e-05 -2.071e-05
-13.922 4.98e-05 -2.324e-05
-13.912 4.9e-05 -2.583e-05
-13.902 4.78e-05 -2.84e-05
-13.892 4.6e-05 -3.09e-05
-13.882 4.38e-05 -3.326e-05
-13.872 4.14e-05 -3.543e-05
-13.862 3.866e-05 -3.736e-05
-13.852 3.571e-05 -3.897e-05
-13.842 3.264e-05 -4.02e-05
-13.832 2.952e-05 -4.1e-05
-13.822 2.642e-05 -4.16e-05
-13.812 2.34e-05 -4.16e-05
-13.802 2.052e-05 -4.12e-05
-13.792 1.778e-05 -4.02e-05
-13.782 1.526e-05 -3.9e-05
-13.772 1.294e-05 -3.74e-05
-13.762 1.09e-05 -3.55e-05
-13.752 9.06e-06 -3.332e-05
-13.742 7.44e-06 -3.096e-05
-13.732 6.06e-06 -2.848e-05
-13.722 4.88e-06 -2.59e-05
-13.712 3.894e-06 -2.33e-05
-13.702 3.07e-06 -2.078e-05
-13.692 2.398e-06 -1.83e-05
-13.682 1.852e-06 -1.596e-05
-13.672 1.416e-06 -1.378e-05
-13.662 1.07e-06 -1.176e-05
-13.652 8e-07 -9.94e-06
-13.642 5.92e-07 -8.32e-06
-13.632 4.36e-07 -6.88e-06
-13.622 3.148e-07 -5.64e-06
-13.612 2.26e-07 -4.56e-06
-13.602 1.604e-07 -3.66e-06
-13.592 1.128e-07 -2.904e-06
-13.582 7.84e-08 -2.278e-06
-13.572 5.4e-08 -1.768e-06
-13.562 3.666e-08 -1.36e-06
-13.552 2.468e-08 -1.034e-06
-13.542 1.644e-08 -7.78e-07
-13.532 1.084e-08 -5.8e-07
-13.522 7.08e-09 -4.28e-07
-13.512 4.56e-09 -3.114e-07
-13.502 2.914e-09 -2.246e-07
-13.492 1.842e-09 -1.602e-07
-13.482 1.152e-09 -1.132e-07
-13.472 7.12e-10 -7.92e-08
-13.462 4.36e-10 -5.48e-08
-13.452 2.644e-10 -3.744e-08
-13.442 1.586e-10 -2.534e-08
-13.432 9.4e-11 -1.698e-08
-13.422 5.52e-11 -1.126e-08
-13.412 3.204e-11 -7.38e-09
-13.402 1.84e-11 -4.8e-09
-13.392 1.046e-11 -3.076e-09
-13.382 5.88e-12 -1.954e-09
-13.372 3.275e-12 -1.23e-09
-13.362 1.804e-12 -7.64e-10
-13.352 9.82e-13 -4.7e-10
-13.342 5.3e-13 -2.866e-10
-13.332 2.826e-13 -1.728e-10
-13.322 1.492e-13 -1.03e-10
-13.312 7.78e-14 -6.08e-11
-13.302 4.02e-14 -3.548e-11
-13.292 2.06e-14 -2.048e-11
-13.282 1.042e-14 -1.17e-11
-13.272 5.22e-15 -6.62e-12
-13.262 2.574e-15 -3.708e-12
-13.252 1.212e-15 -2.052e-12
-13.242 5.9e-16 -1.124e-12
-13.232 2.289e-16 -6.1e-13
-13.222 5.06e-17 -3.268e-13
-13.212 2.416e-17 -1.736e-13
-13.202 0.0 -9.1e-14
-13.192 0.0 -4.74e-14
-13.182 0.0 -2.43e-14
-13.172 0.0 -1.236e-14
-13.162 0.0 -6.22e-15
-13.152 0.0 -3.084e-15
-13.142 0.0 -1.52e-15
-13.132 0.0 -7.1e-16
-13.122 0.0 -2.952e-16
-13.112 0.0 -1.312e-16
-13.102 0.0 -2.852e-17
-13.092 0.0 0
-13.082 0.0 0
-13.072 0.0 0
-13.062 0.0 0
-13.052 0.0 0
-13.042 0.0 0
-13.032 0.0 0
-13.022 0.0 0
-13.012 0.0 0
-13.002 0.0 0
-12.992 0.0 0
-12.982 0.0 0
-12.972 0.0 0
-12.962 0.0 0
-12.952 0.0 0
-12.942 0.0 0
-12.932 0.0 0
-12.922 0.0 0
-12.912 0.0 0
-12.902 0.0 0
-12.892 0.0 0
-12.882 0.0 0
-12.872 0.0 0
-12.862 0.0 0
-12.852 0.0 0
-12.842 0.0 0
-12.832 0.0 0
-12.822 0.0 0
-12.812 0.0 0
-12.802 0.0 0
-12.792 0.0 0
-12.782 0.0 0
-12.772 0.0 0
-12.762 0.0 0
-12.752 0.0 0
-12.742 0.0 0
-12.732 0.0 0
-12.722 0.0 0
-12.712 0.0 0
-12.702 0.0 0
-12.692 0.0 0
-12.682 0.0 0
-12.672 0.0 0
-12.662 0.0 0
-12.652 0.0 0
-12.642 0.0 0
-12.632 0.0 0
-12.622 0.0 0
-12.612 0.0 0
-12.602 0.0 0
-12.592 0.0 0
-12.582 0.0 0
-12.572 0.0 0
-12.562 0.0 0
-12.552 0.0 0
-12.542 0.0 0
-12.532 0.0 0
-12.522 0.0 0
-12.512 0.0 0
-12.502 0.0 0
-12.492 0.0 0
-12.482 0.0 0
-12.472 0.0 0
-12.462 0.0 0
-12.452 0.0 0
-12.442 0.0 0
-12.432 0.0 0
-12.422 0.0 0
-12.412 0.0 0
-12.402 0.0 0
-12.392 0.0 0
-12.382 0.0 0
-12.372 0.0 0
-12.362 0.0 0
-12.352 0.0 0
-12.342 0.0 0
-12.332 0.0 0
-12.322 0.0 0
-12.312 0.0 0
-12.302 0.0 0
-12.292 0.0 0
-12.282 0.0 0
-12.272 0.0 0
-12.262 0.0 0
-12.252 0.0 0
-12.242 0.0 0
-12.232 0.0 0
-12.222 0.0 0
-12.212 0.0 0
-12.202 0.0 0
-12.192 0.0 0
-12.182 0.0 0
-12.172 0.0 0
-12.162 0.0 0
-12.152 0.0 0
-12.142 0.0 0
-12.132 0.0 0
-12.122 0.0 0
-12.112 0.0 0
-12.102 0.0 0
-12.092 0.0 0
-12.082 0.0 0
-12.072 0.0 0
-12.062 0.0 0
-12.052 0.0 0
-12.042 0.0 0
-12.032 0.0 0
-12.022 0.0 0
-12.012 0.0 0
-12.002 0.0 0
-11.992 0.0 0
-11.982 0.0 0
-11.972 0.0 0
-11.962 0.0 0
-11.952 0.0 0
-11.942 0.0 0
-11.932 0.0 0
-11.922 0.0 0
-11.912 0.0 0
-11.902 0.0 0
-11.892 0.0 0
-11.882 0.0 0
-11.872 0.0 0
-11.862 0.0 0
-11.852 0.0 0
-11.842 0.0 0
-11.832 0.0 0
-11.822 0.0 0
-11.812 0.0 0
-11.802 0.0 0
-11.792 0.0 0
-11.782 0.0 0
-11.772 0.0 0
-11.762 0.0 0
-11.752 0.0 0
-11.742 0.0 0
-11.732 0.0 0
-11.722 0.0 0
-11.712 0.0 0
-11.702 0.0 0
-11.692 0.0 0
-11.682 0.0 0
-11.672 0.0 0
-11.662 0.0 0
-11.652 0.0 0
-11.642 0.0 0
-11.632 0.0 0
-11.622 0.0 0
-11.612 0.0 0
-11.602 0.0 0
-11.592 0.0 0
-11.582 0.0 0
-11.572 0.0 0
-11.562 0.0 0
-11.552 0.0 0
-11.542 0.0 0
-11.532 0.0 0
-11.522 0.0 0
-11.512 0.0 0
-11.502 0.0 0
-11.492 0.0 0
-11.482 0.0 0
-11.472 0.0 0
-11.462 0.0 0
-11.452 0.0 0
-11.442 0.0 0
-11.432 0.0 0
-11.422 0.0 0
-11.412 0.0 0
-11.402 0.0 0
-11.392 0.0 0
-11.382 0.0 0
-11.372 0.0 0
-11.362 0.0 0
-11.352 0.0 0
-11.342 0.0 0
-11.332 0.0 0
-11.322 0.0 0
-11.312 0.0 0
-11.302 0.0 0
-11.292 0.0 0
-11.282 0.0 0
-11.272 0.0 0
-11.262 0.0 0
-11.252 0.0 0
-11.242 0.0 0
-11.232 0.0 0
-11.222 0.0 0
-11.212 0.0 0
-11.202 0.0 0
-11.192 0.0 0
-11.182 0.0 0
-11.172 0.0 0
-11.162 0.0 0
-11.152 0.0 0
-11.142 0.0 0
-11.132 0.0 0
-11.122 0.0 0
-11.112 0.0 0
-11.102 0.0 0
-11.092 0.0 0
-11.082 0.0 0
-11.072 0.0 0
-11.062 0.0 0
-11.052 0.0 0
-11.042 0.0 0
-11.032 0.0 0
-11.022 0.0 0
-11.012 0.0 0
-11.002 0.0 0
-10.992 0.0 0
-10.982 0.0 0
-10.972 0.0 0
-10.962 0.0 0
-10.952 0.0 0
-10.942 0.0 0
-10.932 0.0 0
-10.922 0.0 0
-10.912 0.0 0
-10.902 0.0 0
-10.892 0.0 0
-10.882 0.0 0
-10.872 0.0 0
-10.862 0.0 0
-10.852 0.0 0
-10.842 0.0 0
-10.832 0.0 0
-10.822 0.0 0
-10.812 0.0 0
-10.802 0.0 0
-10.792 0.0 0
-10.782 0.0 0
-10.772 0.0 0
-10.762 0.0 0
-10.752 0.0 0
-10.742 0.0 0
-10.732 0.0 0
-10.722 0.0 0
-10.712 0.0 0
-10.702 0.0 0
-10.692 0.0 0
-10.682 0.0 0
-10.672 0.0 0
-10.662 0.0 0
-10.652 0.0 0
-10.642 0.0 0
-10.632 0.0 0
-10.622 0.0 0
-10.612 0.0 0
-10.602 0.0 0
-10.592 0.0 0
-10.582 0.0 0
-10.572 0.0 0
-10.562 0.0 0
-10.552 0.0 0
-10.542 0.0 0
-10.532 0.0 0
-10.522 0.0 0
-10.512 0.0 0
-10.502 0.0 0
-10.492 0.0 0
-10.482 0.0 0
-10.472 0.0 0
-10.462 0.0 0
-10.452 0.0 0
-10.442 0.0 0
-10.432 0.0 0
-10.422 0.0 0
-10.412 0.0 0
-10.402 0.0 0
-10.392 0.0 0
-10.382 0.0 0
-10.372 0.0 0
-10.362 0.0 0
-10.352 0.0 0
-10.342 0.0 0
-10.332 0.0 0
-10.322 0.0 0
-10.312 0.0 0
-10.302 0.0 0
-10.292 0.0 0
-10.282 0.0 0
-10.272 0.0 0
-10.262 0.0 0
-10.252 0.0 0
-10.242 0.0 0
-10.232 0.0 0
-10.222 0.0 0
-10.212 0.0 0
-10.202 0.0 0
-10.192 0.0 0
-10.182 0.0 0
-10.172 0.0 0
-10.162 0.0 0
-10.152 0.0 0
-10.142 0.0 0
-10.132 0.0 0
-10.122 0.0 0
-10.112 0.0 0
-10.102 0.0 0
-10.092 0.0 0
-10.082 0.0 0
-10.072 0.0 0
-10.062 0.0 0
-10.052 0.0 0
-10.042 0.0 0
-10.032 0.0 0
-10.022 0.0 0
-10.012 0.0 0
-10.002 0.0 0
-9.992 0.0 0
-9.982 0.0 0
-9.972 0.0 0
-9.962 0.0 0
-9.952 0.0 0
-9.942 0.0 0
-9.932 0.0 0
-9.922 0.0 0
-9.912 0.0 0
-9.902 0.0 0
-9.892 0.0 0
-9.882 0.0 0
-9.872 0.0 0
-9.862 0.0 0
-9.852 0.0 0
-9.842 0.0 0
-9.832 0.0 0
-9.822 0.0 0
-9.812 0.0 0
-9.802 0.0 0
-9.792 0.0 0
-9.782 0.0 0
-9.772 0.0 0
-9.762 0.0 0
-9.752 0.0 0
-9.742 0.0 0
-9.732 0.0 0
-9.722 0.0 0
-9.712 0.0 0
-9.702 0.0 0
-9.692 0.0 0
-9.682 0.0 0
-9.672 0.0 0
-9.662 0.0 0
-9.652 0.0 0
-9.642 0.0 0
-9.632 0.0 0
-9.622 0.0 0
-9.612 0.0 0
-9.602 0.0 0
-9.592 0.0 0
-9.582 0.0 0
-9.572 0.0 0
-9.562 0.0 0
-9.552 0.0 0
-9.542 0.0 0
-9.532 0.0 0
-9.522 0.0 0
-9.512 0.0 0
-9.502 0.0 0
-9.492 0.0 0
-9.482 0.0 0
-9.472 0.0 0
-9.462 0.0 0
-9.452 0.0 0
-9.442 0.0 0
-9.432 0.0 0
-9.422 0.0 0
-9.412 0.0 0
-9.402 0.0 0
-9.392 0.0 0
-9.382 0.0 0
-9.372 0.0 0
-9.362 0.0 0
-9.352 0.0 0
-9.342 0.0 0
-9.332 0.0 0
-9.322 0.0 0
-9.312 0.0 0
-9.302 0.0 0
-9.292 0.0 0
-9.282 0.0 0
-9.272 0.0 0
-9.262 0.0 0
-9.252 0.0 0
-9.242 0.0 0
-9.232 0.0 0
-9.222 0.0 0
-9.212 0.0 0
-9.202 0.0 0
-9.192 0.0 0
-9.182 0.0 0
-9.172 0.0 0
-9.162 0.0 0
-9.152 0.0 0
-9.142 0.0 0
-9.132 0.0 0
-9.122 8.35e-16 0
-9.112 1.755e-15 0
-9.102 3.655e-15 0
-9.092 7.52e-15 0
-9.082 1.532e-14 0
-9.072 3.086e-14 0
-9.062 6.15e-14 0
-9.052 1.212e-13 0
-9.042 2.366e-13 0
-9.032 4.561e-13 0
-9.022 8.72e-13 0
-9.012 1.645e-12 0
-9.002 3.072e-12 0
-8.992 5.67e-12 0
-8.982 1.038e-11 0
-8.972 1.876e-11 0
-8.962 3.355e-11 0
-8.952 5.94e-11 0
-8.942 1.04e-10 0
-8.932 1.802e-10 0
-8.922 3.086e-10 0
-8.912 5.23e-10 0
-8.902 8.77e-10 0
-8.892 1.455e-09 0
-8.882 2.388e-09 -4.317e-16
-8.872 3.885e-09 -9.06e-16
-8.862 6.24e-09 -1.884e-15
-8.852 9.89e-09 -3.877e-15
-8.842 1.554e-08 -7.86e-15
-8.832 2.416e-08 -1.582e-14
-8.822 3.721e-08 -3.147e-14
-8.812 5.66e-08 -6.19e-14
-8.802 8.52e-08 -1.206e-13
-8.792 1.269e-07 -2.323e-13
-8.782 1.869e-07 -4.419e-13
-8.772 2.724e-07 -8.34e-13
-8.762 3.925e-07 -1.554e-12
-8.752 5.6e-07 -2.867e-12
-8.742 7.92e-07 -5.22e-12
-8.732 1.105e-06 -9.44e-12
-8.722 1.528e-06 -1.686e-11
-8.712 2.09e-06 -2.978e-11
-8.702 2.828e-06 -5.21e-11
-8.692 3.788e-06 -9e-11
-8.682 5.02e-06 -1.539e-10
-8.672 6.58e-06 -2.602e-10
-8.662 8.54e-06 -4.351e-10
-8.652 1.097e-05 -7.21e-10
-8.642 1.396e-05 -1.181e-09
-8.632 1.758e-05 -1.913e-09
-8.622 2.192e-05 -3.066e-09
-8.612 2.706e-05 -4.855e-09
-8.602 3.313e-05 -7.62e-09
-8.592 4.023e-05 -1.184e-08
-8.582 4.83e-05 -1.818e-08
-8.572 5.74e-05 -2.758e-08
-8.562 6.78e-05 -4.147e-08
-8.552 7.95e-05 -6.16e-08
-8.542 9.24e-05 -9.06e-08
-8.532 0.0001068 -1.318e-07
-8.522 0.0001225 -1.897e-07
-8.512 0.0001396 -2.702e-07
-8.502 0.0001584 -3.81e-07
-8.492 0.0001786 -5.31e-07
-8.482 0.0002007 -7.31e-07
-8.472 0.0002246 -9.97e-07
-8.462 0.0002505 -1.347e-06
-8.452 0.0002784 -1.799e-06
-8.442 0.0003088 -2.378e-06
-8.432 0.0003415 -3.111e-06
-8.422 0.0003773 -4.021e-06
-8.412 0.0004155 -5.16e-06
-8.402 0.000457 -6.56e-06
-8.392 0.000501 -8.23e-06
-8.382 0.000548 -1.023e-05
-8.372 0.000599 -1.259e-05
-8.362 0.000652 -1.536e-05
-8.352 0.000707 -1.857e-05
-8.342 0.000764 -2.223e-05
-8.332 0.000824 -2.639e-05
-8.322 0.000888 -3.106e-05
-8.312 0.000951 -3.625e-05
-8.302 0.001018 -4.2e-05
-8.292 0.001083 -4.839e-05
-8.282 0.001151 -5.54e-05
-8.272 0.001219 -6.31e-05
-8.262 0.001288 -7.14e-05
-8.252 0.001358 -8.04e-05
-8.242 0.001428 -9.02e-05
-8.232 0.001498 -0.0001009
-8.222 0.001569 -0.0001126
-8.212 0.001641 -0.0001255
-8.202 0.00171 -0.0001395
-8.192 0.001778 -0.0001549
-8.182 0.001845 -0.0001718
-8.172 0.001907 -0.0001903
-8.162 0.001967 -0.0002104
-8.152 0.002022 -0.0002324
-8.142 0.002071 -0.0002561
-8.132 0.002114 -0.0002817
-8.122 0.00215 -0.0003092
-8.112 0.002178 -0.0003382
-8.102 0.002198 -0.0003682
-8.092 0.002211 -0.0004001
-8.082 0.002218 -0.0004347
-8.072 0.002217 -0.0004679
-8.062 0.002211 -0.000504
-8.052 0.0022 -0.00054
-8.042 0.002186 -0.000578
-8.032 0.002169 -0.000615
-8.022 0.002153 -0.000654
-8.012 0.002134 -0.000692
-8.002 0.002118 -0.000734
-7.992 0.002103 -0.000775
-7.982 0.002089 -0.000819
-7.972 0.002078 -0.000862
-7.962 0.002069 -0.000907
-7.952 0.002063 -0.000952
-7.942 0.002059 -0.000999
-7.932 0.002061 -0.001044
-7.922 0.002065 -0.00109
-7.912 0.002074 -0.001135
-7.902 0.002088 -0.001178
-7.892 0.002107 -0.001219
-7.882 0.002132 -0.001257
-7.872 0.002166 -0.001292
-7.862 0.002205 -0.001322
-7.852 0.002254 -0.001347
-7.842 0.002313 -0.00137
-7.832 0.00238 -0.001387
-7.822 0.002456 -0.001401
-7.812 0.002541 -0.00141
-7.802 0.002632 -0.001417
-7.792 0.002731 -0.001421
-7.782 0.002835 -0.001423
-7.772 0.002943 -0.001424
-7.762 0.003052 -0.001424
-7.752 0.003161 -0.001426
-7.742 0.003269 -0.001427
-7.732 0.003372 -0.001429
-7.722 0.003471 -0.001432
-7.712 0.003561 -0.001437
-7.702 0.003643 -0.001443
-7.692 0.003717 -0.00145
-7.682 0.003774 -0.001458
-7.672 0.00384 -0.001467
-7.662 0.00388 -0.001479
-7.652 0.003895 -0.001489
-7.642 0.003926 -0.001504
-7.632 0.003932 -0.00152
-7.622 0.003934 -0.00154
-7.612 0.003932 -0.001561
-7.602 0.003906 -0.001588
-7.592 0.003889 -0.001619
-7.582 0.00386 -0.001655
-7.572 0.00383 -0.001695
-7.562 0.003801 -0.001741
-7.552 0.00377 -0.001792
-7.542 0.00374 -0.001847
-7.532 0.003716 -0.001907
-7.522 0.003695 -0.001969
-7.512 0.00368 -0.002034
-7.502 0.003672 -0.0021
-7.492 0.003671 -0.002167
-7.482 0.003679 -0.002231
-7.472 0.003696 -0.002294
-7.462 0.003719 -0.002354
-7.452 0.003753 -0.002409
-7.442 0.003795 -0.002461
-7.432 0.003846 -0.002506
-7.422 0.003902 -0.002546
-7.412 0.003972 -0.002578
-7.402 0.004047 -0.002605
-7.392 0.00414 -0.002624
-7.382 0.00426 -0.002637
-7.372 0.00436 -0.002645
-7.362 0.0045 -0.002645
-7.352 0.00462 -0.00264
-7.342 0.00477 -0.002631
-7.332 0.00494 -0.002617
-7.322 0.0051 -0.002599
-7.312 0.0053 -0.002579
-7.302 0.00546 -0.002557
-7.292 0.00566 -0.002536
-7.282 0.00582 -0.002515
-7.272 0.00598 -0.002496
-7.262 0.00612 -0.002479
-7.252 0.00626 -0.002467
-7.242 0.00637 -0.002457
-7.232 0.00644 -0.002453
-7.222 0.00647 -0.002453
-7.212 0.00648 -0.002459
-7.202 0.00645 -0.002472
-7.192 0.00638 -0.002487
-7.182 0.00628 -0.002511
-7.172 0.00616 -0.002539
-7.162 0.00602 -0.002573
-7.152 0.00586 -0.002614
-7.142 0.0057 -0.002662
-7.132 0.00554 -0.002717
-7.122 0.00539 -0.002782
-7.112 0.00528 -0.002856
-7.102 0.00517 -0.00294
-7.092 0.0051 -0.003034
-7.082 0.00508 -0.003138
-7.072 0.0051 -0.003258
-7.062 0.00516 -0.003382
-7.052 0.0053 -0.003519
-7.042 0.00544 -0.00366
-7.032 0.00562 -0.003806
-7.022 0.00582 -0.003944
-7.012 0.00604 -0.0041
-7.002 0.0063 -0.00422
-6.992 0.00654 -0.00434
-6.982 0.00676 -0.00446
-6.972 0.00698 -0.00454
-6.962 0.00718 -0.0046
-6.952 0.00732 -0.00464
-6.942 0.00744 -0.00464
-6.932 0.00751 -0.00462
-6.922 0.00752 -0.00456
-6.912 0.0075 -0.00448
-6.902 0.00741 -0.00437
-6.892 0.00728 -0.00426
-6.882 0.00712 -0.00414
-6.872 0.0069 -0.003984
-6.862 0.00666 -0.003854
-6.852 0.00638 -0.003731
-6.842 0.00608 -0.003621
-6.832 0.00574 -0.003533
-6.822 0.0054 -0.003472
-6.812 0.00504 -0.00344
-6.802 0.0047 -0.003441
-6.792 0.00436 -0.003476
-6.782 0.00403 -0.003543
-6.772 0.003714 -0.00364
-6.762 0.003429 -0.003765
-6.752 0.003172 -0.003911
-6.742 0.002952 -0.00408
-6.732 0.002773 -0.00424
-6.722 0.002642 -0.0044
-6.712 0.002562 -0.00458
-6.702 0.00254 -0.00472
-6.692 0.002576 -0.00486
-6.682 0.002675 -0.00498
-6.672 0.00284 -0.00506
-6.662 0.003067 -0.00511
-6.652 0.003361 -0.00513
-6.642 0.003718 -0.00512
-6.632 0.004146 -0.00506
-6.622 0.00462 -0.00496
-6.612 0.00514 -0.00484
-6.602 0.00571 -0.0047
-6.592 0.00634 -0.00452
-6.582 0.00698 -0.004338
-6.572 0.00764 -0.004126
-6.562 0.00835 -0.003888
-6.552 0.00906 -0.003646
-6.542 0.00976 -0.003411
-6.532 0.0105 -0.003166
-6.522 0.01121 -0.002924
-6.512 0.01192 -0.002687
-6.502 0.01264 -0.00246
-6.492 0.01334 -0.002244
-6.482 0.01405 -0.002044
-6.472 0.01474 -0.001864
-6.462 0.01546 -0.001704
-6.452 0.01616 -0.00157
-6.442 0.01684 -0.00146
-6.432 0.01752 -0.001382
-6.422 0.0182 -0.001334
-6.412 0.01888 -0.00132
-6.402 0.01948 -0.001342
-6.392 0.02006 -0.001398
-6.382 0.0206 -0.001494
-6.372 0.02104 -0.001625
-6.362 0.0214 -0.001794
-6.352 0.02166 -0.002002
-6.342 0.02182 -0.002247
-6.332 0.02182 -0.002527
-6.322 0.02168 -0.002841
-6.312 0.02142 -0.003186
-6.302 0.02099 -0.00356
-6.292 0.02042 -0.003954
-6.282 0.01972 -0.00438
-6.272 0.0189 -0.00482
-6.262 0.01794 -0.0053
-6.252 0.01692 -0.00576
-6.242 0.0158 -0.00626
-6.232 0.01466 -0.00674
-6.222 0.01348 -0.00724
-6.212 0.0123 -0.00774
-6.202 0.01118 -0.00826
-6.192 0.01006 -0.00876
-6.182 0.00902 -0.00926
-6.172 0.00808 -0.00977
-6.162 0.00722 -0.01026
-6.152 0.00648 -0.01074
-6.142 0.00586 -0.0112
-6.132 0.00536 -0.01164
-6.122 0.00498 -0.01206
-6.112 0.00476 -0.01244
-6.102 0.00466 -0.01276
-6.092 0.0047 -0.01304
-6.082 0.00488 -0.01328
-6.072 0.00518 -0.01342
-6.062 0.0056 -0.0135
-6.052 0.00618 -0.0135
-6.042 0.00689 -0.01342
-6.032 0.00772 -0.01324
-6.022 0.00872 -0.01298
-6.012 0.00986 -0.01262
-6.002 0.01113 -0.01218
-5.992 0.01256 -0.01168
-5.982 0.01417 -0.01108
-5.972 0.01592 -0.01044
-5.962 0.01786 -0.00976
-5.952 0.01994 -0.00904
-5.942 0.02219 -0.00828
-5.932 0.02458 -0.00756
-5.922 0.0271 -0.0068
-5.912 0.02975 -0.00608
-5.902 0.03245 -0.0054
-5.892 0.03523 -0.00474
-5.882 0.03801 -0.00414
-5.872 0.04074 -0.003584
-5.862 0.0436 -0.003088
-5.852 0.046 -0.002652
-5.842 0.0486 -0.00228
-5.832 0.0508 -0.001968
-5.822 0.0528 -0.001714
-5.812 0.0548 -0.001524
-5.802 0.0564 -0.001388
-5.792 0.0582 -0.001309
-5.782 0.0596 -0.00128
-5.772 0.0608 -0.001304
-5.762 0.0622 -0.001372
-5.752 0.0636 -0.001484
-5.742 0.0652 -0.001636
-5.732 0.0672 -0.00183
-5.722 0.0694 -0.002056
-5.712 0.072 -0.002312
-5.702 0.075 -0.002598
-5.692 0.0786 -0.00291
-5.682 0.0828 -0.003242
-5.672 0.0878 -0.003593
-5.662 0.0932 -0.003958
-5.652 0.0992 -0.004332
-5.642 0.1056 -0.00472
-5.632 0.1124 -0.0051
-5.622 0.1194 -0.00551
-5.612 0.1266 -0.0059
-5.602 0.1336 -0.00629
-5.592 0.1406 -0.0067
-5.582 0.147 -0.0071
-5.572 0.1528 -0.00752
-5.562 0.1582 -0.00795
-5.552 0.1628 -0.0084
-5.542 0.1666 -0.0089
-5.532 0.1696 -0.0094
-5.522 0.1717 -0.00996
-5.512 0.1731 -0.01056
-5.502 0.174 -0.0112
-5.492 0.1742 -0.0119
-5.482 0.174 -0.01267
-5.472 0.1734 -0.0135
-5.462 0.1728 -0.0144
-5.452 0.172 -0.01534
-5.442 0.1715 -0.01633
-5.432 0.1712 -0.01736
-5.422 0.1711 -0.01842
-5.412 0.1716 -0.0195
-5.402 0.1722 -0.02056
-5.392 0.1734 -0.02162
-5.382 0.175 -0.02265
-5.372 0.1769 -0.02362
-5.362 0.1792 -0.02455
-5.352 0.1817 -0.02542
-5.342 0.1843 -0.02624
-5.332 0.1872 -0.02698
-5.322 0.1902 -0.02768
-5.312 0.1932 -0.02836
-5.302 0.1964 -0.029
-5.292 0.1994 -0.02966
-5.282 0.2024 -0.03036
-5.272 0.2056 -0.03114
-5.262 0.2088 -0.03202
-5.252 0.2118 -0.03302
-5.242 0.2149 -0.03418
-5.232 0.2181 -0.03552
-5.222 0.2213 -0.03708
-5.212 0.2246 -0.03886
-5.202 0.2278 -0.0408
-5.192 0.2308 -0.0432
-5.182 0.234 -0.0456
-5.172 0.2372 -0.0482
-5.162 0.2403 -0.051
-5.152 0.2436 -0.0538
-5.142 0.2466 -0.0566
-5.132 0.2498 -0.0596
-5.122 0.2532 -0.0622
-5.112 0.2568 -0.065
-5.102 0.2611 -0.0672
-5.092 0.2658 -0.0692
-5.082 0.2714 -0.071
-5.072 0.2782 -0.0722
-5.062 0.2862 -0.0732
-5.052 0.296 -0.0736
-5.042 0.3074 -0.0736
-5.032 0.3212 -0.073
-5.022 0.337 -0.072
-5.012 0.3552 -0.0706
-5.002 0.3762 -0.069
-4.992 0.3994 -0.067
-4.982 0.426 -0.065
-4.972 0.454 -0.0628
-4.962 0.486 -0.0606
-4.952 0.52 -0.0585
-4.942 0.556 -0.0566
-4.932 0.596 -0.0548
-4.922 0.636 -0.0534
-4.912 0.678 -0.0524
-4.902 0.722 -0.0516
-4.892 0.77 -0.0516
-4.882 0.816 -0.0518
-4.872 0.866 -0.0524
-4.862 0.92 -0.0536
-4.852 0.972 -0.0552
-4.842 1.03 -0.057
-4.832 1.09 -0.0592
-4.822 1.152 -0.0618
-4.812 1.216 -0.0644
-4.802 1.284 -0.0672
-4.792 1.356 -0.0702
-4.782 1.43 -0.073
-4.772 1.506 -0.076
-4.762 1.584 -0.0788
-4.752 1.664 -0.0818
-4.742 1.746 -0.0844
-4.732 1.826 -0.087
-4.722 1.906 -0.0892
-4.712 1.982 -0.0912
-4.702 2.054 -0.0932
-4.692 2.122 -0.095
-4.682 2.186 -0.0964
-4.672 2.242 -0.0976
-4.662 2.292 -0.0988
-4.652 2.332 -0.0998
-4.642 2.362 -0.1006
-4.632 2.386 -0.1014
-4.622 2.404 -0.102
-4.612 2.412 -0.1026
-4.602 2.414 -0.1034
-4.592 2.41 -0.104
-4.582 2.402 -0.1046
-4.572 2.392 -0.1052
-4.562 2.376 -0.1058
-4.552 2.362 -0.1064
-4.542 2.346 -0.107
-4.532 2.332 -0.1078
-4.522 2.318 -0.1083
-4.512 2.306 -0.109
-4.502 2.297 -0.1094
-4.492 2.29 -0.11
-4.482 2.284 -0.1104
-4.472 2.28 -0.1104
-4.462 2.278 -0.1105
-4.452 2.282 -0.1104
-4.442 2.284 -0.1102
-4.432 2.292 -0.1094
-4.422 2.302 -0.1088
-4.412 2.316 -0.1076
-4.402 2.334 -0.1062
-4.392 2.36 -0.1046
-4.382 2.388 -0.1027
-4.372 2.426 -0.1006
-4.362 2.47 -0.0984
-4.352 2.519 -0.096
-4.342 2.578 -0.094
-4.332 2.642 -0.0918
-4.322 2.712 -0.0898
-4.312 2.784 -0.088
-4.302 2.86 -0.0868
-4.292 2.938 -0.086
-4.282 3.014 -0.0858
-4.272 3.086 -0.0864
-4.262 3.154 -0.0874
-4.252 3.214 -0.089
-4.242 3.262 -0.0916
-4.232 3.302 -0.0944
-4.222 3.328 -0.0978
-4.212 3.342 -0.1018
-4.202 3.34 -0.1058
-4.192 3.326 -0.1098
-4.182 3.298 -0.1138
-4.172 3.258 -0.1176
-4.162 3.208 -0.121
-4.152 3.148 -0.1238
-4.142 3.08 -0.1262
-4.132 3.006 -0.1276
-4.122 2.927 -0.1285
-4.112 2.845 -0.1288
-4.102 2.764 -0.1282
-4.092 2.682 -0.1274
-4.082 2.601 -0.1264
-4.072 2.524 -0.125
-4.062 2.45 -0.1236
-4.052 2.381 -0.1226
-4.042 2.317 -0.1224
-4.032 2.257 -0.123
-4.022 2.202 -0.1248
-4.012 2.154 -0.1278
-4.002 2.112 -0.1324
-3.992 2.074 -0.1388
-3.982 2.042 -0.1466
-3.972 2.015 -0.1566
-3.962 1.992 -0.1684
-3.952 1.974 -0.1818
-3.942 1.962 -0.1972
-3.932 1.954 -0.2138
-3.922 1.948 -0.2318
-3.912 1.948 -0.2508
-3.902 1.952 -0.2708
-3.892 1.958 -0.291
-3.882 1.967 -0.3116
-3.872 1.978 -0.332
-3.862 1.993 -0.352
-3.852 2.007 -0.3714
-3.842 2.022 -0.3896
-3.832 2.038 -0.408
-3.822 2.055 -0.424
-3.812 2.07 -0.436
-3.802 2.084 -0.452
-3.792 2.096 -0.462
-3.782 2.107 -0.472
-3.772 2.115 -0.482
-3.762 2.122 -0.488
-3.752 2.126 -0.496
-3.742 2.128 -0.504
-3.732 2.128 -0.508
-3.722 2.126 -0.512
-3.712 2.122 -0.518
-3.702 2.118 -0.522
-3.692 2.112 -0.528
-3.682 2.107 -0.532
-3.672 2.102 -0.538
-3.662 2.1 -0.542
-3.652 2.098 -0.546
-3.642 2.099 -0.554
-3.632 2.102 -0.558
-3.622 2.108 -0.564
-3.612 2.118 -0.568
-3.602 2.132 -0.572
-3.592 2.15 -0.576
-3.582 2.168 -0.58
-3.572 2.194 -0.584
-3.562 2.224 -0.584
-3.552 2.258 -0.584
-3.542 2.297 -0.584
-3.532 2.342 -0.582
-3.522 2.392 -0.582
-3.512 2.448 -0.578
-3.502 2.511 -0.576
-3.492 2.584 -0.574
-3.482 2.662 -0.572
-3.472 2.752 -0.572
-3.462 2.85 -0.572
-3.452 2.957 -0.574
-3.442 3.074 -0.578
-3.432 3.204 -0.584
-3.422 3.341 -0.592
-3.412 3.486 -0.602
-3.402 3.642 -0.612
-3.392 3.802 -0.626
-3.382 3.967 -0.638
-3.372 4.14 -0.652
-3.362 4.32 -0.664
-3.352 4.48 -0.678
-3.342 4.66 -0.69
-3.332 4.82 -0.704
-3.322 5.0 -0.714
-3.312 5.16 -0.724
-3.302 5.32 -0.732
-3.292 5.46 -0.739
-3.282 5.62 -0.746
-3.272 5.74 -0.75
-3.262 5.86 -0.754
-3.252 5.98 -0.758
-3.242 6.08 -0.76
-3.232 6.18 -0.764
-3.222 6.26 -0.77
-3.212 6.32 -0.774
-3.202 6.39 -0.782
-3.192 6.46 -0.79
-3.182 6.48 -0.798
-3.172 6.5 -0.808
-3.162 6.52 -0.824
-3.152 6.5 -0.836
-3.142 6.48 -0.856
-3.132 6.46 -0.872
-3.122 6.38 -0.896
-3.112 6.34 -0.918
-3.102 6.24 -0.944
-3.092 6.14 -0.972
-3.082 6.02 -1.002
-3.072 5.9 -1.033
-3.062 5.76 -1.066
-3.052 5.6 -1.102
-3.042 5.46 -1.14
-3.032 5.3 -1.178
-3.022 5.14 -1.216
-3.012 4.98 -1.256
-3.002 4.82 -1.296
-2.992 4.68 -1.336
-2.982 4.54 -1.376
-2.972 4.4 -1.412
-2.962 4.3 -1.45
-2.952 4.2 -1.485
-2.942 4.12 -1.521
-2.932 4.036 -1.552
-2.922 3.964 -1.584
-2.912 3.912 -1.612
-2.902 3.872 -1.64
-2.892 3.838 -1.668
-2.882 3.814 -1.694
-2.872 3.796 -1.718
-2.862 3.782 -1.742
-2.852 3.772 -1.764
-2.842 3.764 -1.787
-2.832 3.758 -1.81
-2.822 3.75 -1.83
-2.812 3.742 -1.848
-2.802 3.73 -1.866
-2.792 3.718 -1.882
-2.782 3.702 -1.898
-2.772 3.684 -1.908
-2.762 3.66 -1.918
-2.752 3.634 -1.926
-2.742 3.602 -1.928
-2.732 3.57 -1.93
-2.722 3.53 -1.932
-2.712 3.49 -1.93
-2.702 3.444 -1.926
-2.692 3.396 -1.922
-2.682 3.344 -1.92
-2.672 3.292 -1.916
-2.662 3.236 -1.916
-2.652 3.176 -1.917
-2.642 3.117 -1.92
-2.632 3.056 -1.925
-2.622 2.994 -1.936
-2.612 2.932 -1.948
-2.602 2.87 -1.964
-2.592 2.808 -1.98
-2.582 2.746 -2.002
-2.572 2.684 -2.022
-2.562 2.626 -2.045
-2.552 2.568 -2.069
-2.542 2.512 -2.092
-2.532 2.458 -2.111
-2.522 2.408 -2.132
-2.512 2.36 -2.15
-2.502 2.314 -2.164
-2.492 2.272 -2.174
-2.482 2.232 -2.184
-2.472 2.196 -2.19
-2.462 2.164 -2.194
-2.452 2.134 -2.194
-2.442 2.108 -2.19
-2.432 2.086 -2.186
-2.422 2.064 -2.176
-2.412 2.046 -2.164
-2.402 2.03 -2.15
-2.392 2.016 -2.132
-2.382 2.002 -2.112
-2.372 1.99 -2.088
-2.362 1.98 -2.06
-2.352 1.968 -2.028
-2.342 1.96 -1.996
-2.332 1.95 -1.958
-2.322 1.942 -1.918
-2.312 1.938 -1.878
-2.302 1.932 -1.834
-2.292 1.932 -1.79
-2.282 1.934 -1.744
-2.272 1.938 -1.7
-2.262 1.947 -1.656
-2.252 1.962 -1.616
-2.242 1.98 -1.576
-2.232 2.006 -1.538
-2.222 2.036 -1.506
-2.212 2.072 -1.476
-2.202 2.11 -1.452
-2.192 2.156 -1.432
-2.182 2.204 -1.418
-2.172 2.254 -1.408
-2.162 2.308 -1.406
-2.152 2.36 -1.408
-2.142 2.411 -1.414
-2.132 2.462 -1.428
-2.122 2.51 -1.444
-2.112 2.554 -1.464
-2.102 2.596 -1.488
-2.092 2.632 -1.516
-2.082 2.666 -1.544
-2.072 2.694 -1.572
-2.062 2.716 -1.602
-2.052 2.738 -1.63
-2.042 2.756 -1.656
-2.032 2.77 -1.68
-2.022 2.784 -1.702
-2.012 2.797 -1.718
-2.002 2.808 -1.728
-1.992 2.82 -1.736
-1.982 2.834 -1.738
-1.972 2.848 -1.736
-1.962 2.864 -1.728
-1.952 2.882 -1.72
-1.942 2.9 -1.706
-1.932 2.922 -1.694
-1.922 2.948 -1.678
-1.912 2.976 -1.664
-1.902 3.004 -1.652
-1.892 3.036 -1.642
-1.882 3.072 -1.636
-1.872 3.108 -1.636
-1.862 3.146 -1.642
-1.852 3.19 -1.652
-1.842 3.232 -1.672
-1.832 3.278 -1.7
-1.822 3.326 -1.736
-1.812 3.373 -1.78
-1.802 3.422 -1.834
-1.792 3.47 -1.894
-1.782 3.515 -1.962
-1.772 3.56 -2.036
-1.762 3.601 -2.118
-1.752 3.64 -2.206
-1.742 3.672 -2.296
-1.732 3.7 -2.392
-1.722 3.72 -2.488
-1.712 3.734 -2.59
-1.702 3.74 -2.688
-1.692 3.738 -2.791
-1.682 3.729 -2.894
-1.672 3.71 -2.992
-1.662 3.686 -3.094
-1.652 3.656 -3.194
-1.642 3.62 -3.29
-1.632 3.582 -3.386
-1.622 3.542 -3.48
-1.612 3.504 -3.572
-1.602 3.468 -3.662
-1.592 3.438 -3.751
-1.582 3.416 -3.84
-1.572 3.404 -3.926
-1.562 3.403 -4
-1.552 3.418 -4.08
-1.542 3.448 -4.16
-1.532 3.496 -4.26
-1.522 3.564 -4.34
-1.512 3.652 -4.42
-1.502 3.758 -4.5
-1.492 3.886 -4.58
-1.482 4.04 -4.66
-1.472 4.2 -4.74
-1.462 4.38 -4.82
-1.452 4.58 -4.86
-1.442 4.78 -4.94
-1.432 5.02 -5.02
-1.422 5.25 -5.06
-1.412 5.46 -5.14
-1.402 5.7 -5.18
-1.392 5.94 -5.24
-1.382 6.18 -5.28
-1.372 6.4 -5.3
-1.362 6.6 -5.32
-1.352 6.8 -5.34
-1.342 7.0 -5.34
-1.332 7.16 -5.34
-1.322 7.32 -5.32
-1.312 7.48 -5.32
-1.302 7.6 -5.28
-1.292 7.72 -5.24
-1.282 7.8 -5.18
-1.272 7.92 -5.14
-1.262 8.0 -5.08
-1.252 8.06 -5.02
-1.242 8.12 -4.94
-1.232 8.18 -4.86
-1.222 8.22 -4.78
-1.212 8.26 -4.7
-1.202 8.3 -4.62
-1.192 8.34 -4.54
-1.182 8.38 -4.5
-1.172 8.38 -4.42
-1.162 8.42 -4.34
-1.152 8.42 -4.28
-1.142 8.44 -4.24
-1.132 8.46 -4.18
-1.122 8.46 -4.12
-1.112 8.46 -4.08
-1.102 8.46 -4.06
-1.092 8.46 -4.016
-1.082 8.44 -3.981
-1.072 8.44 -3.962
-1.062 8.42 -3.936
-1.052 8.42 -3.91
-1.042 8.4 -3.886
-1.032 8.4 -3.862
-1.022 8.38 -3.838
-1.012 8.36 -3.814
-1.002 8.36 -3.788
-0.992 8.32 -3.76
-0.982 8.28 -3.728
-0.972 8.24 -3.694
-0.962 8.2 -3.656
-0.952 8.12 -3.615
-0.942 8.04 -3.568
-0.932 7.93 -3.518
-0.922 7.8 -3.464
-0.912 7.68 -3.406
-0.902 7.52 -3.344
-0.892 7.36 -3.278
-0.882 7.18 -3.212
-0.872 6.98 -3.146
-0.862 6.78 -3.08
-0.852 6.6 -3.018
-0.842 6.38 -2.956
-0.832 6.18 -2.898
-0.822 5.98 -2.848
-0.812 5.76 -2.804
-0.802 5.56 -2.766
-0.792 5.38 -2.738
-0.782 5.2 -2.714
-0.772 5.02 -2.698
-0.762 4.84 -2.688
-0.752 4.66 -2.68
-0.742 4.5 -2.677
-0.732 4.32 -2.676
-0.722 4.16 -2.676
-0.712 3.996 -2.674
-0.702 3.818 -2.668
-0.692 3.646 -2.66
-0.682 3.472 -2.648
-0.672 3.298 -2.63
-0.662 3.127 -2.608
-0.652 2.959 -2.58
-0.642 2.795 -2.55
-0.632 2.639 -2.512
-0.622 2.494 -2.474
-0.612 2.361 -2.434
-0.602 2.244 -2.392
-0.592 2.143 -2.35
-0.582 2.062 -2.306
-0.572 2.002 -2.264
-0.562 1.964 -2.224
-0.552 1.948 -2.184
-0.542 1.952 -2.146
-0.532 1.98 -2.108
-0.522 2.03 -2.07
-0.512 2.096 -2.032
-0.502 2.179 -1.994
-0.492 2.278 -1.956
-0.482 2.386 -1.912
-0.472 2.504 -1.871
-0.462 2.63 -1.824
-0.452 2.758 -1.778
-0.442 2.887 -1.729
-0.432 3.013 -1.678
-0.422 3.136 -1.627
-0.412 3.253 -1.574
-0.402 3.364 -1.525
-0.392 3.466 -1.476
-0.382 3.558 -1.428
-0.372 3.641 -1.386
-0.362 3.714 -1.346
-0.352 3.776 -1.312
-0.342 3.83 -1.284
-0.332 3.872 -1.258
-0.322 3.906 -1.238
-0.312 3.93 -1.224
-0.302 3.944 -1.216
-0.292 3.95 -1.212
-0.282 3.947 -1.208
-0.272 3.934 -1.21
-0.262 3.915 -1.214
-0.252 3.886 -1.216
-0.242 3.849 -1.222
-0.232 3.804 -1.226
-0.222 3.751 -1.23
-0.212 3.69 -1.228
-0.202 3.623 -1.226
-0.192 3.55 -1.222
-0.182 3.471 -1.212
-0.172 3.389 -1.201
-0.162 3.303 -1.186
-0.152 3.216 -1.168
-0.142 3.13 -1.145
-0.132 3.046 -1.12
-0.122 2.964 -1.093
-0.112 2.888 -1.063
-0.102 2.816 -1.032
-0.092 2.75 -1.001
-0.082 2.692 -0.972
-0.072 2.642 -0.94
-0.062 2.598 -0.912
-0.052 2.56 -0.886
-0.042 2.528 -0.862
-0.032 2.498 -0.84
-0.022 2.472 -0.822
-0.012 2.448 -0.808
-0.002 2.422 -0.798
0.008 2.393 -0.793
0.018 2.359 -0.792
0.028 2.321 -0.794
0.038 2.276 -0.8
0.048 2.226 -0.812
0.058 2.168 -0.826
0.068 2.102 -0.848
0.078 2.028 -0.872
0.088 1.948 -0.904
0.098 1.864 -0.938
0.108 1.776 -0.978
0.118 1.686 -1.022
0.128 1.594 -1.072
0.138 1.5 -1.126
0.148 1.408 -1.186
0.158 1.318 -1.248
0.168 1.231 -1.314
0.178 1.146 -1.384
0.188 1.066 -1.454
0.198 0.992 -1.528
0.208 0.922 -1.602
0.218 0.858 -1.678
0.228 0.8 -1.75
0.238 0.747 -1.822
0.248 0.7 -1.89
0.258 0.66 -1.952
0.268 0.626 -2.01
0.278 0.596 -2.062
0.288 0.572 -2.108
0.298 0.556 -2.146
0.308 0.543 -2.178
0.318 0.534 -2.2
0.328 0.53 -2.218
0.338 0.53 -2.226
0.348 0.535 -2.228
0.358 0.544 -2.224
0.368 0.552 -2.214
0.378 0.565 -2.2
0.388 0.578 -2.182
0.398 0.594 -2.162
0.408 0.61 -2.138
0.418 0.626 -2.116
0.428 0.642 -2.094
0.438 0.658 -2.072
0.448 0.673 -2.054
0.458 0.688 -2.04
0.468 0.702 -2.028
0.478 0.713 -2.022
0.488 0.726 -2.021
0.498 0.734 -2.024
0.508 0.741 -2.032
0.518 0.748 -2.046
0.528 0.75 -2.062
0.538 0.753 -2.082
0.548 0.752 -2.106
0.558 0.748 -2.132
0.568 0.74 -2.16
0.578 0.732 -2.186
0.588 0.72 -2.21
0.598 0.705 -2.236
0.608 0.686 -2.258
0.618 0.665 -2.276
0.628 0.642 -2.29
0.638 0.617 -2.304
0.648 0.589 -2.31
0.658 0.56 -2.314
0.668 0.53 -2.312
0.678 0.498 -2.308
0.688 0.468 -2.302
0.698 0.436 -2.292
0.708 0.4053 -2.28
0.718 0.3747 -2.266
0.728 0.3463 -2.252
0.738 0.3191 -2.238
0.748 0.2935 -2.224
0.758 0.2699 -2.21
0.768 0.2484 -2.2
0.778 0.2291 -2.19
0.788 0.2121 -2.182
0.798 0.1973 -2.176
0.808 0.1849 -2.173
0.818 0.1746 -2.17
0.828 0.1662 -2.169
0.838 0.16 -2.168
0.848 0.1552 -2.17
0.858 0.1521 -2.17
0.868 0.1503 -2.17
0.878 0.1497 -2.17
0.888 0.15 -2.168
0.898 0.151 -2.164
0.908 0.1528 -2.158
0.918 0.1551 -2.15
0.928 0.1578 -2.14
0.938 0.1608 -2.13
0.948 0.1642 -2.116
0.958 0.168 -2.102
0.968 0.172 -2.088
0.978 0.1763 -2.076
0.988 0.181 -2.068
0.998 0.1861 -2.064
1.008 0.1917 -2.066
1.018 0.1977 -2.076
1.028 0.2042 -2.094
1.038 0.211 -2.121
1.048 0.2184 -2.159
1.058 0.226 -2.21
1.068 0.2342 -2.272
1.078 0.2424 -2.344
1.088 0.2507 -2.43
1.098 0.2591 -2.524
1.108 0.2674 -2.63
1.118 0.2755 -2.746
1.128 0.2833 -2.868
1.138 0.2906 -2.995
1.148 0.2975 -3.13
1.158 0.3036 -3.264
1.168 0.3091 -3.404
1.178 0.3136 -3.542
1.188 0.3172 -3.682
1.198 0.3199 -3.82
1.208 0.3215 -3.956
1.218 0.322 -4.08
1.228 0.3215 -4.22
1.238 0.3201 -4.34
1.248 0.3176 -4.46
1.258 0.3142 -4.6
1.268 0.3102 -4.7
1.278 0.3056 -4.8
1.288 0.3006 -4.92
1.298 0.2958 -5
1.308 0.2913 -5.08
1.318 0.2871 -5.16
1.328 0.2836 -5.22
1.338 0.2812 -5.28
1.348 0.28 -5.32
1.358 0.28 -5.36
1.368 0.2813 -5.38
1.378 0.284 -5.4
1.388 0.288 -5.4
1.398 0.2929 -5.4
1.408 0.299 -5.4
1.418 0.3054 -5.38
1.428 0.3123 -5.36
1.438 0.3191 -5.34
1.448 0.3255 -5.34
1.458 0.3311 -5.32
1.468 0.3357 -5.3
1.478 0.3388 -5.3
1.488 0.3405 -5.3
1.498 0.3403 -5.32
1.508 0.3383 -5.32
1.518 0.3346 -5.34
1.528 0.3289 -5.36
1.538 0.3216 -5.38
1.548 0.3125 -5.42
1.558 0.3023 -5.44
1.568 0.2907 -5.46
1.578 0.2783 -5.48
1.588 0.2653 -5.52
1.598 0.2519 -5.54
1.608 0.2385 -5.58
1.618 0.225 -5.62
1.628 0.2122 -5.66
1.638 0.1997 -5.74
1.648 0.1881 -5.8
1.658 0.1774 -5.86
1.668 0.1676 -5.98
1.678 0.1587 -6.06
1.688 0.151 -6.18
1.698 0.1442 -6.32
1.708 0.1382 -6.48
1.718 0.1334 -6.64
1.728 0.1292 -6.8
1.738 0.1258 -6.96
1.748 0.1232 -7.16
1.758 0.1209 -7.32
1.768 0.1192 -7.52
1.778 0.1179 -7.7
1.788 0.1169 -7.88
1.798 0.1163 -8.04
1.808 0.116 -8.18
1.818 0.1161 -8.34
1.828 0.1165 -8.46
1.838 0.1173 -8.56
1.848 0.1186 -8.64
1.858 0.1201 -8.74
1.868 0.1222 -8.78
1.878 0.1246 -8.82
1.888 0.1274 -8.84
1.898 0.1304 -8.86
1.908 0.1336 -8.84
1.918 0.137 -8.82
1.928 0.1404 -8.76
1.938 0.1434 -8.7
1.948 0.1462 -8.64
1.958 0.1486 -8.52
1.968 0.1502 -8.42
1.978 0.1511 -8.3
1.988 0.1511 -8.17
1.998 0.1501 -8.02
2.008 0.148 -7.88
2.018 0.1452 -7.7
2.028 0.141 -7.52
2.038 0.136 -7.36
2.048 0.1301 -7.16
2.058 0.1235 -6.96
2.068 0.1163 -6.78
2.078 0.1088 -6.58
2.088 0.101 -6.36
2.098 0.0932 -6.16
2.108 0.0855 -5.96
2.118 0.078 -5.76
2.128 0.071 -5.54
2.138 0.0645 -5.34
2.148 0.0587 -5.12
2.158 0.0536 -4.9
2.168 0.0492 -4.7
2.178 0.0456 -4.5
2.188 0.04261 -4.28
2.198 0.04031 -4.1
2.208 0.03867 -3.91
2.218 0.03765 -3.724
2.228 0.03698 -3.544
2.238 0.03667 -3.374
2.248 0.0366 -3.212
2.258 0.03667 -3.062
2.268 0.03677 -2.922
2.278 0.03685 -2.792
2.288 0.0368 -2.676
2.298 0.03658 -2.57
2.308 0.03614 -2.472
2.318 0.03544 -2.386
2.328 0.03448 -2.31
2.338 0.03325 -2.241
2.348 0.03178 -2.18
2.358 0.03008 -2.122
2.368 0.0282 -2.074
2.378 0.02617 -2.026
2.388 0.02405 -1.98
2.398 0.02187 -1.938
2.408 0.01968 -1.9
2.418 0.01753 -1.86
2.428 0.01546 -1.824
2.438 0.01349 -1.787
2.448 0.01164 -1.753
2.458 0.00995 -1.722
2.468 0.0084 -1.692
2.478 0.00704 -1.665
2.488 0.00582 -1.64
2.498 0.00478 -1.618
2.508 0.003864 -1.6
2.518 0.003098 -1.584
2.528 0.002459 -1.57
2.538 0.001931 -1.556
2.548 0.0015 -1.546
2.558 0.001154 -1.534
2.568 0.000877 -1.524
2.578 0.00066 -1.512
2.588 0.000492 -1.496
2.598 0.0003623 -1.48
2.608 0.0002641 -1.462
2.618 0.0001906 -1.44
2.628 0.000136 -1.412
2.638 9.62e-05 -1.382
2.648 6.72e-05 -1.348
2.658 4.64e-05 -1.312
2.668 3.177e-05 -1.272
2.678 2.15e-05 -1.232
2.688 1.44e-05 -1.186
2.698 9.55e-06 -1.14
2.708 6.26e-06 -1.094
2.718 4.055e-06 -1.048
2.728 2.607e-06 -1.002
2.738 1.656e-06 -0.956
2.748 1.04e-06 -0.912
2.758 6.47e-07 -0.872
2.768 3.973e-07 -0.832
2.778 2.424e-07 -0.796
2.788 1.46e-07 -0.76
2.798 8.7e-08 -0.728
2.808 5.12e-08 -0.7
2.818 2.991e-08 -0.672
2.828 1.726e-08 -0.646
2.838 9.86e-09 -0.623
2.848 5.57e-09 -0.602
2.858 3.114e-09 -0.582
2.868 1.721e-09 -0.564
2.878 9.42e-10 -0.548
2.888 5.1e-10 -0.532
2.898 2.731e-10 -0.52
2.908 1.447e-10 -0.51
2.918 7.6e-11 -0.5
2.928 3.944e-11 -0.492
2.938 2.021e-11 -0.49
2.948 1.025e-11 -0.486
2.958 5.14e-12 -0.488
2.968 2.561e-12 -0.488
2.978 1.259e-12 -0.494
2.988 5.48e-13 -0.5
2.998 2.644e-13 -0.508
3.008 1.262e-13 -0.52
3.018 0.0 -0.532
3.028 0.0 -0.544
3.038 0.0 -0.556
3.048 0.0 -0.572
3.058 0.0 -0.586
3.068 0.0 -0.602
3.078 0.0 -0.616
3.088 0.0 -0.63
3.098 0.0 -0.644
3.108 0.0 -0.656
3.118 0.0 -0.666
3.128 0.0 -0.673
3.138 0.0 -0.68
3.148 0.0 -0.684
3.158 0.0 -0.684
3.168 0.0 -0.682
3.178 0.0 -0.676
3.188 0.0 -0.67
3.198 0.0 -0.659
3.208 0.0 -0.644
3.218 0.0 -0.629
3.228 0.0 -0.61
3.238 0.0 -0.59
3.248 0.0 -0.566
3.258 0.0 -0.545
3.268 0.0 -0.521
3.278 0.0 -0.498
3.288 0.0 -0.475
3.298 0.0 -0.454
3.308 0.0 -0.434
3.318 0.0 -0.415
3.328 0.0 -0.3992
3.338 0.0 -0.3847
3.348 0.0 -0.3726
3.358 0.0 -0.3627
3.368 0.0 -0.3549
3.378 0.0 -0.349
3.388 0.0 -0.3446
3.398 0.0 -0.3416
3.408 0.0 -0.3395
3.418 0.0 -0.3382
3.428 0.0 -0.3369
3.438 0.0 -0.3356
3.448 0.0 -0.3339
3.458 0.0 -0.3316
3.468 0.0 -0.3284
3.478 0.0 -0.3242
3.488 0.0 -0.3186
3.498 0.0 -0.312
3.508 0.0 -0.304
3.518 0.0 -0.2948
3.528 0.0 -0.2845
3.538 0.0 -0.2731
3.548 0.0 -0.2609
3.558 0.0 -0.2479
3.568 0.0 -0.2343
3.578 0.0 -0.2204
3.588 0.0 -0.2063
3.598 0.0 -0.1923
3.608 0.0 -0.1785
3.618 0.0 -0.1653
3.628 0.0 -0.1524
3.638 0.0 -0.1403
3.648 0.0 -0.1288
3.658 0.0 -0.1182
3.668 0.0 -0.1084
3.678 0.0 -0.0998
3.688 0.0 -0.0916
3.698 0.0 -0.0845
3.708 0.0 -0.0779
3.718 0.0 -0.072
3.728 0.0 -0.0669
3.738 0.0 -0.0622
3.748 0.0 -0.058
3.758 0.0 -0.0542
3.768 0.0 -0.0504
3.778 0.0 -0.047
3.788 0.0 -0.0438
3.798 0.0 -0.04057
3.808 0.0 -0.03761
3.818 0.0 -0.03466
3.828 0.0 -0.03182
3.838 0.0 -0.02902
3.848 0.0 -0.02632
3.858 0.0 -0.0237
3.868 0.0 -0.0212
3.878 0.0 -0.0188
3.888 0.0 -0.01656
3.898 0.0 -0.01446
3.908 0.0 -0.01252
3.918 0.0 -0.01076
3.928 0.0 -0.00914
3.938 0.0 -0.0077
3.948 0.0 -0.00642
3.958 0.0 -0.00534
3.968 0.0 -0.00436
3.978 0.0 -0.003537
3.988 0.0 -0.002842
3.998 0.0 -0.00226
4.008 0.0 -0.00178
4.018 0.0 -0.001388
4.028 0.0 -0.001072
4.038 0.0 -0.000818
4.048 0.0 -0.00062
4.058 0.0 -0.000464
4.068 0.0 -0.0003434
4.078 0.0 -0.0002517
4.088 0.0 -0.0001827
4.098 0.0 -0.0001312
4.108 0.0 -9.32e-05
4.118 0.0 -6.54e-05
4.128 0.0 -4.56e-05
4.138 0.0 -3.14e-05
4.148 0.0 -2.14e-05
4.158 0.0 -1.442e-05
4.168 0.0 -9.62e-06
4.178 0.0 -6.34e-06
4.188 0.0 -4.16e-06
4.198 0.0 -2.678e-06
4.208 0.0 -1.712e-06
