0.00000E+00 -8.15444 -2.29392 -2.29392 -2.29392 -1.09654 -1.09654 30.5557 30.5557 32.0877 32.0877 32.0877 33.0673 33.0673 33.0673
0.61434E-01 -8.0992 -2.29343 -2.29343 -2.27814 -1.12103 -1.08669 29.7556 29.9298 30.8251 30.8251 32.1122 33.6632 34.055 34.055
0.12287E+00 -7.93484 -2.29169 -2.29169 -2.23117 -1.19428 -1.05757 27.7828 28.7597 28.9883 28.9883 32.1883 34.7544 35.0183 35.0183
0.18430E+00 -7.6649 -2.28704 -2.28704 -2.15427 -1.31529 -1.01017 25.4843 27.0285 27.0285 27.527 32.319 35.47 35.47 35.8782
0.24574E+00 -7.29646 -2.27566 -2.27566 -2.04945 -1.48166 -0.945187 23.4208 25.0962 25.0962 26.3629 32.5013 35.4483 35.4483 36.9395
0.30717E+00 -6.84121 -2.25223 -2.25223 -1.91938 -1.68923 -0.861268 21.7454 23.3057 23.3057 25.3322 32.7407 35.2442 35.2442 37.9082
0.36861E+00 -6.31876 -2.21073 -2.21073 -1.93239 -1.76741 -0.751551 20.4186 21.6856 21.6856 24.4644 33.0428 35.1408 35.1408 38.7191
0.43004E+00 -5.7582 -2.20434 -2.14526 -2.14526 -1.59739 -0.598623 19.3633 20.2113 20.2113 23.7384 33.4183 35.2741 35.2741 39.1517
0.49147E+00 -5.20527 -2.49716 -2.05079 -2.05079 -1.41371 -0.36798 18.5138 18.8493 18.8493 23.0606 33.8809 35.6632 35.6632 38.7871
0.55291E+00 -4.72145 -2.80223 -1.92357 -1.92357 -1.22114 -0.00708693 17.5747 17.5747 17.824 22.315 34.4469 36.3027 36.3027 37.3585
0.61434E+00 -4.36797 -3.11108 -1.76164 -1.76164 -1.02478 0.538432 16.3747 16.3747 17.2602 21.479 35.1353 35.1517 37.1735 37.1735
0.67578E+00 -4.17477 -3.41421 -1.56528 -1.56528 -0.830002 1.29494 15.2449 15.2449 16.7995 20.6407 32.6591 36.0306 38.2674 38.2674
0.73721E+00 -4.12661 -3.70347 -1.33747 -1.33747 -0.642216 2.24869 14.1883 14.1883 16.4245 19.8896 30.2672 37.1517 39.5871 39.5871
0.79865E+00 -4.18321 -3.97123 -1.08451 -1.08451 -0.466784 3.36333 13.2136 13.2136 16.1219 19.248 28.0549 38.6048 41.1436 41.1436
0.86008E+00 -4.30076 -4.20987 -0.816804 -0.816804 -0.308822 4.59872 12.3346 12.3346 15.8811 18.6774 26.0519 40.5069 42.9668 42.9668
0.92152E+00 -4.44335 -4.41369 -0.549371 -0.549371 -0.173037 5.91548 11.5697 11.5697 15.6944 18.0994 24.3052 42.9722 45.0648 45.0648
0.98295E+00 -4.58185 -4.5775 -0.3024 -0.3024 -0.0635522 7.26435 10.9414 10.9414 15.5554 17.4186 22.9014 45.9546 47.3669 47.3669
0.10444E+01 -4.69723 -4.69532 -0.0997923 -0.0997923 0.0164555 8.56369 10.4734 10.4734 15.4593 16.5913 21.9275 48.9859 49.6254 49.6254
0.11058E+01 -4.77043 -4.76934 0.0342129 0.0342129 0.0649699 9.63201 10.1855 10.1855 15.403 15.7693 21.3884 51.2009 51.3424 51.3424
0.11673E+01 -4.79492 -4.79492 0.0811852 0.0811852 0.0811852 10.0883 10.0883 10.0883 15.3845 15.3845 21.2208 51.9901 51.9901 51.9901
0.12287E+01 -4.77206 -4.77152 0.0197394 0.0376252 0.0844832 9.85651 9.96998 10.1781 15.4906 15.6719 21.3721 50.6105 51.3833 52.0744
0.12876E+01 -4.70594 -4.70104 -0.157197 -0.0898928 0.0942194 9.2701 9.66303 10.447 15.7584 16.4256 21.8246 47.1464 49.6798 52.3275
0.13466E+01 -4.60335 -4.58376 -0.428715 -0.290999 0.109907 8.50383 9.26548 10.8856 16.089 17.4711 22.5689 43.1899 47.209 52.7547
0.14056E+01 -4.47573 -4.41967 -0.766191 -0.546296 0.130767 7.66518 8.85948 11.472 16.4123 18.7037 23.574 39.7722 44.4335 53.3615
0.14645E+01 -4.34239 -4.20933 -1.14067 -0.825893 0.155758 6.8053 8.4924 12.1798 16.7026 20.0768 24.7885 36.9939 41.7423 54.1588
0.15235E+01 -4.22947 -3.953 -1.52702 -1.08987 0.183628 5.94786 8.1841 12.9845 16.9641 21.574 26.1422 34.6836 39.3558 55.1357
0.15824E+01 -4.16906 -3.6515 -1.90501 -1.29314 0.212962 5.10513 7.93892 13.8672 17.2107 23.1985 27.5352 32.6782 37.3939 56.2731
0.16414E+01 -4.18729 -3.30591 -2.25879 -1.4 0.242263 4.28498 7.75116 14.8133 17.4605 24.9708 28.7788 30.8768 36.0143 57.5113
0.17003E+01 -4.28362 -2.91788 -2.57605 -1.40449 0.270029 3.49258 7.61293 15.8109 17.7345 26.9395 29.2196 29.5053 35.5571 58.7603
0.17593E+01 -4.42893 -2.8474 -2.49077 -1.33398 0.294835 2.73447 7.5147 16.8487 18.0635 27.6794 29.2087 29.4237 36.3 59.5004
0.18182E+01 -4.5843 -3.06536 -2.03144 -1.22993 0.315434 2.02083 7.44857 17.9111 18.4999 26.2427 28.8359 31.9761 37.9925 57.7371
0.18772E+01 -4.71682 -3.22455 -1.55733 -1.12949 0.330809 1.37129 7.40667 18.9655 19.1285 24.9289 28.1066 35.4864 40.4089 56.0827
0.19361E+01 -4.80417 -3.32169 -1.12418 -1.05923 0.340278 0.840723 7.38381 19.9106 19.965 23.8317 27.41 39.3068 43.4784 54.5752
0.19951E+01 -4.83465 -3.35435 -1.0343 -0.913649 0.343462 0.600827 7.37646 20.3737 20.4741 23.318 27.0538 41.1327 45.4593 53.6908
0.20541E+01 -4.83274 -3.34183 -1.04666 -0.917105 0.304495 0.384769 7.68912 20.4494 20.4913 23.3476 27.0658 40.9422 44.8797 53.952
0.21130E+01 -4.83437 -3.30455 -1.08856 -0.927065 -0.14542 0.190371 8.5207 20.5558 20.6801 23.438 27.1028 40.4524 43.3559 54.6405
0.21720E+01 -4.86159 -3.24441 -1.20517 -0.942575 -0.739415 0.00953215 9.6878 20.7013 21.0698 23.5942 27.1692 39.8402 41.4783 55.5629
0.22309E+01 -4.95492 -3.1636 -1.58966 -1.03855 -0.96214 -0.224679 11.0641 20.9672 21.6145 23.8257 27.274 39.2307 39.7694 53.5711
0.22899E+01 -5.16581 -3.06591 -2.02962 -1.13787 -0.984018 -0.496036 12.5812 21.3876 22.3016 24.1487 27.4291 38.398 38.6891 50.5914
0.23488E+01 -5.51901 -2.95543 -2.29933 -1.20487 -1.00641 -0.787497 14.2046 21.9844 23.1139 24.5868 27.6522 37.3367 38.2048 47.8158
0.24078E+01 -5.97698 -2.83788 -2.40317 -1.25474 -1.0829 -1.02775 15.9203 22.7659 24.0342 25.1746 27.9624 36.5177 37.7504 45.2961
0.24667E+01 -6.47168 -2.71861 -2.40611 -1.36767 -1.2828 -1.04682 17.7342 23.7267 25.0462 25.9578 28.3788 35.8837 37.2714 43.013
0.25257E+01 -6.94598 -2.60397 -2.36905 -1.62925 -1.28253 -1.06293 19.6806 24.8473 26.1365 26.9814 28.9094 35.4129 36.7299 40.9422
0.25847E+01 -7.36367 -2.50015 -2.33036 -1.85729 -1.25298 -1.07572 21.8369 26.0946 27.2957 28.2536 29.5325 35.0864 36.0877 39.0429
0.26436E+01 -7.70327 -2.41308 -2.30584 -2.04333 -1.20323 -1.08522 24.3052 27.4209 28.5121 29.6631 30.1801 34.8578 35.3285 37.2878
0.27026E+01 -7.95198 -2.34769 -2.29566 -2.18097 -1.1502 -1.09164 27.0615 28.7515 29.7829 30.7489 30.9393 34.4578 34.5721 35.6524
0.27615E+01 -8.10355 -2.30744 -2.29373 -2.26546 -1.11088 -1.09534 29.5978 29.9489 31.089 31.2632 31.7938 33.5652 33.9326 34.134
0.28205E+01 -8.15444 -2.29392 -2.29392 -2.29392 -1.09654 -1.09654 30.5557 30.5557 32.0877 32.0877 32.0877 33.0673 33.0673 33.0673
0.28794E+01 -8.10273 -2.30314 -2.30314 -2.26018 -1.10318 -1.10318 29.742 29.742 30.8223 31.7094 31.7094 33.655 33.655 34.2755
0.29389E+01 -7.94872 -2.33267 -2.33267 -2.15939 -1.12054 -1.12054 27.674 27.674 29.1325 31.636 31.636 34.1829 34.1829 35.7911
0.29984E+01 -7.69565 -2.38638 -2.38638 -1.99296 -1.14176 -1.14176 25.2968 25.2968 27.4046 31.7394 31.7394 34.417 34.417 37.2497
0.30578E+01 -7.34952 -2.46701 -2.46701 -1.76267 -1.1582 -1.1582 23.1093 23.1093 25.675 31.9353 31.9353 34.5449 34.5449 38.6429
0.31173E+01 -6.91986 -2.57338 -2.57338 -1.4702 -1.16301 -1.16301 21.2314 21.2314 23.9648 32.2128 32.2128 34.7489 34.7489 39.9926
0.31767E+01 -6.41998 -2.6997 -2.6997 -1.15349 -1.15349 -1.11637 19.6088 19.6088 22.2943 32.5802 32.5802 35.1163 35.1163 41.3423
0.32362E+01 -5.86759 -2.83651 -2.83651 -1.13085 -1.13085 -0.699986 18.1671 18.1671 20.6826 33.0591 33.0591 35.666 35.666 42.7518
0.32957E+01 -5.2869 -2.97312 -2.97312 -1.09852 -1.09852 -0.216175 16.8564 16.8564 19.1467 33.6686 33.6686 36.3925 36.3925 44.2838
0.33551E+01 -4.70839 -3.09938 -3.09938 -1.0607 -1.0607 0.345095 15.6468 15.6468 17.7054 34.4496 34.4496 37.2769 37.2769 45.9981
0.34146E+01 -4.1677 -3.20686 -3.20686 -1.02132 -1.02132 0.999202 14.523 14.523 16.3755 35.451 35.451 38.3082 38.3082 47.9138
0.34741E+01 -3.70211 -3.28958 -3.28958 -0.983746 -0.983746 1.76398 13.4764 13.4764 15.1744 36.7435 36.7435 39.4728 39.4728 49.9628
0.35335E+01 -3.34319 -3.34319 -3.3421 -0.950575 -0.950575 2.65414 12.5023 12.5023 14.1165 38.3953 38.3953 40.7844 40.7844 51.8839
0.35930E+01 -3.36632 -3.36632 -3.10509 -0.923527 -0.923527 3.67544 11.5983 11.5983 13.2125 40.4035 40.4035 42.2811 42.2811 53.2527
0.36524E+01 -3.35925 -3.35925 -2.99108 -0.903581 -0.903581 4.82186 10.7624 10.7624 12.4677 42.526 42.526 44.0852 44.0852 53.7017
0.37119E+01 -3.32496 -3.32496 -2.98618 -0.890792 -0.890792 6.07195 9.99447 9.99447 11.8821 44.3165 44.3165 46.1777 46.1777 53.1384
0.37714E+01 -3.26863 -3.26863 -3.06509 -0.884452 -0.884452 7.38544 9.29514 9.29514 11.4631 45.6036 45.6036 48.039 48.039 51.6554
0.38308E+01 -3.19815 -3.19815 -3.19815 -0.882873 -0.882873 8.66547 8.66547 8.66547 11.2786 46.1151 46.1151 49.454 49.454 49.454
0.38903E+01 -3.30537 -3.24496 -3.04985 -0.884479 -0.883554 7.6747 8.55199 9.69542 11.5091 45.1546 46.0063 47.1682 49.2907 51.3778
0.39487E+01 -3.37857 -3.37612 -2.85692 -0.890601 -0.88554 6.72148 8.30355 10.7665 12.114 42.6457 44.4063 45.6825 48.79 53.0731
0.40070E+01 -3.57966 -3.41557 -2.61646 -0.903146 -0.888724 5.805 8.04396 11.8816 12.9689 39.6116 41.1844 45.1464 48.107 54.6323
0.40654E+01 -3.82184 -3.43027 -2.32682 -0.922248 -0.892887 4.92526 7.82654 13.0446 14.0008 36.8252 37.7395 44.4335 47.4186 56.1099
0.41238E+01 -4.0779 -3.42673 -1.98687 -0.946249 -0.897649 4.08307 7.66164 14.2609 15.1625 34.3816 34.417 43.6226 46.8117 57.2963
0.41821E+01 -4.32253 -3.41176 -1.59622 -0.972181 -0.90252 3.27952 7.54381 15.5363 16.4142 31.3176 32.2999 42.8144 46.3192 55.8867
0.42405E+01 -4.53451 -3.39163 -1.15526 -0.996699 -0.906983 2.51591 7.46381 16.8765 17.7045 28.6073 30.4142 42.1096 45.941 54.8799
0.42988E+01 -4.6975 -3.37258 -1.01673 -0.910547 -0.665237 1.79484 7.4132 18.2741 18.9462 26.2582 28.7788 41.5736 45.6716 54.2051
0.43572E+01 -4.79982 -3.35925 -1.02979 -0.91286 -0.130481 1.12114 7.38544 19.6575 19.9536 24.318 27.5461 41.2443 45.5138 53.8187
0.44156E+01 -4.83465 -3.35435 -1.0343 -0.913649 0.343462 0.600827 7.37646 20.3737 20.4741 23.318 27.0538 41.1327 45.4593 53.6908
0.44739E+01 -4.79982 -3.35925 -1.02979 -0.91286 -0.130481 1.12114 7.38544 19.6575 19.9536 24.318 27.5461 41.2443 45.5138 53.8187
0.45323E+01 -4.6975 -3.37258 -1.01673 -0.910547 -0.665237 1.79484 7.4132 18.2741 18.9462 26.2582 28.7788 41.5736 45.6716 54.2051
0.45907E+01 -4.53451 -3.39163 -1.15526 -0.996699 -0.906983 2.51591 7.46381 16.8765 17.7045 28.6073 30.4142 42.1096 45.941 54.8799
0.46490E+01 -4.32253 -3.41176 -1.59622 -0.972181 -0.90252 3.27952 7.54381 15.5363 16.4142 31.3176 32.2999 42.8144 46.3192 55.8867
0.47074E+01 -4.0779 -3.42673 -1.98687 -0.946249 -0.897649 4.08307 7.66164 14.2609 15.1625 34.3816 34.417 43.6226 46.8117 57.2963
0.47657E+01 -3.82184 -3.43027 -2.32682 -0.922248 -0.892887 4.92526 7.82654 13.0446 14.0008 36.8252 37.7395 44.4335 47.4186 56.1099
0.48241E+01 -3.57966 -3.41557 -2.61646 -0.903146 -0.888724 5.805 8.04396 11.8816 12.9689 39.6116 41.1844 45.1464 48.107 54.6323
0.48825E+01 -3.37857 -3.37612 -2.85692 -0.890601 -0.88554 6.72148 8.30355 10.7665 12.114 42.6457 44.4063 45.6825 48.79 53.0731
0.49408E+01 -3.30537 -3.24496 -3.04985 -0.884479 -0.883554 7.6747 8.55199 9.69542 11.5091 45.1546 46.0063 47.1682 49.2907 51.3778
0.49992E+01 -3.19815 -3.19815 -3.19815 -0.882873 -0.882873 8.66547 8.66547 8.66547 11.2786 46.1151 46.1151 49.454 49.454 49.454
0.50576E+01 -3.35408 -3.12278 -3.12278 -0.883472 -0.883472 8.10763 8.10763 9.59011 11.6291 45.4838 45.4838 46.9097 50.469 50.469
0.51170E+01 -3.50347 -3.05475 -3.05475 -0.883118 -0.883118 7.62762 7.62762 9.86549 12.7891 43.2198 43.2198 44.3981 50.8445 50.8445
0.51765E+01 -3.62047 -3.00713 -3.00713 -0.878111 -0.878111 7.23932 7.23932 9.87474 14.3562 39.0837 39.0837 42.0715 50.2785 50.2785
0.52359E+01 -3.68333 -2.99352 -2.99352 -0.86339 -0.86339 6.95577 6.95577 9.84236 16.0857 34.7272 34.7272 39.9164 49.2907 49.2907
0.52954E+01 -3.67599 -3.02509 -3.02509 -0.833131 -0.833131 6.78325 6.78325 9.81705 17.9094 31.3285 31.3285 37.8946 48.4662 48.4662
0.53549E+01 -3.58809 -3.10754 -3.10754 -0.783253 -0.783253 6.72067 6.72067 9.80698 19.7957 28.7379 28.7379 35.9816 47.8975 47.8975
0.54143E+01 -3.41476 -3.23979 -3.23979 -0.712938 -0.712938 6.76393 6.76393 9.81215 21.7103 26.6307 26.6307 34.1938 47.5655 47.5655
0.54738E+01 -3.4134 -3.4134 -3.15625 -0.624855 -0.624855 6.90462 6.90462 9.82957 23.5808 24.8132 24.8132 32.6101 47.4621 47.4621
0.55333E+01 -3.61585 -3.61585 -2.81856 -0.523874 -0.523874 7.13346 7.13346 9.85569 23.186 23.186 25.1866 31.4672 47.5818 47.5818
0.55927E+01 -3.83272 -3.83272 -2.41351 -0.415708 -0.415708 7.43932 7.43932 9.88726 21.7011 21.7011 25.9246 31.4047 47.9165 47.9165
0.56522E+01 -4.04987 -4.04987 -1.95854 -0.306346 -0.306346 7.8113 7.8113 9.921 20.3364 20.3364 25.4647 32.8278 48.4499 48.4499
0.57116E+01 -4.25532 -4.25532 -1.4781 -0.201674 -0.201674 8.23716 8.23716 9.95501 19.0861 19.0861 24.4815 35.1816 49.1519 49.1519
0.57711E+01 -4.4379 -4.4379 -1.00331 -0.107246 -0.107246 8.70057 8.70057 9.98767 17.9543 17.9543 23.4442 38.1912 49.9492 49.9492
0.58306E+01 -4.58893 -4.58893 -0.571521 -0.0280903 -0.0280903 9.17677 9.17677 10.0192 16.9606 16.9606 22.5288 41.9382 50.7411 50.7411
0.58900E+01 -4.70186 -4.70186 -0.223512 0.0315734 0.0315734 9.62167 9.62167 10.0503 16.1467 16.1467 21.8208 46.3628 51.405 51.405
0.59495E+01 -4.77124 -4.77124 0.00278971 0.0686271 0.0686271 9.95855 9.95855 10.0769 15.588 15.588 21.3735 50.3656 51.8404 51.8404
0.60090E+01 -4.79492 -4.79492 0.0811852 0.0811852 0.0811852 10.0883 10.0883 10.0883 15.3845 15.3845 21.2208 51.9901 51.9901 51.9901
