0 -7.99008 -0.331326 -0.331326 -0.331326 1.69391 1.69391 30.8223 30.8223 32.8469 32.8469 32.8469 34.153 34.153 34.153
0.11671 -7.93511 -0.332986 -0.332986 -0.313856 1.66191 1.70656 29.9924 30.289 31.6496 31.6496 32.8686 34.6537 35.051 35.051
0.233424 -7.77076 -0.337448 -0.337448 -0.261839 1.56593 1.74346 27.9679 29.1897 29.7801 29.7801 32.9367 35.6632 35.9707 35.9707
0.350126 -7.5 -0.342319 -0.342319 -0.176605 1.40721 1.80172 25.6413 27.7583 27.7583 27.9815 33.0509 36.3462 36.3462 36.7435
0.466847 -7.12775 -0.342673 -0.342673 -0.0602759 1.18908 1.87707 23.5947 25.7714 25.7714 26.834 33.2142 36.2184 36.2184 37.7748
0.58355 -6.66216 -0.331707 -0.331707 0.0842791 0.917595 1.96496 21.971 23.9523 23.9523 25.8252 33.4292 35.9109 35.9109 38.7109
0.700271 -6.11576 -0.301801 -0.301801 0.253496 0.600991 2.06273 20.7185 22.3256 22.3256 24.9956 33.704 35.7313 35.7313 39.4919
0.816973 -5.50758 -0.245409 -0.245409 0.249294 0.443165 2.17321 19.7506 20.8562 20.8562 24.3232 34.0496 35.8075 35.8075 39.9028
0.933676 -4.86485 -0.155976 -0.155976 -0.126383 0.648556 2.30965 18.9955 19.5002 19.5002 23.6989 34.4768 36.1612 36.1612 39.5164
1.0504 -4.22702 -0.514377 -0.028308 -0.028308 0.864315 2.49991 18.2275 18.2275 18.4012 22.9857 35.0102 36.7789 36.7789 38.0524
1.1671 -3.64687 -0.903064 0.140906 0.140906 1.08481 2.78699 17.021 17.021 17.9304 22.1561 35.6768 35.8102 37.6415 37.6415
1.28382 -3.18019 -1.28136 0.35266 0.35266 1.304 3.22264 15.8754 15.8754 17.5571 21.3144 33.3503 36.5258 38.7381 38.7381
1.40052 -2.86645 -1.63902 0.605127 0.605127 1.51578 3.84851 14.7924 14.7924 17.2621 20.568 31.0019 37.617 40.066 40.066
1.51724 -2.709 -1.96697 0.892914 0.892914 1.71399 4.67356 13.7812 13.7812 17.0302 19.944 28.8495 39.0483 41.647 41.647
1.63395 -2.67616 -2.25735 1.20593 1.20593 1.89274 5.67194 12.8552 12.8552 16.8504 19.4014 26.917 40.9477 43.5028 43.5028
1.75067 -2.72168 -2.50364 1.52792 1.52792 2.04657 6.79387 12.0351 12.0351 16.714 18.8602 25.2465 43.4375 45.6471 45.6471
1.86737 -2.80196 -2.70054 1.83495 1.83495 2.17065 7.97239 11.3471 11.3471 16.6145 18.2335 23.9158 46.4961 48.0172 48.0172
1.98411 -2.8825 -2.84413 2.09495 2.09495 2.26132 9.10656 10.8233 10.8233 16.5464 17.4972 22.9958 49.6472 50.3519 50.3519
2.10076 -2.93992 -2.93121 2.27169 2.27169 2.31629 10.0124 10.4943 10.4943 16.507 16.8022 22.4842 51.9792 52.137 52.137
2.21759 -2.9606 -2.9606 2.33463 2.33463 2.33463 10.3822 10.3822 10.3822 16.4942 16.4942 22.3242 52.8119 52.8119 52.8119
2.33424 -2.93937 -2.93556 2.25612 2.27615 2.33836 10.2097 10.305 10.4859 16.5766 16.7222 22.469 51.3669 52.1806 52.8989
2.44613 -2.87543 -2.864 2.03313 2.10662 2.34929 9.75256 10.103 10.7926 16.7886 17.3462 22.9022 47.7614 50.4091 53.1602
2.55822 -2.7693 -2.75488 1.69883 1.84515 2.36693 9.12398 9.84236 11.2827 17.055 18.2542 23.6168 43.6933 47.8485 53.601
2.6703 -2.62525 -2.62024 1.29423 1.52591 2.39038 8.41049 9.58086 11.9227 17.3132 19.3623 24.5871 40.2211 44.994 54.2323
2.7822 -2.50296 -2.42845 0.856261 1.19858 2.41849 7.66055 9.35255 12.6783 17.5353 20.626 25.7659 37.4293 42.2484 55.0622
2.89429 -2.42736 -2.19397 0.413722 0.925078 2.44984 6.90081 9.16969 13.5222 17.7192 22.0282 27.0838 35.1245 39.8375 56.0827
3.00618 -2.43985 -1.91699 -0.0121093 0.76532 2.48282 6.14515 9.03173 14.4346 17.8762 23.5697 28.4359 33.1326 37.8864 57.2772
3.11827 -2.5576 -1.59815 -0.405558 0.748313 2.51577 5.40255 8.93241 15.4014 18.024 25.2701 29.6196 31.3475 36.5612 58.5834
3.23016 -2.75597 -1.23855 -0.755007 0.853512 2.54699 4.67954 8.86411 16.4117 18.1867 27.1795 29.7121 30.2509 36.2102 59.8977
3.34225 -2.98645 -1.05158 -0.840451 1.02962 2.57482 3.9832 8.81948 17.4553 18.402 28.1883 29.4046 30.0958 37.0537 60.7059
3.45415 -3.20441 -1.2887 -0.40847 1.22356 2.59793 3.32169 8.79227 18.5184 18.735 26.7711 29.4971 32.1584 38.7898 58.9535
3.56623 -3.37857 -1.46147 0.0450321 1.39252 2.61515 2.71083 8.77649 19.2893 19.5693 25.4745 28.7815 35.7231 41.2252 57.2909
3.67813 -3.49013 -1.56645 0.475301 1.50588 2.19487 2.62574 8.76887 20.0959 20.5084 24.3909 28.0958 39.7177 44.3219 55.7344
3.79021 -3.52823 -1.60166 0.698299 1.54553 1.94668 2.62933 8.76669 20.6045 20.968 23.8834 27.7447 41.6851 46.3328 54.7983
3.9023 -3.5549 -1.58689 0.555303 1.54354 1.94159 2.58416 9.02357 20.6197 21.0486 23.9096 27.7529 41.5082 45.7042 55.0731
4.0142 -3.64687 -1.54313 0.209615 1.52933 1.92689 2.45221 9.73134 20.6804 21.2935 23.9893 27.7801 41.0593 44.0661 55.7997
4.12628 -3.83789 -1.47214 -0.178444 1.49869 1.90417 2.24393 10.7662 20.8227 21.7062 24.1283 27.8345 40.5014 42.077 56.7766
4.23818 -4.16035 -1.37679 -0.479492 1.45682 1.87579 1.97576 12.0225 21.0891 22.281 24.3381 27.9243 39.9572 40.3001 54.703
4.35026 -4.61233 -1.26106 -0.638978 1.41211 1.66719 1.84444 13.4334 21.516 23.0018 24.6358 28.0658 38.9041 39.4756 51.669
4.46216 -5.1503 -1.12995 -0.672448 1.33804 1.37434 1.81288 14.9589 22.1267 23.8489 25.0486 28.2808 37.851 39.0511 48.8526
4.57425 -5.71711 -0.989488 -0.626134 1.00674 1.35398 1.78335 16.581 22.9302 24.8026 25.6163 28.5883 37.0537 38.6456 46.3002
4.68614 -6.26651 -0.846519 -0.545534 0.689319 1.36065 1.75747 18.3037 23.921 25.8451 26.3918 29.0073 36.4633 38.2075 43.9981
4.79823 -6.76611 -0.708394 -0.464308 0.3993 1.39921 1.73617 20.1647 25.0791 26.9621 27.4318 29.5461 36.0496 37.6905 41.911
4.91031 -7.19469 -0.582786 -0.401286 0.147663 1.46566 1.71968 22.2524 26.3686 28.142 28.7515 30.1747 35.802 37.0592 40.0062
5.02221 -7.5381 -0.476961 -0.361503 -0.0569072 1.54629 1.70773 24.6883 27.7366 29.3747 30.2455 30.8196 35.6796 36.3054 38.2483
5.13429 -7.7879 -0.397205 -0.341122 -0.207773 1.62202 1.69981 27.4536 29.0944 30.6536 31.3883 31.6142 35.4428 35.4918 36.6184
5.24619 -7.93947 -0.347925 -0.333122 -0.300196 1.67502 1.69535 29.9407 30.2727 31.9434 31.9979 32.5312 34.5911 34.9204 35.1245
5.35828 -7.99008 -0.331326 -0.331326 -0.331326 1.69391 1.69391 30.8223 30.8223 32.8469 32.8469 32.8469 34.153 34.153 34.153
5.47017 -7.93865 -0.343299 -0.343299 -0.294536 1.68509 1.68509 30.074 30.074 31.6849 32.4305 32.4305 34.6782 34.6782 35.2469
5.58321 -7.78463 -0.380959 -0.380959 -0.184901 1.66131 1.66131 28.0386 28.0386 30.0142 32.2537 32.2537 35.1843 35.1843 36.7299
5.69624 -7.53075 -0.447763 -0.447763 -0.00463056 1.63007 1.63007 25.6348 25.6348 28.2808 32.3081 32.3081 35.3911 35.3911 38.1612
5.80909 -7.18163 -0.546132 -0.546132 0.242881 1.60163 1.60163 23.4451 23.4451 26.5355 32.4659 32.4659 35.4836 35.4836 39.5273
5.92213 -6.74434 -0.674978 -0.674978 0.553289 1.5852 1.5852 21.5955 21.5955 24.8073 32.7108 32.7108 35.6551 35.6551 40.847
6.03497 -6.22869 -0.828804 -0.828804 0.921704 1.58612 1.58612 20.0197 20.0197 23.1158 33.0482 33.0482 35.9952 35.9952 42.1695
6.14801 -5.64827 -0.998359 -0.998359 1.34334 1.60517 1.60517 18.6327 18.6327 21.4809 33.4972 33.4972 36.5367 36.5367 43.5573
6.26104 -5.01968 -1.17238 -1.17238 1.63973 1.63973 1.81486 17.3777 17.3777 19.9209 34.0823 34.0823 37.2633 37.2633 45.0811
6.37389 -4.36607 -1.33983 -1.33983 1.68547 1.68547 2.33612 16.2226 16.2226 18.4556 34.8442 34.8442 38.1585 38.1585 46.8063
6.48693 -3.71544 -1.49116 -1.49116 1.73761 1.73761 2.91243 15.151 15.151 17.1037 35.8401 35.8401 39.2062 39.2062 48.7601
6.59996 -3.10319 -1.619 -1.619 1.79173 1.79173 3.55707 14.1537 14.1537 15.8849 37.1435 37.1435 40.398 40.398 50.8798
6.71281 -2.5687 -1.7184 -1.7184 1.84406 1.84406 4.29015 13.2261 13.2261 14.8163 38.8415 38.8415 41.7341 41.7341 52.9044
6.82584 -2.14907 -1.78678 -1.78678 1.89152 1.89152 5.13506 12.3654 12.3654 13.9121 40.964 40.964 43.2471 43.2471 54.382
6.93869 -1.86809 -1.82379 -1.82379 1.93168 1.93168 6.1076 11.57 11.57 13.1771 43.3124 43.3124 45.0294 45.0294 54.9099
7.05172 -1.83108 -1.83108 -1.72762 1.96251 1.96251 7.20367 10.8399 10.8399 12.61 45.3478 45.3478 47.1437 47.1437 54.3792
7.16476 -1.81228 -1.81228 -1.70722 1.98229 1.98229 8.39117 10.1762 10.1762 12.213 46.7709 46.7709 49.1166 49.1166 52.8744
7.27761 -1.77269 -1.77269 -1.77269 1.98926 1.98926 9.58058 9.58058 9.58058 12.041 47.3369 47.3369 50.6023 50.6023 50.6023
7.39064 -1.83413 -1.82226 -1.6704 1.97631 1.98831 8.64587 9.49405 10.5526 12.2552 46.2784 47.2118 48.224 50.42 52.5806
7.50159 -1.96382 -1.85938 -1.52386 1.93903 1.98551 7.74735 9.30847 11.5632 12.828 43.5491 45.3178 46.839 49.8757 54.303
7.61234 -2.17792 -1.85435 -1.3311 1.88295 1.98102 6.88502 9.12452 12.6149 13.6539 40.3354 41.9164 46.224 49.1465 55.8813
7.72329 -2.43738 -1.82602 -1.09167 1.81603 1.97522 6.06106 8.98302 13.7118 14.6642 37.4674 38.3027 45.4049 48.4172 57.3725
7.83424 -2.7127 -1.78224 -0.807008 1.7464 1.96863 5.27819 8.88697 14.8585 15.8114 34.8251 35.0374 44.477 47.7723 58.2759
7.94499 -2.97638 -1.73116 -0.481369 1.68079 1.96194 4.54267 8.82765 16.061 17.0523 31.6931 32.9231 43.5627 47.2471 56.9208
8.05594 -3.20468 -1.68101 -0.124468 1.62452 1.95582 3.86565 8.79418 17.323 18.3326 28.9665 31.0536 42.7709 46.8444 55.9493
8.16669 -3.38047 -1.63908 0.241139 1.58155 1.95092 3.27054 8.77676 18.633 19.5625 26.6424 29.4373 42.1722 46.5587 55.299
8.27764 -3.49068 -1.61135 0.558187 1.55467 1.94776 2.81556 8.76887 19.9024 20.5558 24.7803 28.2264 41.8076 46.39 54.9207
8.38859 -3.52823 -1.60166 0.698299 1.54553 1.94668 2.62933 8.76669 20.6045 20.968 23.8834 27.7447 41.6851 46.3328 54.7983
8.49934 -3.49068 -1.61135 0.558187 1.55467 1.94776 2.81556 8.76887 19.9024 20.5558 24.7803 28.2264 41.8076 46.39 54.9207
8.61029 -3.38047 -1.63908 0.241139 1.58155 1.95092 3.27054 8.77676 18.633 19.5625 26.6424 29.4373 42.1722 46.5587 55.299
8.72123 -3.20468 -1.68101 -0.124468 1.62452 1.95582 3.86565 8.79418 17.323 18.3326 28.9665 31.0536 42.7709 46.8444 55.9493
8.83199 -2.97638 -1.73116 -0.481369 1.68079 1.96194 4.54267 8.82765 16.061 17.0523 31.6931 32.9231 43.5627 47.2471 56.9208
8.94294 -2.7127 -1.78224 -0.807008 1.7464 1.96863 5.27819 8.88697 14.8585 15.8114 34.8251 35.0374 44.477 47.7723 58.2759
9.05369 -2.43738 -1.82602 -1.09167 1.81603 1.97522 6.06106 8.98302 13.7118 14.6642 37.4674 38.3027 45.4049 48.4172 57.3725
9.16464 -2.17792 -1.85435 -1.3311 1.88295 1.98102 6.88502 9.12452 12.6149 13.6539 40.3354 41.9164 46.224 49.1465 55.8813
9.27558 -1.96382 -1.85938 -1.52386 1.93903 1.98551 7.74735 9.30847 11.5632 12.828 43.5491 45.3178 46.839 49.8757 54.303
9.38634 -1.83413 -1.82226 -1.6704 1.97631 1.98831 8.64587 9.49405 10.5526 12.2552 46.2784 47.2118 48.224 50.42 52.5806
9.49729 -1.77269 -1.77269 -1.77269 1.98926 1.98926 9.58058 9.58058 9.58058 12.041 47.3369 47.3369 50.6023 50.6023 50.6023
9.60823 -1.88526 -1.7193 -1.7193 1.98161 1.98161 9.05595 9.05595 10.4718 12.3668 46.6322 46.6322 47.9791 51.6309 51.6309
9.72108 -2.00717 -1.66011 -1.66011 1.9571 1.9571 8.60859 8.60859 10.7588 13.471 44.0879 44.0879 45.4104 51.9547 51.9547
9.83411 -2.10515 -1.60398 -1.60398 1.91405 1.91405 8.25321 8.25321 10.7866 14.9848 39.5436 39.5436 43.0566 51.3234 51.3234
9.94696 -2.15204 -1.56085 -1.56085 1.85476 1.85476 8.00287 8.00287 10.77 16.6686 34.9612 34.9612 40.8905 50.303 50.303
10.06 -2.12758 -1.54201 -1.54201 1.78749 1.78749 7.86055 7.86055 10.7537 18.4553 31.4999 31.4999 38.8606 49.4322 49.4322
10.173 -2.01811 -1.55859 -1.55859 1.72588 1.72588 7.8211 7.8211 10.745 20.3138 28.9175 28.9175 36.9449 48.8063 48.8063
10.2859 -1.81628 -1.61908 -1.61908 1.68547 1.68547 7.87361 7.87361 10.7417 22.2124 26.8489 26.8489 35.1462 48.4199 48.4199
10.3989 -1.72615 -1.72615 -1.52071 1.67867 1.67867 8.00559 8.00559 10.7398 24.0883 25.0881 25.0881 33.5353 48.2676 48.2676
10.5119 -1.87462 -1.87462 -1.1358 1.71037 1.71037 8.20342 8.20342 10.7338 23.5294 23.5294 25.758 32.3135 48.3492 48.3492
10.6248 -2.05261 -2.05261 -0.671985 1.77753 1.77753 8.45512 8.45512 10.7183 22.1226 22.1226 26.6783 32.0605 48.6567 48.6567
10.7378 -2.24464 -2.24464 -0.14625 1.87111 1.87111 8.74955 8.74955 10.6889 20.8464 20.8464 26.3809 33.3231 49.1791 49.1791
10.8507 -2.43493 -2.43493 0.416824 1.97908 1.97908 9.07609 9.07609 10.6421 19.6942 19.6942 25.4669 35.617 49.8839 49.8839
10.9637 -2.60941 -2.60941 0.983664 2.08875 2.08875 9.42113 9.42113 10.579 18.6722 18.6722 24.4677 38.6238 50.6975 50.6975
11.0767 -2.75679 -2.75679 1.51064 2.18809 2.18809 9.76508 9.76508 10.5069 17.7987 17.7987 23.5822 42.4171 51.5112 51.5112
11.1896 -2.86781 -2.86781 1.94534 2.26687 2.26687 10.0745 10.0745 10.4405 17.1086 17.1086 22.8995 46.9532 52.2023 52.2023
11.3026 -2.93692 -2.93692 2.23362 2.31729 2.31729 10.2987 10.2987 10.3967 16.6545 16.6545 22.4706 51.1111 52.6568 52.6568
11.4157 -2.9606 -2.9606 2.33463 2.33463 2.33463 10.3822 10.3822 10.3822 16.4942 16.4942 22.3242 52.8119 52.8119 52.8119
