  0.00000000E+00 -0.69835600E+02 -0.67231400E+02
  0.11091208E+00 -0.69834700E+02 -0.67230400E+02
  0.22182416E+00 -0.69831800E+02 -0.67227300E+02
  0.33273625E+00 -0.69827100E+02 -0.67222200E+02
  0.44364833E+00 -0.69820800E+02 -0.67215300E+02
  0.55456041E+00 -0.69813000E+02 -0.67206800E+02
  0.66547249E+00 -0.69804100E+02 -0.67197100E+02
  0.77638458E+00 -0.69794200E+02 -0.67186300E+02
  0.88729666E+00 -0.69783700E+02 -0.67174900E+02
  0.99820874E+00 -0.69772900E+02 -0.67163100E+02
  0.11091208E+01 -0.69762100E+02 -0.67151300E+02
  0.12200329E+01 -0.69751500E+02 -0.67139800E+02
  0.13309450E+01 -0.69741400E+02 -0.67128800E+02
  0.14418571E+01 -0.69732000E+02 -0.67118700E+02
  0.15527692E+01 -0.69723600E+02 -0.67109500E+02
  0.16636812E+01 -0.69716200E+02 -0.67101500E+02
  0.17745933E+01 -0.69710000E+02 -0.67094800E+02
  0.18855054E+01 -0.69705100E+02 -0.67089500E+02
  0.19964175E+01 -0.69701600E+02 -0.67085700E+02
  0.21073296E+01 -0.69699400E+02 -0.67083400E+02
  0.22193677E+01 -0.69698600E+02 -0.67082500E+02
  0.23314058E+01 -0.69699400E+02 -0.67083400E+02
  0.24434439E+01 -0.69701600E+02 -0.67085700E+02
  0.25554821E+01 -0.69705000E+02 -0.67089500E+02
  0.26675202E+01 -0.69709600E+02 -0.67094400E+02
  0.27795583E+01 -0.69715100E+02 -0.67100400E+02
  0.28915964E+01 -0.69721300E+02 -0.67107000E+02
  0.30036345E+01 -0.69727700E+02 -0.67114000E+02
  0.31156727E+01 -0.69734200E+02 -0.67121000E+02
  0.32277108E+01 -0.69740300E+02 -0.67127600E+02
  0.33397489E+01 -0.69745800E+02 -0.67133600E+02
  0.34517870E+01 -0.69750400E+02 -0.67138500E+02
  0.35638251E+01 -0.69753800E+02 -0.67142300E+02
  0.36758633E+01 -0.69756000E+02 -0.67144600E+02
  0.37879014E+01 -0.69756700E+02 -0.67145400E+02
  0.38999395E+01 -0.69757700E+02 -0.67146500E+02
  0.40119776E+01 -0.69760600E+02 -0.67149700E+02
  0.41240158E+01 -0.69765400E+02 -0.67154800E+02
  0.42360539E+01 -0.69771600E+02 -0.67161600E+02
  0.43480920E+01 -0.69779100E+02 -0.67169800E+02
  0.44601301E+01 -0.69787500E+02 -0.67178900E+02
  0.45721682E+01 -0.69796200E+02 -0.67188500E+02
  0.46842064E+01 -0.69805000E+02 -0.67198100E+02
  0.47962445E+01 -0.69813400E+02 -0.67207200E+02
  0.49082826E+01 -0.69820800E+02 -0.67215300E+02
  0.50203207E+01 -0.69827000E+02 -0.67222100E+02
  0.51323589E+01 -0.69831700E+02 -0.67227200E+02
  0.52443970E+01 -0.69834600E+02 -0.67230400E+02
  0.53574001E+01 -0.69835600E+02 -0.67231400E+02
  0.54704033E+01 -0.69834600E+02 -0.67230400E+02
  0.55834064E+01 -0.69831700E+02 -0.67227100E+02
  0.56964096E+01 -0.69826900E+02 -0.67222000E+02
  0.58094127E+01 -0.69820700E+02 -0.67215100E+02
  0.59224159E+01 -0.69813200E+02 -0.67207000E+02
  0.60354191E+01 -0.69805000E+02 -0.67198000E+02
  0.61484222E+01 -0.69796300E+02 -0.67188600E+02
  0.62614254E+01 -0.69787800E+02 -0.67179200E+02
  0.63744285E+01 -0.69779600E+02 -0.67170300E+02
  0.64874317E+01 -0.69772200E+02 -0.67162200E+02
  0.66004348E+01 -0.69765900E+02 -0.67155300E+02
  0.67134380E+01 -0.69760700E+02 -0.67149600E+02
  0.68264411E+01 -0.69756800E+02 -0.67145400E+02
  0.69394443E+01 -0.69754100E+02 -0.67142400E+02
  0.70524474E+01 -0.69752400E+02 -0.67140600E+02
  0.71654506E+01 -0.69751700E+02 -0.67139800E+02
  0.72763627E+01 -0.69751500E+02 -0.67139600E+02
  0.73872748E+01 -0.69751600E+02 -0.67139700E+02
  0.74981868E+01 -0.69752000E+02 -0.67140100E+02
  0.76090989E+01 -0.69752600E+02 -0.67140800E+02
  0.77200110E+01 -0.69753300E+02 -0.67141600E+02
  0.78309231E+01 -0.69754100E+02 -0.67142500E+02
  0.79418352E+01 -0.69754900E+02 -0.67143400E+02
  0.80527473E+01 -0.69755600E+02 -0.67144200E+02
  0.81636593E+01 -0.69756200E+02 -0.67144800E+02
  0.82745714E+01 -0.69756600E+02 -0.67145200E+02
  0.83854835E+01 -0.69756700E+02 -0.67145400E+02
  0.84963956E+01 -0.69756600E+02 -0.67145200E+02
  0.86073077E+01 -0.69756200E+02 -0.67144800E+02
  0.87182197E+01 -0.69755600E+02 -0.67144200E+02
  0.88291318E+01 -0.69754900E+02 -0.67143400E+02
  0.89400439E+01 -0.69754100E+02 -0.67142500E+02
  0.90509560E+01 -0.69753300E+02 -0.67141600E+02
  0.91618681E+01 -0.69752600E+02 -0.67140800E+02
  0.92727802E+01 -0.69752000E+02 -0.67140100E+02
  0.93836922E+01 -0.69751600E+02 -0.67139700E+02
  0.94966954E+01 -0.69751500E+02 -0.67139600E+02
  0.96096985E+01 -0.69751600E+02 -0.67139700E+02
  0.97227017E+01 -0.69751600E+02 -0.67139700E+02
  0.98357049E+01 -0.69751300E+02 -0.67139300E+02
  0.99487080E+01 -0.69750300E+02 -0.67138300E+02
  0.10061711E+02 -0.69748500E+02 -0.67136500E+02
  0.10174714E+02 -0.69745800E+02 -0.67133600E+02
  0.10287717E+02 -0.69742200E+02 -0.67129700E+02
  0.10400721E+02 -0.69737700E+02 -0.67124700E+02
  0.10513724E+02 -0.69732400E+02 -0.67119100E+02
  0.10626727E+02 -0.69726700E+02 -0.67112900E+02
  0.10739730E+02 -0.69720800E+02 -0.67106500E+02
  0.10852733E+02 -0.69715000E+02 -0.67100200E+02
  0.10965736E+02 -0.69709600E+02 -0.67094400E+02
  0.11078740E+02 -0.69705100E+02 -0.67089500E+02
  0.11191743E+02 -0.69701600E+02 -0.67085800E+02
  0.11304746E+02 -0.69699400E+02 -0.67083400E+02
  0.11415658E+02 -0.69698600E+02 -0.67082500E+02
  
  0.00000000E+00 -0.35630000E+02 -0.33069400E+02
  0.11091208E+00 -0.35633500E+02 -0.33073200E+02
  0.22182416E+00 -0.35643600E+02 -0.33084600E+02
  0.33273625E+00 -0.35659800E+02 -0.33102800E+02
  0.44364833E+00 -0.35681200E+02 -0.33126700E+02
  0.55456041E+00 -0.35706400E+02 -0.33154900E+02
  0.66547249E+00 -0.35734200E+02 -0.33185900E+02
  0.77638458E+00 -0.35763100E+02 -0.33218100E+02
  0.88729666E+00 -0.35791800E+02 -0.33249900E+02
  0.99820874E+00 -0.35819000E+02 -0.33280000E+02
  0.11091208E+01 -0.35843700E+02 -0.33307200E+02
  0.12200329E+01 -0.35865200E+02 -0.33330800E+02
  0.13309450E+01 -0.35883100E+02 -0.33350300E+02
  0.14418571E+01 -0.35897400E+02 -0.33365700E+02
  0.15527692E+01 -0.35908100E+02 -0.33377100E+02
  0.16636812E+01 -0.35915800E+02 -0.33385100E+02
  0.17745933E+01 -0.35920900E+02 -0.33390200E+02
  0.18855054E+01 -0.35924000E+02 -0.33393300E+02
  0.19964175E+01 -0.35925800E+02 -0.33394900E+02
  0.21073296E+01 -0.35926600E+02 -0.33395600E+02
  0.22193677E+01 -0.35926800E+02 -0.33395800E+02
  0.23314058E+01 -0.35928300E+02 -0.33397500E+02
  0.24434439E+01 -0.35932600E+02 -0.33402300E+02
  0.25554821E+01 -0.35939500E+02 -0.33410200E+02
  0.26675202E+01 -0.35948700E+02 -0.33420600E+02
  0.27795583E+01 -0.35959700E+02 -0.33433000E+02
  0.28915964E+01 -0.35971900E+02 -0.33446900E+02
  0.30036345E+01 -0.35984800E+02 -0.33461400E+02
  0.31156727E+01 -0.35997700E+02 -0.33476000E+02
  0.32277108E+01 -0.36009900E+02 -0.33489800E+02
  0.33397489E+01 -0.36020800E+02 -0.33502200E+02
  0.34517870E+01 -0.36029900E+02 -0.33512500E+02
  0.35638251E+01 -0.36036800E+02 -0.33520200E+02
  0.36758633E+01 -0.36041000E+02 -0.33525000E+02
  0.37879014E+01 -0.36042500E+02 -0.33526700E+02
  0.38999395E+01 -0.36037400E+02 -0.33521100E+02
  0.40119776E+01 -0.36022400E+02 -0.33504500E+02
  0.41240158E+01 -0.35998300E+02 -0.33477800E+02
  0.42360539E+01 -0.35966100E+02 -0.33442200E+02
  0.43480920E+01 -0.35927400E+02 -0.33399300E+02
  0.44601301E+01 -0.35884100E+02 -0.33351400E+02
  0.45721682E+01 -0.35838300E+02 -0.33300600E+02
  0.46842064E+01 -0.35792300E+02 -0.33249600E+02
  0.47962445E+01 -0.35748400E+02 -0.33201000E+02
  0.49082826E+01 -0.35708900E+02 -0.33157100E+02
  0.50203207E+01 -0.35675800E+02 -0.33120300E+02
  0.51323589E+01 -0.35650800E+02 -0.33092500E+02
  0.52443970E+01 -0.35635300E+02 -0.33075200E+02
  0.53574001E+01 -0.35630000E+02 -0.33069400E+02
  0.54704033E+01 -0.35636000E+02 -0.33076000E+02
  0.55834064E+01 -0.35653400E+02 -0.33095300E+02
  0.56964096E+01 -0.35680900E+02 -0.33125800E+02
  0.58094127E+01 -0.35716500E+02 -0.33165300E+02
  0.59224159E+01 -0.35757500E+02 -0.33210800E+02
  0.60354191E+01 -0.35800900E+02 -0.33258900E+02
  0.61484222E+01 -0.35843600E+02 -0.33306200E+02
  0.62614254E+01 -0.35882600E+02 -0.33349400E+02
  0.63744285E+01 -0.35915100E+02 -0.33385400E+02
  0.64874317E+01 -0.35939000E+02 -0.33411800E+02
  0.66004348E+01 -0.35952800E+02 -0.33427000E+02
  0.67134380E+01 -0.35955600E+02 -0.33430100E+02
  0.68264411E+01 -0.35947500E+02 -0.33421100E+02
  0.69394443E+01 -0.35929200E+02 -0.33400900E+02
  0.70524474E+01 -0.35902300E+02 -0.33371100E+02
  0.71654506E+01 -0.35869000E+02 -0.33334200E+02
  0.72763627E+01 -0.35831800E+02 -0.33293100E+02
  0.73872748E+01 -0.35864200E+02 -0.33329000E+02
  0.74981868E+01 -0.35896000E+02 -0.33364200E+02
  0.76090989E+01 -0.35926400E+02 -0.33397900E+02
  0.77200110E+01 -0.35954600E+02 -0.33429200E+02
  0.78309231E+01 -0.35979900E+02 -0.33457300E+02
  0.79418352E+01 -0.36001600E+02 -0.33481300E+02
  0.80527473E+01 -0.36019100E+02 -0.33500700E+02
  0.81636593E+01 -0.36032000E+02 -0.33515000E+02
  0.82745714E+01 -0.36039800E+02 -0.33523700E+02
  0.83854835E+01 -0.36042500E+02 -0.33526700E+02
  0.84963956E+01 -0.36039800E+02 -0.33523700E+02
  0.86073077E+01 -0.36032000E+02 -0.33515000E+02
  0.87182197E+01 -0.36019100E+02 -0.33500700E+02
  0.88291318E+01 -0.36001600E+02 -0.33481300E+02
  0.89400439E+01 -0.35979900E+02 -0.33457300E+02
  0.90509560E+01 -0.35954600E+02 -0.33429200E+02
  0.91618681E+01 -0.35926400E+02 -0.33397900E+02
  0.92727802E+01 -0.35896000E+02 -0.33364200E+02
  0.93836922E+01 -0.35864200E+02 -0.33329000E+02
  0.94966954E+01 -0.35831800E+02 -0.33293100E+02
  0.96096985E+01 -0.35850400E+02 -0.33313600E+02
  0.97227017E+01 -0.35867600E+02 -0.33332700E+02
  0.98357049E+01 -0.35883100E+02 -0.33349800E+02
  0.99487080E+01 -0.35896700E+02 -0.33364700E+02
  0.10061711E+02 -0.35908100E+02 -0.33377200E+02
  0.10174714E+02 -0.35917300E+02 -0.33387200E+02
  0.10287717E+02 -0.35924200E+02 -0.33394700E+02
  0.10400721E+02 -0.35929000E+02 -0.33399800E+02
  0.10513724E+02 -0.35931900E+02 -0.33402800E+02
  0.10626727E+02 -0.35933200E+02 -0.33403900E+02
  0.10739730E+02 -0.35933200E+02 -0.33403700E+02
  0.10852733E+02 -0.35932300E+02 -0.33402500E+02
  0.10965736E+02 -0.35930900E+02 -0.33400700E+02
  0.11078740E+02 -0.35929400E+02 -0.33398900E+02
  0.11191743E+02 -0.35928100E+02 -0.33397300E+02
  0.11304746E+02 -0.35927200E+02 -0.33396200E+02
  0.11415658E+02 -0.35926800E+02 -0.33395800E+02
  
  0.00000000E+00 -0.35630000E+02 -0.33069400E+02
  0.11091208E+00 -0.35631700E+02 -0.33071200E+02
  0.22182416E+00 -0.35636900E+02 -0.33076900E+02
  0.33273625E+00 -0.35645300E+02 -0.33086100E+02
  0.44364833E+00 -0.35656900E+02 -0.33098800E+02
  0.55456041E+00 -0.35671300E+02 -0.33114600E+02
  0.66547249E+00 -0.35688400E+02 -0.33133300E+02
  0.77638458E+00 -0.35707600E+02 -0.33154500E+02
  0.88729666E+00 -0.35728700E+02 -0.33177600E+02
  0.99820874E+00 -0.35751000E+02 -0.33202200E+02
  0.11091208E+01 -0.35774100E+02 -0.33227600E+02
  0.12200329E+01 -0.35797500E+02 -0.33253300E+02
  0.13309450E+01 -0.35820400E+02 -0.33278600E+02
  0.14418571E+01 -0.35842400E+02 -0.33302800E+02
  0.15527692E+01 -0.35862900E+02 -0.33325300E+02
  0.16636812E+01 -0.35881300E+02 -0.33345600E+02
  0.17745933E+01 -0.35897000E+02 -0.33363000E+02
  0.18855054E+01 -0.35909800E+02 -0.33377000E+02
  0.19964175E+01 -0.35919200E+02 -0.33387400E+02
  0.21073296E+01 -0.35924900E+02 -0.33393700E+02
  0.22193677E+01 -0.35926800E+02 -0.33395800E+02
  0.23314058E+01 -0.35924900E+02 -0.33393600E+02
  0.24434439E+01 -0.35919100E+02 -0.33387300E+02
  0.25554821E+01 -0.35909700E+02 -0.33376900E+02
  0.26675202E+01 -0.35897300E+02 -0.33363200E+02
  0.27795583E+01 -0.35882300E+02 -0.33346700E+02
  0.28915964E+01 -0.35865700E+02 -0.33328300E+02
  0.30036345E+01 -0.35848100E+02 -0.33308900E+02
  0.31156727E+01 -0.35830400E+02 -0.33289400E+02
  0.32277108E+01 -0.35813600E+02 -0.33270900E+02
  0.33397489E+01 -0.35798600E+02 -0.33254200E+02
  0.34517870E+01 -0.35785900E+02 -0.33240200E+02
  0.35638251E+01 -0.35776400E+02 -0.33229700E+02
  0.36758633E+01 -0.35770500E+02 -0.33223200E+02
  0.37879014E+01 -0.35768500E+02 -0.33221000E+02
  0.38999395E+01 -0.35766800E+02 -0.33219100E+02
  0.40119776E+01 -0.35761700E+02 -0.33213600E+02
  0.41240158E+01 -0.35753500E+02 -0.33204600E+02
  0.42360539E+01 -0.35742600E+02 -0.33192700E+02
  0.43480920E+01 -0.35729600E+02 -0.33178400E+02
  0.44601301E+01 -0.35715000E+02 -0.33162400E+02
  0.45721682E+01 -0.35699600E+02 -0.33145500E+02
  0.46842064E+01 -0.35684100E+02 -0.33128600E+02
  0.47962445E+01 -0.35669500E+02 -0.33112600E+02
  0.49082826E+01 -0.35656300E+02 -0.33098100E+02
  0.50203207E+01 -0.35645200E+02 -0.33086000E+02
  0.51323589E+01 -0.35636900E+02 -0.33076900E+02
  0.52443970E+01 -0.35631800E+02 -0.33071300E+02
  0.53574001E+01 -0.35630000E+02 -0.33069400E+02
  0.54704033E+01 -0.35630600E+02 -0.33070000E+02
  0.55834064E+01 -0.35632400E+02 -0.33072000E+02
  0.56964096E+01 -0.35635500E+02 -0.33075400E+02
  0.58094127E+01 -0.35639900E+02 -0.33080300E+02
  0.59224159E+01 -0.35645900E+02 -0.33086800E+02
  0.60354191E+01 -0.35653400E+02 -0.33095100E+02
  0.61484222E+01 -0.35662500E+02 -0.33105300E+02
  0.62614254E+01 -0.35673500E+02 -0.33117400E+02
  0.63744285E+01 -0.35686200E+02 -0.33131600E+02
  0.64874317E+01 -0.35700700E+02 -0.33147600E+02
  0.66004348E+01 -0.35716800E+02 -0.33165500E+02
  0.67134380E+01 -0.35734300E+02 -0.33184900E+02
  0.68264411E+01 -0.35753000E+02 -0.33205600E+02
  0.69394443E+01 -0.35772500E+02 -0.33227300E+02
  0.70524474E+01 -0.35792400E+02 -0.33249400E+02
  0.71654506E+01 -0.35812300E+02 -0.33271500E+02
  0.72763627E+01 -0.35831800E+02 -0.33293100E+02
  0.73872748E+01 -0.35830300E+02 -0.33291300E+02
  0.74981868E+01 -0.35825800E+02 -0.33286200E+02
  0.76090989E+01 -0.35818800E+02 -0.33278300E+02
  0.77200110E+01 -0.35810000E+02 -0.33268200E+02
  0.78309231E+01 -0.35800200E+02 -0.33257100E+02
  0.79418352E+01 -0.35790400E+02 -0.33246000E+02
  0.80527473E+01 -0.35781600E+02 -0.33235900E+02
  0.81636593E+01 -0.35774600E+02 -0.33227900E+02
  0.82745714E+01 -0.35770100E+02 -0.33222800E+02
  0.83854835E+01 -0.35768500E+02 -0.33221000E+02
  0.84963956E+01 -0.35770100E+02 -0.33222800E+02
  0.86073077E+01 -0.35774600E+02 -0.33227900E+02
  0.87182197E+01 -0.35781600E+02 -0.33235900E+02
  0.88291318E+01 -0.35790400E+02 -0.33246000E+02
  0.89400439E+01 -0.35800200E+02 -0.33257100E+02
  0.90509560E+01 -0.35810000E+02 -0.33268200E+02
  0.91618681E+01 -0.35818800E+02 -0.33278300E+02
  0.92727802E+01 -0.35825800E+02 -0.33286200E+02
  0.93836922E+01 -0.35830300E+02 -0.33291300E+02
  0.94966954E+01 -0.35831800E+02 -0.33293100E+02
  0.96096985E+01 -0.35850400E+02 -0.33313600E+02
  0.97227017E+01 -0.35867600E+02 -0.33332600E+02
  0.98357049E+01 -0.35883100E+02 -0.33349800E+02
  0.99487080E+01 -0.35896700E+02 -0.33364700E+02
  0.10061711E+02 -0.35908100E+02 -0.33377200E+02
  0.10174714E+02 -0.35917300E+02 -0.33387200E+02
  0.10287717E+02 -0.35924200E+02 -0.33394700E+02
  0.10400721E+02 -0.35929000E+02 -0.33399800E+02
  0.10513724E+02 -0.35931900E+02 -0.33402800E+02
  0.10626727E+02 -0.35933200E+02 -0.33403900E+02
  0.10739730E+02 -0.35933200E+02 -0.33403700E+02
  0.10852733E+02 -0.35932300E+02 -0.33402500E+02
  0.10965736E+02 -0.35930900E+02 -0.33400700E+02
  0.11078740E+02 -0.35929400E+02 -0.33398900E+02
  0.11191743E+02 -0.35928100E+02 -0.33397300E+02
  0.11304746E+02 -0.35927200E+02 -0.33396200E+02
  0.11415658E+02 -0.35926800E+02 -0.33395800E+02
  
  0.00000000E+00 -0.35630000E+02 -0.33069400E+02
  0.11091208E+00 -0.35631700E+02 -0.33071200E+02
  0.22182416E+00 -0.35636900E+02 -0.33076900E+02
  0.33273625E+00 -0.35645300E+02 -0.33086100E+02
  0.44364833E+00 -0.35656900E+02 -0.33098800E+02
  0.55456041E+00 -0.35671300E+02 -0.33114600E+02
  0.66547249E+00 -0.35688400E+02 -0.33133300E+02
  0.77638458E+00 -0.35707600E+02 -0.33154500E+02
  0.88729666E+00 -0.35728700E+02 -0.33177600E+02
  0.99820874E+00 -0.35751000E+02 -0.33202200E+02
  0.11091208E+01 -0.35774100E+02 -0.33227600E+02
  0.12200329E+01 -0.35797500E+02 -0.33253300E+02
  0.13309450E+01 -0.35820400E+02 -0.33278600E+02
  0.14418571E+01 -0.35842400E+02 -0.33302800E+02
  0.15527692E+01 -0.35862900E+02 -0.33325300E+02
  0.16636812E+01 -0.35881300E+02 -0.33345600E+02
  0.17745933E+01 -0.35897000E+02 -0.33363000E+02
  0.18855054E+01 -0.35909800E+02 -0.33377000E+02
  0.19964175E+01 -0.35919200E+02 -0.33387400E+02
  0.21073296E+01 -0.35924900E+02 -0.33393700E+02
  0.22193677E+01 -0.35926800E+02 -0.33395800E+02
  0.23314058E+01 -0.35923200E+02 -0.33391800E+02
  0.24434439E+01 -0.35912400E+02 -0.33380000E+02
  0.25554821E+01 -0.35894900E+02 -0.33360900E+02
  0.26675202E+01 -0.35871700E+02 -0.33335400E+02
  0.27795583E+01 -0.35843800E+02 -0.33304800E+02
  0.28915964E+01 -0.35812600E+02 -0.33270500E+02
  0.30036345E+01 -0.35779600E+02 -0.33234300E+02
  0.31156727E+01 -0.35746500E+02 -0.33198000E+02
  0.32277108E+01 -0.35714900E+02 -0.33163300E+02
  0.33397489E+01 -0.35686500E+02 -0.33132000E+02
  0.34517870E+01 -0.35662700E+02 -0.33105800E+02
  0.35638251E+01 -0.35644700E+02 -0.33086000E+02
  0.36758633E+01 -0.35633600E+02 -0.33073800E+02
  0.37879014E+01 -0.35629800E+02 -0.33069600E+02
  0.38999395E+01 -0.35629800E+02 -0.33069600E+02
  0.40119776E+01 -0.35629800E+02 -0.33069600E+02
  0.41240158E+01 -0.35629800E+02 -0.33069500E+02
  0.42360539E+01 -0.35629800E+02 -0.33069500E+02
  0.43480920E+01 -0.35629800E+02 -0.33069500E+02
  0.44601301E+01 -0.35629900E+02 -0.33069500E+02
  0.45721682E+01 -0.35629900E+02 -0.33069400E+02
  0.46842064E+01 -0.35629900E+02 -0.33069400E+02
  0.47962445E+01 -0.35629900E+02 -0.33069400E+02
  0.49082826E+01 -0.35630000E+02 -0.33069400E+02
  0.50203207E+01 -0.35630000E+02 -0.33069400E+02
  0.51323589E+01 -0.35630000E+02 -0.33069400E+02
  0.52443970E+01 -0.35630000E+02 -0.33069400E+02
  0.53574001E+01 -0.35630000E+02 -0.33069400E+02
  0.54704033E+01 -0.35630600E+02 -0.33070000E+02
  0.55834064E+01 -0.35632400E+02 -0.33072000E+02
  0.56964096E+01 -0.35635500E+02 -0.33075400E+02
  0.58094127E+01 -0.35639900E+02 -0.33080300E+02
  0.59224159E+01 -0.35645900E+02 -0.33086800E+02
  0.60354191E+01 -0.35653400E+02 -0.33095100E+02
  0.61484222E+01 -0.35662500E+02 -0.33105300E+02
  0.62614254E+01 -0.35673500E+02 -0.33117400E+02
  0.63744285E+01 -0.35686200E+02 -0.33131600E+02
  0.64874317E+01 -0.35700700E+02 -0.33147600E+02
  0.66004348E+01 -0.35716800E+02 -0.33165500E+02
  0.67134380E+01 -0.35734300E+02 -0.33184900E+02
  0.68264411E+01 -0.35753000E+02 -0.33205600E+02
  0.69394443E+01 -0.35772500E+02 -0.33227300E+02
  0.70524474E+01 -0.35792400E+02 -0.33249400E+02
  0.71654506E+01 -0.35812300E+02 -0.33271500E+02
  0.72763627E+01 -0.35831800E+02 -0.33293100E+02
  0.73872748E+01 -0.35799600E+02 -0.33257400E+02
  0.74981868E+01 -0.35768400E+02 -0.33222900E+02
  0.76090989E+01 -0.35739000E+02 -0.33190300E+02
  0.77200110E+01 -0.35712000E+02 -0.33160400E+02
  0.78309231E+01 -0.35688000E+02 -0.33133900E+02
  0.79418352E+01 -0.35667700E+02 -0.33111400E+02
  0.80527473E+01 -0.35651400E+02 -0.33093400E+02
  0.81636593E+01 -0.35639500E+02 -0.33080300E+02
  0.82745714E+01 -0.35632200E+02 -0.33072300E+02
  0.83854835E+01 -0.35629800E+02 -0.33069600E+02
  0.84963956E+01 -0.35632200E+02 -0.33072300E+02
  0.86073077E+01 -0.35639500E+02 -0.33080300E+02
  0.87182197E+01 -0.35651400E+02 -0.33093400E+02
  0.88291318E+01 -0.35667700E+02 -0.33111400E+02
  0.89400439E+01 -0.35688000E+02 -0.33133900E+02
  0.90509560E+01 -0.35712000E+02 -0.33160400E+02
  0.91618681E+01 -0.35739000E+02 -0.33190300E+02
  0.92727802E+01 -0.35768400E+02 -0.33222900E+02
  0.93836922E+01 -0.35799600E+02 -0.33257400E+02
  0.94966954E+01 -0.35831800E+02 -0.33293100E+02
  0.96096985E+01 -0.35793700E+02 -0.33250800E+02
  0.97227017E+01 -0.35757500E+02 -0.33210700E+02
  0.98357049E+01 -0.35726100E+02 -0.33175900E+02
  0.99487080E+01 -0.35701900E+02 -0.33148900E+02
  0.10061711E+02 -0.35686600E+02 -0.33131900E+02
  0.10174714E+02 -0.35681400E+02 -0.33125900E+02
  0.10287717E+02 -0.35686500E+02 -0.33131400E+02
  0.10400721E+02 -0.35701400E+02 -0.33147700E+02
  0.10513724E+02 -0.35724700E+02 -0.33173300E+02
  0.10626727E+02 -0.35754400E+02 -0.33206000E+02
  0.10739730E+02 -0.35788000E+02 -0.33243000E+02
  0.10852733E+02 -0.35822900E+02 -0.33281400E+02
  0.10965736E+02 -0.35856200E+02 -0.33318100E+02
  0.11078740E+02 -0.35885200E+02 -0.33350000E+02
  0.11191743E+02 -0.35907700E+02 -0.33374800E+02
  0.11304746E+02 -0.35922000E+02 -0.33390500E+02
  0.11415658E+02 -0.35926800E+02 -0.33395800E+02
  
  0.00000000E+00  0.97387000E+01  0.98935000E+01
  0.11091208E+00  0.97908000E+01  0.99459000E+01
  0.22182416E+00  0.99460000E+01  0.10102100E+02
  0.33273625E+00  0.10200700E+02  0.10359200E+02
  0.44364833E+00  0.10548500E+02  0.10711800E+02
  0.55456041E+00  0.10979700E+02  0.11152500E+02
  0.66547249E+00  0.11479200E+02  0.11670400E+02
  0.77638458E+00  0.12024700E+02  0.12250600E+02
  0.88729666E+00  0.12583200E+02  0.12872300E+02
  0.99820874E+00  0.13108000E+02  0.13506600E+02
  0.11091208E+01  0.13543400E+02  0.14114500E+02
  0.12200329E+01  0.13843000E+02  0.14648000E+02
  0.13309450E+01  0.13993300E+02  0.15060700E+02
  0.14418571E+01  0.14016400E+02  0.15325900E+02
  0.15527692E+01  0.13950700E+02  0.15450300E+02
  0.16636812E+01  0.13834600E+02  0.15466900E+02
  0.17745933E+01  0.13700000E+02  0.15417900E+02
  0.18855054E+01  0.13571400E+02  0.15341600E+02
  0.19964175E+01  0.13465400E+02  0.15267200E+02
  0.21073296E+01  0.13398700E+02  0.15214800E+02
  0.22193677E+01  0.13376400E+02  0.15196100E+02
  0.23314058E+01  0.13399300E+02  0.15217500E+02
  0.24434439E+01  0.13466100E+02  0.15281600E+02
  0.25554821E+01  0.13569900E+02  0.15388500E+02
  0.26675202E+01  0.13698600E+02  0.15532100E+02
  0.27795583E+01  0.13833100E+02  0.15652100E+02
  0.28915964E+01  0.13945800E+02  0.15721600E+02
  0.30036345E+01  0.14003600E+02  0.15697800E+02
  0.31156727E+01  0.13980400E+02  0.15565400E+02
  0.32277108E+01  0.13877100E+02  0.15352400E+02
  0.33397489E+01  0.13724100E+02  0.15109600E+02
  0.34517870E+01  0.13562000E+02  0.14882300E+02
  0.35638251E+01  0.13424600E+02  0.14701500E+02
  0.36758633E+01  0.13334100E+02  0.14586300E+02
  0.37879014E+01  0.13302700E+02  0.14546900E+02
  0.38999395E+01  0.13302000E+02  0.14517500E+02
  0.40119776E+01  0.13292300E+02  0.14416400E+02
  0.41240158E+01  0.13249500E+02  0.14210900E+02
  0.42360539E+01  0.13130100E+02  0.13869600E+02
  0.43480920E+01  0.12883500E+02  0.13397200E+02
  0.44601301E+01  0.12493800E+02  0.12839400E+02
  0.45721682E+01  0.12005500E+02  0.12253600E+02
  0.46842064E+01  0.11487600E+02  0.11686300E+02
  0.47962445E+01  0.10994800E+02  0.11169800E+02
  0.49082826E+01  0.10561700E+02  0.10725500E+02
  0.50203207E+01  0.10209200E+02  0.10367800E+02
  0.51323589E+01  0.99500000E+01  0.10106200E+02
  0.52443970E+01  0.97918000E+01  0.99470000E+01
  0.53574001E+01  0.97387000E+01  0.98935000E+01
  0.54704033E+01  0.97927000E+01  0.99479000E+01
  0.55834064E+01  0.99536000E+01  0.10109900E+02
  0.56964096E+01  0.10217300E+02  0.10375900E+02
  0.58094127E+01  0.10576900E+02  0.10740100E+02
  0.59224159E+01  0.11022300E+02  0.11194200E+02
  0.60354191E+01  0.11540000E+02  0.11727400E+02
  0.61484222E+01  0.12112000E+02  0.12325800E+02
  0.62614254E+01  0.12714900E+02  0.12971900E+02
  0.63744285E+01  0.13319100E+02  0.13643200E+02
  0.64874317E+01  0.13889000E+02  0.14311300E+02
  0.66004348E+01  0.14387300E+02  0.14941400E+02
  0.67134380E+01  0.14781300E+02  0.15494500E+02
  0.68264411E+01  0.14854200E+02  0.15933700E+02
  0.69394443E+01  0.14860700E+02  0.16233900E+02
  0.70524474E+01  0.14894600E+02  0.16300200E+02
  0.71654506E+01  0.14950600E+02  0.16318600E+02
  0.72763627E+01  0.15021000E+02  0.16358100E+02
  0.73872748E+01  0.14914500E+02  0.16296200E+02
  0.74981868E+01  0.14828800E+02  0.16159500E+02
  0.76090989E+01  0.14615900E+02  0.15937500E+02
  0.77200110E+01  0.14360400E+02  0.15669100E+02
  0.78309231E+01  0.14091600E+02  0.15385000E+02
  0.79418352E+01  0.13835700E+02  0.15113600E+02
  0.80527473E+01  0.13614700E+02  0.14878700E+02
  0.81636593E+01  0.13445200E+02  0.14698500E+02
  0.82745714E+01  0.13338900E+02  0.14585400E+02
  0.83854835E+01  0.13302700E+02  0.14546900E+02
  0.84963956E+01  0.13338900E+02  0.14585400E+02
  0.86073077E+01  0.13445200E+02  0.14698500E+02
  0.87182197E+01  0.13614700E+02  0.14878700E+02
  0.88291318E+01  0.13835700E+02  0.15113600E+02
  0.89400439E+01  0.14091600E+02  0.15385000E+02
  0.90509560E+01  0.14360400E+02  0.15669100E+02
  0.91618681E+01  0.14615900E+02  0.15937500E+02
  0.92727802E+01  0.14828800E+02  0.16159500E+02
  0.93836922E+01  0.14914500E+02  0.16296200E+02
  0.94966954E+01  0.15021000E+02  0.16358100E+02
  0.96096985E+01  0.14863500E+02  0.16242600E+02
  0.97227017E+01  0.14709600E+02  0.16114800E+02
  0.98357049E+01  0.14587600E+02  0.16010300E+02
  0.99487080E+01  0.14520500E+02  0.15957800E+02
  0.10061711E+02  0.14525300E+02  0.15978600E+02
  0.10174714E+02  0.14613200E+02  0.16086800E+02
  0.10287717E+02  0.14789700E+02  0.16290100E+02
  0.10400721E+02  0.14780600E+02  0.16430300E+02
  0.10513724E+02  0.14573500E+02  0.16284300E+02
  0.10626727E+02  0.14352300E+02  0.16107400E+02
  0.10739730E+02  0.14131100E+02  0.15915500E+02
  0.10852733E+02  0.13922500E+02  0.15724700E+02
  0.10965736E+02  0.13737300E+02  0.15549300E+02
  0.11078740E+02  0.13584400E+02  0.15401200E+02
  0.11191743E+02  0.13470400E+02  0.15289300E+02
  0.11304746E+02  0.13400100E+02  0.15219700E+02
  0.11415658E+02  0.13376400E+02  0.15196100E+02
  
  0.00000000E+00  0.15973300E+02  0.17826300E+02
  0.11091208E+00  0.15972700E+02  0.17823800E+02
  0.22182416E+00  0.15971800E+02  0.17817300E+02
  0.33273625E+00  0.15973100E+02  0.17810100E+02
  0.44364833E+00  0.15980400E+02  0.17806800E+02
  0.55456041E+00  0.15998400E+02  0.17813400E+02
  0.66547249E+00  0.16032100E+02  0.17836200E+02
  0.77638458E+00  0.16086800E+02  0.17881800E+02
  0.88729666E+00  0.15839000E+02  0.17955900E+02
  0.99820874E+00  0.15545400E+02  0.17849600E+02
  0.11091208E+01  0.15245500E+02  0.17473200E+02
  0.12200329E+01  0.14947100E+02  0.17101700E+02
  0.13309450E+01  0.14657800E+02  0.16744600E+02
  0.14418571E+01  0.14384800E+02  0.16410300E+02
  0.15527692E+01  0.14134600E+02  0.16106100E+02
  0.16636812E+01  0.13913200E+02  0.15838500E+02
  0.17745933E+01  0.13725300E+02  0.15612600E+02
  0.18855054E+01  0.13574900E+02  0.15432800E+02
  0.19964175E+01  0.13467100E+02  0.15302000E+02
  0.21073296E+01  0.13399700E+02  0.15222700E+02
  0.22193677E+01  0.13376400E+02  0.15196100E+02
  0.23314058E+01  0.13400100E+02  0.15221100E+02
  0.24434439E+01  0.13471100E+02  0.15293100E+02
  0.25554821E+01  0.13589500E+02  0.15402700E+02
  0.26675202E+01  0.13755100E+02  0.15538300E+02
  0.27795583E+01  0.13967600E+02  0.15731200E+02
  0.28915964E+01  0.14226900E+02  0.15967000E+02
  0.30036345E+01  0.14532100E+02  0.16245400E+02
  0.31156727E+01  0.14882200E+02  0.16565500E+02
  0.32277108E+01  0.15275600E+02  0.16925500E+02
  0.33397489E+01  0.15395200E+02  0.17089800E+02
  0.34517870E+01  0.15172800E+02  0.16849200E+02
  0.35638251E+01  0.15010300E+02  0.16674100E+02
  0.36758633E+01  0.14911400E+02  0.16567700E+02
  0.37879014E+01  0.14878200E+02  0.16532000E+02
  0.38999395E+01  0.14891000E+02  0.16546800E+02
  0.40119776E+01  0.14928800E+02  0.16590900E+02
  0.41240158E+01  0.14990200E+02  0.16662400E+02
  0.42360539E+01  0.15072600E+02  0.16758600E+02
  0.43480920E+01  0.15172400E+02  0.16875400E+02
  0.44601301E+01  0.15285300E+02  0.17007900E+02
  0.45721682E+01  0.15405900E+02  0.17150000E+02
  0.46842064E+01  0.15528500E+02  0.17295000E+02
  0.47962445E+01  0.15646800E+02  0.17435500E+02
  0.49082826E+01  0.15754500E+02  0.17564000E+02
  0.50203207E+01  0.15845700E+02  0.17673100E+02
  0.51323589E+01  0.15915100E+02  0.17756300E+02
  0.52443970E+01  0.15958500E+02  0.17808500E+02
  0.53574001E+01  0.15973300E+02  0.17826300E+02
  0.54704033E+01  0.15962800E+02  0.17813200E+02
  0.55834064E+01  0.15930300E+02  0.17772800E+02
  0.56964096E+01  0.15872400E+02  0.17702900E+02
  0.58094127E+01  0.15786900E+02  0.17601600E+02
  0.59224159E+01  0.15675100E+02  0.17470100E+02
  0.60354191E+01  0.15543200E+02  0.17313900E+02
  0.61484222E+01  0.15401100E+02  0.17142200E+02
  0.62614254E+01  0.15259700E+02  0.16966200E+02
  0.63744285E+01  0.15129300E+02  0.16797000E+02
  0.64874317E+01  0.15018500E+02  0.16644200E+02
  0.66004348E+01  0.14933500E+02  0.16515200E+02
  0.67134380E+01  0.14878200E+02  0.16414900E+02
  0.68264411E+01  0.14854200E+02  0.16345800E+02
  0.69394443E+01  0.14860700E+02  0.16308100E+02
  0.70524474E+01  0.14894600E+02  0.16300200E+02
  0.71654506E+01  0.14950600E+02  0.16318600E+02
  0.72763627E+01  0.15021000E+02  0.16358100E+02
  0.73872748E+01  0.14970900E+02  0.16306600E+02
  0.74981868E+01  0.14845000E+02  0.16270700E+02
  0.76090989E+01  0.14806800E+02  0.16275800E+02
  0.77200110E+01  0.14794000E+02  0.16304500E+02
  0.78309231E+01  0.14799500E+02  0.16348800E+02
  0.79418352E+01  0.14816500E+02  0.16400500E+02
  0.80527473E+01  0.14838300E+02  0.16451400E+02
  0.81636593E+01  0.14858700E+02  0.16494000E+02
  0.82745714E+01  0.14873000E+02  0.16522100E+02
  0.83854835E+01  0.14878200E+02  0.16532000E+02
  0.84963956E+01  0.14873000E+02  0.16522100E+02
  0.86073077E+01  0.14858700E+02  0.16494000E+02
  0.87182197E+01  0.14838300E+02  0.16451400E+02
  0.88291318E+01  0.14816500E+02  0.16400500E+02
  0.89400439E+01  0.14799500E+02  0.16348800E+02
  0.90509560E+01  0.14794000E+02  0.16304500E+02
  0.91618681E+01  0.14806800E+02  0.16275800E+02
  0.92727802E+01  0.14845000E+02  0.16270700E+02
  0.93836922E+01  0.14970900E+02  0.16306600E+02
  0.94966954E+01  0.15021000E+02  0.16358100E+02
  0.96096985E+01  0.15095800E+02  0.16412300E+02
  0.97227017E+01  0.15162800E+02  0.16473600E+02
  0.98357049E+01  0.15208600E+02  0.16532700E+02
  0.99487080E+01  0.15219200E+02  0.16579400E+02
  0.10061711E+02  0.15183700E+02  0.16602300E+02
  0.10174714E+02  0.15096400E+02  0.16590100E+02
  0.10287717E+02  0.14959200E+02  0.16533800E+02
  0.10400721E+02  0.14780600E+02  0.16430300E+02
  0.10513724E+02  0.14573500E+02  0.16284300E+02
  0.10626727E+02  0.14352300E+02  0.16107400E+02
  0.10739730E+02  0.14131100E+02  0.15915500E+02
  0.10852733E+02  0.13922500E+02  0.15724700E+02
  0.10965736E+02  0.13737300E+02  0.15549300E+02
  0.11078740E+02  0.13584400E+02  0.15401200E+02
  0.11191743E+02  0.13470400E+02  0.15289300E+02
  0.11304746E+02  0.13400100E+02  0.15219700E+02
  0.11415658E+02  0.13376400E+02  0.15196100E+02
  
  0.00000000E+00  0.15973300E+02  0.17826300E+02
  0.11091208E+00  0.15972700E+02  0.17823800E+02
  0.22182416E+00  0.15971800E+02  0.17817300E+02
  0.33273625E+00  0.15973100E+02  0.17810100E+02
  0.44364833E+00  0.15980400E+02  0.17806800E+02
  0.55456041E+00  0.15998400E+02  0.17813400E+02
  0.66547249E+00  0.16032100E+02  0.17836200E+02
  0.77638458E+00  0.16086800E+02  0.17881800E+02
  0.88729666E+00  0.16167100E+02  0.17955900E+02
  0.99820874E+00  0.16276500E+02  0.18063400E+02
  0.11091208E+01  0.16417600E+02  0.18207800E+02
  0.12200329E+01  0.16591200E+02  0.18391000E+02
  0.13309450E+01  0.16796000E+02  0.18612700E+02
  0.14418571E+01  0.17028500E+02  0.18870200E+02
  0.15527692E+01  0.17282100E+02  0.19157600E+02
  0.16636812E+01  0.17546600E+02  0.19465000E+02
  0.17745933E+01  0.17807800E+02  0.19776800E+02
  0.18855054E+01  0.18047000E+02  0.20071100E+02
  0.19964175E+01  0.18242400E+02  0.20318800E+02
  0.21073296E+01  0.18371400E+02  0.20486700E+02
  0.22193677E+01  0.18416700E+02  0.20546600E+02
  0.23314058E+01  0.18351300E+02  0.20464000E+02
  0.24434439E+01  0.18164700E+02  0.20231900E+02
  0.25554821E+01  0.17881000E+02  0.19887700E+02
  0.26675202E+01  0.17531100E+02  0.19474000E+02
  0.27795583E+01  0.17144600E+02  0.19027800E+02
  0.28915964E+01  0.16747200E+02  0.18577800E+02
  0.30036345E+01  0.16359300E+02  0.18145100E+02
  0.31156727E+01  0.15996900E+02  0.17745500E+02
  0.32277108E+01  0.15672300E+02  0.17390700E+02
  0.33397489E+01  0.15709200E+02  0.17322400E+02
  0.34517870E+01  0.16176900E+02  0.17749400E+02
  0.35638251E+01  0.16664000E+02  0.18190600E+02
  0.36758633E+01  0.17122300E+02  0.18596000E+02
  0.37879014E+01  0.17244700E+02  0.18795900E+02
  0.38999395E+01  0.17229400E+02  0.18658100E+02
  0.40119776E+01  0.17174600E+02  0.18322100E+02
  0.41240158E+01  0.17000100E+02  0.17942700E+02
  0.42360539E+01  0.16558000E+02  0.17649000E+02
  0.43480920E+01  0.16137100E+02  0.17495300E+02
  0.44601301E+01  0.15894800E+02  0.17466200E+02
  0.45721682E+01  0.15813300E+02  0.17515900E+02
  0.46842064E+01  0.15826700E+02  0.17599100E+02
  0.47962445E+01  0.15875800E+02  0.17682700E+02
  0.49082826E+01  0.15923200E+02  0.17748100E+02
  0.50203207E+01  0.15953700E+02  0.17790200E+02
  0.51323589E+01  0.15967800E+02  0.17813200E+02
  0.52443970E+01  0.15972400E+02  0.17823500E+02
  0.53574001E+01  0.15973300E+02  0.17826300E+02
  0.54704033E+01  0.15962800E+02  0.17813200E+02
  0.55834064E+01  0.15930300E+02  0.17772800E+02
  0.56964096E+01  0.15872400E+02  0.17702900E+02
  0.58094127E+01  0.15786900E+02  0.17601600E+02
  0.59224159E+01  0.15675100E+02  0.17470100E+02
  0.60354191E+01  0.15543200E+02  0.17313900E+02
  0.61484222E+01  0.15401100E+02  0.17142200E+02
  0.62614254E+01  0.15259700E+02  0.16966200E+02
  0.63744285E+01  0.15129300E+02  0.16797000E+02
  0.64874317E+01  0.15018500E+02  0.16644200E+02
  0.66004348E+01  0.14933500E+02  0.16515200E+02
  0.67134380E+01  0.14878200E+02  0.16414900E+02
  0.68264411E+01  0.15050900E+02  0.16345800E+02
  0.69394443E+01  0.15192300E+02  0.16308100E+02
  0.70524474E+01  0.15217400E+02  0.16390700E+02
  0.71654506E+01  0.15150100E+02  0.16421000E+02
  0.72763627E+01  0.15021000E+02  0.16358100E+02
  0.73872748E+01  0.15169000E+02  0.16461000E+02
  0.74981868E+01  0.15362000E+02  0.16608100E+02
  0.76090989E+01  0.15603000E+02  0.16801400E+02
  0.77200110E+01  0.15893600E+02  0.17040800E+02
  0.78309231E+01  0.16234900E+02  0.17324800E+02
  0.79418352E+01  0.16627300E+02  0.17648400E+02
  0.80527473E+01  0.17070500E+02  0.18001000E+02
  0.81636593E+01  0.17262400E+02  0.18358800E+02
  0.82745714E+01  0.17249200E+02  0.18663800E+02
  0.83854835E+01  0.17244700E+02  0.18795900E+02
  0.84963956E+01  0.17249200E+02  0.18663800E+02
  0.86073077E+01  0.17262400E+02  0.18358800E+02
  0.87182197E+01  0.17070500E+02  0.18001000E+02
  0.88291318E+01  0.16627300E+02  0.17648400E+02
  0.89400439E+01  0.16234900E+02  0.17324800E+02
  0.90509560E+01  0.15893600E+02  0.17040800E+02
  0.91618681E+01  0.15603000E+02  0.16801400E+02
  0.92727802E+01  0.15362000E+02  0.16608100E+02
  0.93836922E+01  0.15169000E+02  0.16461000E+02
  0.94966954E+01  0.15021000E+02  0.16358100E+02
  0.96096985E+01  0.15095800E+02  0.16412300E+02
  0.97227017E+01  0.15162800E+02  0.16473600E+02
  0.98357049E+01  0.15208600E+02  0.16532700E+02
  0.99487080E+01  0.15219200E+02  0.16579400E+02
  0.10061711E+02  0.15183700E+02  0.16602300E+02
  0.10174714E+02  0.15096400E+02  0.16590100E+02
  0.10287717E+02  0.14959200E+02  0.16533800E+02
  0.10400721E+02  0.15054600E+02  0.16590000E+02
  0.10513724E+02  0.15401800E+02  0.16982000E+02
  0.10626727E+02  0.15819500E+02  0.17455300E+02
  0.10739730E+02  0.16289600E+02  0.17992600E+02
  0.10852733E+02  0.16787100E+02  0.18568800E+02
  0.10965736E+02  0.17280000E+02  0.19149600E+02
  0.11078740E+02  0.17729800E+02  0.19691100E+02
  0.11191743E+02  0.18094400E+02  0.20140100E+02
  0.11304746E+02  0.18333300E+02  0.20440400E+02
  0.11415658E+02  0.18416700E+02  0.20546600E+02
  
  0.00000000E+00  0.15973300E+02  0.17826300E+02
  0.11091208E+00  0.15987600E+02  0.17842100E+02
  0.22182416E+00  0.16030500E+02  0.17889300E+02
  0.33273625E+00  0.16100800E+02  0.17966900E+02
  0.44364833E+00  0.16197200E+02  0.18073200E+02
  0.55456041E+00  0.16317500E+02  0.18206100E+02
  0.66547249E+00  0.16376400E+02  0.18362600E+02
  0.77638458E+00  0.16118500E+02  0.18539500E+02
  0.88729666E+00  0.16167100E+02  0.18221200E+02
  0.99820874E+00  0.16276500E+02  0.18063400E+02
  0.11091208E+01  0.16417600E+02  0.18207800E+02
  0.12200329E+01  0.16591200E+02  0.18391000E+02
  0.13309450E+01  0.16796000E+02  0.18612700E+02
  0.14418571E+01  0.17028500E+02  0.18870200E+02
  0.15527692E+01  0.17282100E+02  0.19157600E+02
  0.16636812E+01  0.17546600E+02  0.19465000E+02
  0.17745933E+01  0.17807800E+02  0.19776800E+02
  0.18855054E+01  0.18047000E+02  0.20071100E+02
  0.19964175E+01  0.18242400E+02  0.20318800E+02
  0.21073296E+01  0.18371400E+02  0.20486700E+02
  0.22193677E+01  0.18416700E+02  0.20546600E+02
  0.23314058E+01  0.18370200E+02  0.20485000E+02
  0.24434439E+01  0.18234500E+02  0.20307200E+02
  0.25554821E+01  0.18021200E+02  0.20034500E+02
  0.26675202E+01  0.17751600E+02  0.19703900E+02
  0.27795583E+01  0.17457500E+02  0.19368100E+02
  0.28915964E+01  0.17181000E+02  0.19091700E+02
  0.30036345E+01  0.16969300E+02  0.18936600E+02
  0.31156727E+01  0.16859000E+02  0.18930000E+02
  0.32277108E+01  0.16855500E+02  0.19047900E+02
  0.33397489E+01  0.16929900E+02  0.19236200E+02
  0.34517870E+01  0.17039000E+02  0.19440600E+02
  0.35638251E+01  0.17144300E+02  0.19618000E+02
  0.36758633E+01  0.17218200E+02  0.19737200E+02
  0.37879014E+01  0.17359000E+02  0.19779000E+02
  0.38999395E+01  0.17355300E+02  0.19776600E+02
  0.40119776E+01  0.17344400E+02  0.19761700E+02
  0.41240158E+01  0.17327700E+02  0.19730100E+02
  0.42360539E+01  0.17237600E+02  0.19686800E+02
  0.43480920E+01  0.17141500E+02  0.19640800E+02
  0.44601301E+01  0.17070100E+02  0.19520400E+02
  0.45721682E+01  0.17015100E+02  0.19182500E+02
  0.46842064E+01  0.16917200E+02  0.18859600E+02
  0.47962445E+01  0.16649500E+02  0.18565000E+02
  0.49082826E+01  0.16416700E+02  0.18310000E+02
  0.50203207E+01  0.16227300E+02  0.18103100E+02
  0.51323589E+01  0.16087600E+02  0.17950800E+02
  0.52443970E+01  0.16002100E+02  0.17857600E+02
  0.53574001E+01  0.15973300E+02  0.17826300E+02
  0.54704033E+01  0.16007400E+02  0.17863400E+02
  0.55834064E+01  0.16109500E+02  0.17973900E+02
  0.56964096E+01  0.16278400E+02  0.18156000E+02
  0.58094127E+01  0.16512600E+02  0.18406600E+02
  0.59224159E+01  0.16810200E+02  0.18721600E+02
  0.60354191E+01  0.17111400E+02  0.19096300E+02
  0.61484222E+01  0.17136200E+02  0.19525900E+02
  0.62614254E+01  0.17170700E+02  0.19879000E+02
  0.63744285E+01  0.17210600E+02  0.19926300E+02
  0.64874317E+01  0.17251800E+02  0.19980300E+02
  0.66004348E+01  0.17290800E+02  0.20036500E+02
  0.67134380E+01  0.17325100E+02  0.20091100E+02
  0.68264411E+01  0.17352900E+02  0.20140900E+02
  0.69394443E+01  0.17373400E+02  0.20183500E+02
  0.70524474E+01  0.17386600E+02  0.20216700E+02
  0.71654506E+01  0.17393300E+02  0.20238400E+02
  0.72763627E+01  0.17395000E+02  0.20246300E+02
  0.73872748E+01  0.17393300E+02  0.20231700E+02
  0.74981868E+01  0.17387200E+02  0.20190800E+02
  0.76090989E+01  0.17375100E+02  0.20130600E+02
  0.77200110E+01  0.17356600E+02  0.20060100E+02
  0.78309231E+01  0.17333000E+02  0.19987300E+02
  0.79418352E+01  0.17307200E+02  0.19919100E+02
  0.80527473E+01  0.17282600E+02  0.19860700E+02
  0.81636593E+01  0.17362400E+02  0.19816300E+02
  0.82745714E+01  0.17359900E+02  0.19788500E+02
  0.83854835E+01  0.17359000E+02  0.19779000E+02
  0.84963956E+01  0.17359900E+02  0.19788500E+02
  0.86073077E+01  0.17362400E+02  0.19816300E+02
  0.87182197E+01  0.17282600E+02  0.19860700E+02
  0.88291318E+01  0.17307200E+02  0.19919100E+02
  0.89400439E+01  0.17333000E+02  0.19987300E+02
  0.90509560E+01  0.17356600E+02  0.20060100E+02
  0.91618681E+01  0.17375100E+02  0.20130600E+02
  0.92727802E+01  0.17387200E+02  0.20190800E+02
  0.93836922E+01  0.17393300E+02  0.20231700E+02
  0.94966954E+01  0.17395000E+02  0.20246300E+02
  0.96096985E+01  0.17394300E+02  0.20237500E+02
  0.97227017E+01  0.17394400E+02  0.20209500E+02
  0.98357049E+01  0.17400100E+02  0.20161300E+02
  0.99487080E+01  0.17417100E+02  0.20095800E+02
  0.10061711E+02  0.17451000E+02  0.20021200E+02
  0.10174714E+02  0.17505300E+02  0.19951500E+02
  0.10287717E+02  0.17580300E+02  0.19902700E+02
  0.10400721E+02  0.17673200E+02  0.19888200E+02
  0.10513724E+02  0.17779100E+02  0.19914100E+02
  0.10626727E+02  0.17892200E+02  0.19977500E+02
  0.10739730E+02  0.18006700E+02  0.20069700E+02
  0.10852733E+02  0.18116500E+02  0.20178300E+02
  0.10965736E+02  0.18216000E+02  0.20290300E+02
  0.11078740E+02  0.18299900E+02  0.20392900E+02
  0.11191743E+02  0.18363500E+02  0.20475100E+02
  0.11304746E+02  0.18403200E+02  0.20528200E+02
  0.11415658E+02  0.18416700E+02  0.20546600E+02
  
  0.00000000E+00  0.17167400E+02  0.19938300E+02
  0.11091208E+00  0.17144000E+02  0.19907600E+02
  0.22182416E+00  0.17074100E+02  0.19816100E+02
  0.33273625E+00  0.16959300E+02  0.19665900E+02
  0.44364833E+00  0.16802100E+02  0.19461000E+02
  0.55456041E+00  0.16606300E+02  0.19206500E+02
  0.66547249E+00  0.16459100E+02  0.18909300E+02
  0.77638458E+00  0.16618900E+02  0.18577800E+02
  0.88729666E+00  0.16793100E+02  0.18732600E+02
  0.99820874E+00  0.16977600E+02  0.18937500E+02
  0.11091208E+01  0.17168200E+02  0.19149400E+02
  0.12200329E+01  0.17360100E+02  0.19363200E+02
  0.13309450E+01  0.17548500E+02  0.19573400E+02
  0.14418571E+01  0.17728600E+02  0.19774700E+02
  0.15527692E+01  0.17895900E+02  0.19961900E+02
  0.16636812E+01  0.18045800E+02  0.20129900E+02
  0.17745933E+01  0.18174300E+02  0.20274200E+02
  0.18855054E+01  0.18278200E+02  0.20390800E+02
  0.19964175E+01  0.18354400E+02  0.20476500E+02
  0.21073296E+01  0.18401000E+02  0.20528900E+02
  0.22193677E+01  0.18416700E+02  0.20546600E+02
  0.23314058E+01  0.18420100E+02  0.20550300E+02
  0.24434439E+01  0.18430000E+02  0.20561400E+02
  0.25554821E+01  0.18446100E+02  0.20579400E+02
  0.26675202E+01  0.18467500E+02  0.20603200E+02
  0.27795583E+01  0.18493200E+02  0.20631900E+02
  0.28915964E+01  0.18521900E+02  0.20664000E+02
  0.30036345E+01  0.18552300E+02  0.20697900E+02
  0.31156727E+01  0.18582700E+02  0.20731900E+02
  0.32277108E+01  0.18611700E+02  0.20764200E+02
  0.33397489E+01  0.18637800E+02  0.20793400E+02
  0.34517870E+01  0.18659600E+02  0.20817800E+02
  0.35638251E+01  0.18676000E+02  0.20836200E+02
  0.36758633E+01  0.18686300E+02  0.20433000E+02
  0.37879014E+01  0.18689700E+02  0.20198100E+02
  0.38999395E+01  0.18495300E+02  0.20192600E+02
  0.40119776E+01  0.17988500E+02  0.20176800E+02
  0.41240158E+01  0.17463500E+02  0.20152500E+02
  0.42360539E+01  0.17306700E+02  0.20122300E+02
  0.43480920E+01  0.17283300E+02  0.19856900E+02
  0.44601301E+01  0.17259700E+02  0.19602100E+02
  0.45721682E+01  0.17209300E+02  0.19581800E+02
  0.46842064E+01  0.16982200E+02  0.19589500E+02
  0.47962445E+01  0.16978600E+02  0.19630000E+02
  0.49082826E+01  0.17006200E+02  0.19699100E+02
  0.50203207E+01  0.17056100E+02  0.19783000E+02
  0.51323589E+01  0.17110900E+02  0.19862100E+02
  0.52443970E+01  0.17152200E+02  0.19918200E+02
  0.53574001E+01  0.17167400E+02  0.19938300E+02
  0.54704033E+01  0.17160300E+02  0.19928800E+02
  0.55834064E+01  0.17142000E+02  0.19903300E+02
  0.56964096E+01  0.17120100E+02  0.19870300E+02
  0.58094127E+01  0.17103800E+02  0.19840400E+02
  0.59224159E+01  0.17100100E+02  0.19823200E+02
  0.60354191E+01  0.17111400E+02  0.19823900E+02
  0.61484222E+01  0.17136200E+02  0.19843400E+02
  0.62614254E+01  0.17170700E+02  0.19879000E+02
  0.63744285E+01  0.17210600E+02  0.19926300E+02
  0.64874317E+01  0.17251800E+02  0.19980300E+02
  0.66004348E+01  0.17290800E+02  0.20036500E+02
  0.67134380E+01  0.17325100E+02  0.20091100E+02
  0.68264411E+01  0.17352900E+02  0.20140900E+02
  0.69394443E+01  0.17373400E+02  0.20183500E+02
  0.70524474E+01  0.17386600E+02  0.20216700E+02
  0.71654506E+01  0.17393300E+02  0.20238400E+02
  0.72763627E+01  0.17395000E+02  0.20246300E+02
  0.73872748E+01  0.17394200E+02  0.20245100E+02
  0.74981868E+01  0.17391600E+02  0.20241700E+02
  0.76090989E+01  0.17387600E+02  0.20236300E+02
  0.77200110E+01  0.17382600E+02  0.20229600E+02
  0.78309231E+01  0.17377000E+02  0.20222100E+02
  0.79418352E+01  0.17371400E+02  0.20214700E+02
  0.80527473E+01  0.17366400E+02  0.20208000E+02
  0.81636593E+01  0.17563800E+02  0.20202700E+02
  0.82745714E+01  0.18106200E+02  0.20199300E+02
  0.83854835E+01  0.18689700E+02  0.20198100E+02
  0.84963956E+01  0.18106200E+02  0.20199300E+02
  0.86073077E+01  0.17563800E+02  0.20202700E+02
  0.87182197E+01  0.17366400E+02  0.20208000E+02
  0.88291318E+01  0.17371400E+02  0.20214700E+02
  0.89400439E+01  0.17377000E+02  0.20222100E+02
  0.90509560E+01  0.17382600E+02  0.20229600E+02
  0.91618681E+01  0.17387600E+02  0.20236300E+02
  0.92727802E+01  0.17391600E+02  0.20241700E+02
  0.93836922E+01  0.17394200E+02  0.20245100E+02
  0.94966954E+01  0.17395000E+02  0.20246300E+02
  0.96096985E+01  0.17394300E+02  0.20237500E+02
  0.97227017E+01  0.17394400E+02  0.20209500E+02
  0.98357049E+01  0.17400100E+02  0.20161300E+02
  0.99487080E+01  0.17417100E+02  0.20095800E+02
  0.10061711E+02  0.17451000E+02  0.20021200E+02
  0.10174714E+02  0.17505300E+02  0.19951500E+02
  0.10287717E+02  0.17580300E+02  0.19902700E+02
  0.10400721E+02  0.17673200E+02  0.19888200E+02
  0.10513724E+02  0.17779100E+02  0.19914100E+02
  0.10626727E+02  0.17892200E+02  0.19977500E+02
  0.10739730E+02  0.18006700E+02  0.20069700E+02
  0.10852733E+02  0.18116500E+02  0.20178300E+02
  0.10965736E+02  0.18216000E+02  0.20290300E+02
  0.11078740E+02  0.18299900E+02  0.20392900E+02
  0.11191743E+02  0.18363500E+02  0.20475100E+02
  0.11304746E+02  0.18403200E+02  0.20528200E+02
  0.11415658E+02  0.18416700E+02  0.20546600E+02
  
  0.00000000E+00  0.17167400E+02  0.19938300E+02
  0.11091208E+00  0.17176700E+02  0.19950100E+02
  0.22182416E+00  0.17204200E+02  0.19984700E+02
  0.33273625E+00  0.17248800E+02  0.20039500E+02
  0.44364833E+00  0.17309600E+02  0.20110700E+02
  0.55456041E+00  0.17386600E+02  0.20194000E+02
  0.66547249E+00  0.17483300E+02  0.20286000E+02
  0.77638458E+00  0.17610000E+02  0.20386200E+02
  0.88729666E+00  0.17787900E+02  0.20500000E+02
  0.99820874E+00  0.18053800E+02  0.20643400E+02
  0.11091208E+01  0.18456400E+02  0.20846300E+02
  0.12200329E+01  0.19038800E+02  0.21152400E+02
  0.13309450E+01  0.19814500E+02  0.21609400E+02
  0.14418571E+01  0.20764800E+02  0.22248600E+02
  0.15527692E+01  0.21854600E+02  0.23069000E+02
  0.16636812E+01  0.23046600E+02  0.24039700E+02
  0.17745933E+01  0.24302200E+02  0.25111500E+02
  0.18855054E+01  0.25571700E+02  0.26218300E+02
  0.19964175E+01  0.26770700E+02  0.27261200E+02
  0.21073296E+01  0.27725500E+02  0.28070000E+02
  0.22193677E+01  0.28118000E+02  0.28390700E+02
  0.23314058E+01  0.27915500E+02  0.28241700E+02
  0.24434439E+01  0.27387800E+02  0.27837300E+02
  0.25554821E+01  0.26675000E+02  0.27263400E+02
  0.26675202E+01  0.25874300E+02  0.26593300E+02
  0.27795583E+01  0.25037800E+02  0.25873900E+02
  0.28915964E+01  0.24192600E+02  0.25132800E+02
  0.30036345E+01  0.23353700E+02  0.24387100E+02
  0.31156727E+01  0.22530700E+02  0.23647900E+02
  0.32277108E+01  0.21730600E+02  0.22924000E+02
  0.33397489E+01  0.20960200E+02  0.22223600E+02
  0.34517870E+01  0.20228100E+02  0.21557000E+02
  0.35638251E+01  0.19550800E+02  0.20942900E+02
  0.36758633E+01  0.18978000E+02  0.20847700E+02
  0.37879014E+01  0.18703000E+02  0.20851600E+02
  0.38999395E+01  0.18648400E+02  0.20804100E+02
  0.40119776E+01  0.18528100E+02  0.20666000E+02
  0.41240158E+01  0.18338800E+02  0.20449900E+02
  0.42360539E+01  0.18095000E+02  0.20173400E+02
  0.43480920E+01  0.17814000E+02  0.20089300E+02
  0.44601301E+01  0.17513200E+02  0.20056300E+02
  0.45721682E+01  0.17237300E+02  0.20025800E+02
  0.46842064E+01  0.17217400E+02  0.19999500E+02
  0.47962445E+01  0.17200900E+02  0.19978200E+02
  0.49082826E+01  0.17188000E+02  0.19962100E+02
  0.50203207E+01  0.17178500E+02  0.19950800E+02
  0.51323589E+01  0.17172200E+02  0.19943600E+02
  0.52443970E+01  0.17168600E+02  0.19939600E+02
  0.53574001E+01  0.17167400E+02  0.19938300E+02
  0.54704033E+01  0.17160300E+02  0.19928800E+02
  0.55834064E+01  0.17142000E+02  0.19903300E+02
  0.56964096E+01  0.17120100E+02  0.19870300E+02
  0.58094127E+01  0.17103800E+02  0.19840400E+02
  0.59224159E+01  0.17100100E+02  0.19823200E+02
  0.60354191E+01  0.17170200E+02  0.19823900E+02
  0.61484222E+01  0.17593100E+02  0.19843400E+02
  0.62614254E+01  0.18082700E+02  0.20006800E+02
  0.63744285E+01  0.18647200E+02  0.20538200E+02
  0.64874317E+01  0.19300100E+02  0.21124100E+02
  0.66004348E+01  0.20057600E+02  0.21775200E+02
  0.67134380E+01  0.20933600E+02  0.22508400E+02
  0.68264411E+01  0.21934300E+02  0.23343800E+02
  0.69394443E+01  0.23055900E+02  0.24296900E+02
  0.70524474E+01  0.24284100E+02  0.25370900E+02
  0.71654506E+01  0.25587600E+02  0.26545500E+02
  0.72763627E+01  0.26865300E+02  0.27730000E+02
  0.73872748E+01  0.25886500E+02  0.26807900E+02
  0.74981868E+01  0.24939700E+02  0.25916400E+02
  0.76090989E+01  0.24026300E+02  0.25058500E+02
  0.77200110E+01  0.23147900E+02  0.24237600E+02
  0.78309231E+01  0.22305800E+02  0.23458300E+02
  0.79418352E+01  0.21501600E+02  0.22727300E+02
  0.80527473E+01  0.20737000E+02  0.22056700E+02
  0.81636593E+01  0.20013400E+02  0.21471200E+02
  0.82745714E+01  0.19332700E+02  0.21029300E+02
  0.83854835E+01  0.18703000E+02  0.20851600E+02
  0.84963956E+01  0.19332700E+02  0.21029300E+02
  0.86073077E+01  0.20013400E+02  0.21471200E+02
  0.87182197E+01  0.20737000E+02  0.22056700E+02
  0.88291318E+01  0.21501600E+02  0.22727300E+02
  0.89400439E+01  0.22305800E+02  0.23458300E+02
  0.90509560E+01  0.23147900E+02  0.24237600E+02
  0.91618681E+01  0.24026300E+02  0.25058500E+02
  0.92727802E+01  0.24939700E+02  0.25916400E+02
  0.93836922E+01  0.25886500E+02  0.26807900E+02
  0.94966954E+01  0.26865300E+02  0.27730000E+02
  0.96096985E+01  0.26321100E+02  0.27220200E+02
  0.97227017E+01  0.25863100E+02  0.26797800E+02
  0.98357049E+01  0.25498500E+02  0.26470400E+02
  0.99487080E+01  0.25233800E+02  0.26243600E+02
  0.10061711E+02  0.25073400E+02  0.26118400E+02
  0.10174714E+02  0.25017800E+02  0.26090300E+02
  0.10287717E+02  0.25063900E+02  0.26150000E+02
  0.10400721E+02  0.25204300E+02  0.26284800E+02
  0.10513724E+02  0.25429300E+02  0.26481100E+02
  0.10626727E+02  0.25727000E+02  0.26725300E+02
  0.10739730E+02  0.26084700E+02  0.27004400E+02
  0.10852733E+02  0.26487600E+02  0.27305000E+02
  0.10965736E+02  0.26916900E+02  0.27611800E+02
  0.11078740E+02  0.27345800E+02  0.27904400E+02
  0.11191743E+02  0.27731900E+02  0.28154900E+02
  0.11304746E+02  0.28012900E+02  0.28328200E+02
  0.11415658E+02  0.28118000E+02  0.28390700E+02
  
  0.00000000E+00  0.43173600E+02  0.42911900E+02
  0.11091208E+00  0.42793700E+02  0.42587200E+02
  0.22182416E+00  0.41934400E+02  0.41829000E+02
  0.33273625E+00  0.40937800E+02  0.40930900E+02
  0.44364833E+00  0.39950600E+02  0.40037600E+02
  0.55456041E+00  0.39026900E+02  0.39206800E+02
  0.66547249E+00  0.38187100E+02  0.38460700E+02
  0.77638458E+00  0.37437700E+02  0.37805600E+02
  0.88729666E+00  0.36778600E+02  0.37240400E+02
  0.99820874E+00  0.36206000E+02  0.36759800E+02
  0.11091208E+01  0.35281400E+02  0.35901900E+02
  0.12200329E+01  0.34174500E+02  0.34790900E+02
  0.13309450E+01  0.33114000E+02  0.33714800E+02
  0.14418571E+01  0.32111400E+02  0.32686200E+02
  0.15527692E+01  0.31179600E+02  0.31718200E+02
  0.16636812E+01  0.30333800E+02  0.30826700E+02
  0.17745933E+01  0.29592000E+02  0.30031400E+02
  0.18855054E+01  0.28975900E+02  0.29357900E+02
  0.19964175E+01  0.28509800E+02  0.28837600E+02
  0.21073296E+01  0.28217700E+02  0.28505400E+02
  0.22193677E+01  0.28118000E+02  0.28390700E+02
  0.23314058E+01  0.28007200E+02  0.28319800E+02
  0.24434439E+01  0.27718900E+02  0.28134800E+02
  0.25554821E+01  0.27343700E+02  0.27895700E+02
  0.26675202E+01  0.26959800E+02  0.27656600E+02
  0.27795583E+01  0.26613300E+02  0.27449000E+02
  0.28915964E+01  0.26323900E+02  0.27284200E+02
  0.30036345E+01  0.26094900E+02  0.27161400E+02
  0.31156727E+01  0.25921400E+02  0.27074800E+02
  0.32277108E+01  0.25794800E+02  0.27016600E+02
  0.33397489E+01  0.25706100E+02  0.26979800E+02
  0.34517870E+01  0.25646900E+02  0.26958100E+02
  0.35638251E+01  0.25610000E+02  0.26946500E+02
  0.36758633E+01  0.25590200E+02  0.26941100E+02
  0.37879014E+01  0.25584000E+02  0.26939600E+02
  0.38999395E+01  0.25892700E+02  0.27193400E+02
  0.40119776E+01  0.26718700E+02  0.27896700E+02
  0.41240158E+01  0.27883200E+02  0.28929800E+02
  0.42360539E+01  0.29256400E+02  0.30185000E+02
  0.43480920E+01  0.30762900E+02  0.31587100E+02
  0.44601301E+01  0.32357100E+02  0.33084400E+02
  0.45721682E+01  0.34006500E+02  0.34637100E+02
  0.46842064E+01  0.35682400E+02  0.36209500E+02
  0.47962445E+01  0.37353200E+02  0.37763300E+02
  0.49082826E+01  0.38978100E+02  0.39252100E+02
  0.50203207E+01  0.40498500E+02  0.40616600E+02
  0.51323589E+01  0.41822900E+02  0.41774600E+02
  0.52443970E+01  0.42796000E+02  0.42600100E+02
  0.53574001E+01  0.43173600E+02  0.42911900E+02
  0.54704033E+01  0.42897100E+02  0.42688900E+02
  0.55834064E+01  0.42141000E+02  0.42060500E+02
  0.56964096E+01  0.41075700E+02  0.41136500E+02
  0.58094127E+01  0.39859700E+02  0.40042800E+02
  0.59224159E+01  0.38591600E+02  0.38874000E+02
  0.60354191E+01  0.37324400E+02  0.37687900E+02
  0.61484222E+01  0.36086300E+02  0.36518100E+02
  0.62614254E+01  0.34892600E+02  0.35383700E+02
  0.63744285E+01  0.33751600E+02  0.34295900E+02
  0.64874317E+01  0.32668200E+02  0.33261200E+02
  0.66004348E+01  0.31645100E+02  0.32283400E+02
  0.67134380E+01  0.30683900E+02  0.31364800E+02
  0.68264411E+01  0.29786000E+02  0.30507200E+02
  0.69394443E+01  0.28952700E+02  0.29712100E+02
  0.70524474E+01  0.28186000E+02  0.28981700E+02
  0.71654506E+01  0.27488800E+02  0.28319300E+02
  0.72763627E+01  0.26865300E+02  0.27730000E+02
  0.73872748E+01  0.26731900E+02  0.27626400E+02
  0.74981868E+01  0.26461200E+02  0.27422200E+02
  0.76090989E+01  0.26196800E+02  0.27236000E+02
  0.77200110E+01  0.25985200E+02  0.27101900E+02
  0.78309231E+01  0.25830400E+02  0.27017700E+02
  0.79418352E+01  0.25724000E+02  0.26971100E+02
  0.80527473E+01  0.25654800E+02  0.26949300E+02
  0.81636593E+01  0.25612900E+02  0.26941300E+02
  0.82745714E+01  0.25590800E+02  0.26939700E+02
  0.83854835E+01  0.25584000E+02  0.26939600E+02
  0.84963956E+01  0.25590800E+02  0.26939700E+02
  0.86073077E+01  0.25612900E+02  0.26941300E+02
  0.87182197E+01  0.25654800E+02  0.26949300E+02
  0.88291318E+01  0.25724000E+02  0.26971100E+02
  0.89400439E+01  0.25830400E+02  0.27017700E+02
  0.90509560E+01  0.25985200E+02  0.27101900E+02
  0.91618681E+01  0.26196800E+02  0.27236000E+02
  0.92727802E+01  0.26461200E+02  0.27422200E+02
  0.93836922E+01  0.26731900E+02  0.27626400E+02
  0.94966954E+01  0.26865300E+02  0.27730000E+02
  0.96096985E+01  0.26321100E+02  0.27220200E+02
  0.97227017E+01  0.25863200E+02  0.26797800E+02
  0.98357049E+01  0.25498600E+02  0.26470500E+02
  0.99487080E+01  0.25233900E+02  0.26243700E+02
  0.10061711E+02  0.25073400E+02  0.26118400E+02
  0.10174714E+02  0.25017900E+02  0.26090300E+02
  0.10287717E+02  0.25063900E+02  0.26150000E+02
  0.10400721E+02  0.25204300E+02  0.26284800E+02
  0.10513724E+02  0.25429300E+02  0.26481100E+02
  0.10626727E+02  0.25727100E+02  0.26725300E+02
  0.10739730E+02  0.26084800E+02  0.27004400E+02
  0.10852733E+02  0.26487600E+02  0.27305000E+02
  0.10965736E+02  0.26917000E+02  0.27611800E+02
  0.11078740E+02  0.27345800E+02  0.27904400E+02
  0.11191743E+02  0.27731900E+02  0.28154900E+02
  0.11304746E+02  0.28012900E+02  0.28328200E+02
  0.11415658E+02  0.28118000E+02  0.28390700E+02
  
  0.00000000E+00  0.43173600E+02  0.42911900E+02
  0.11091208E+00  0.43130100E+02  0.42890800E+02
  0.22182416E+00  0.42960300E+02  0.42797600E+02
  0.33273625E+00  0.42568600E+02  0.42549700E+02
  0.44364833E+00  0.41889600E+02  0.42057700E+02
  0.55456041E+00  0.40966200E+02  0.41304500E+02
  0.66547249E+00  0.39894800E+02  0.40355400E+02
  0.77638458E+00  0.38752500E+02  0.39291600E+02
  0.88729666E+00  0.37586000E+02  0.38172300E+02
  0.99820874E+00  0.36423000E+02  0.37034500E+02
  0.11091208E+01  0.35281400E+02  0.35901900E+02
  0.12200329E+01  0.34174500E+02  0.34790900E+02
  0.13309450E+01  0.33114000E+02  0.33714800E+02
  0.14418571E+01  0.32111400E+02  0.32686200E+02
  0.15527692E+01  0.31179600E+02  0.31718200E+02
  0.16636812E+01  0.30333800E+02  0.30826700E+02
  0.17745933E+01  0.29592000E+02  0.30031400E+02
  0.18855054E+01  0.28975900E+02  0.29357900E+02
  0.19964175E+01  0.28509800E+02  0.28837600E+02
  0.21073296E+01  0.28217700E+02  0.28505400E+02
  0.22193677E+01  0.28118000E+02  0.28390700E+02
  0.23314058E+01  0.28219600E+02  0.28507500E+02
  0.24434439E+01  0.28515200E+02  0.28842700E+02
  0.25554821E+01  0.28981600E+02  0.29360200E+02
  0.26675202E+01  0.29590000E+02  0.30019600E+02
  0.27795583E+01  0.30312800E+02  0.30786500E+02
  0.28915964E+01  0.31126900E+02  0.31635500E+02
  0.30036345E+01  0.32014600E+02  0.32548700E+02
  0.31156727E+01  0.32961800E+02  0.33513000E+02
  0.32277108E+01  0.33957000E+02  0.34518400E+02
  0.33397489E+01  0.34988400E+02  0.35554400E+02
  0.34517870E+01  0.36038600E+02  0.36422500E+02
  0.35638251E+01  0.36375500E+02  0.36494400E+02
  0.36758633E+01  0.36499300E+02  0.36543000E+02
  0.37879014E+01  0.36544100E+02  0.36560300E+02
  0.38999395E+01  0.36607700E+02  0.36626800E+02
  0.40119776E+01  0.36797600E+02  0.36824300E+02
  0.41240158E+01  0.37109800E+02  0.37148200E+02
  0.42360539E+01  0.37538300E+02  0.37590300E+02
  0.43480920E+01  0.38074400E+02  0.38139500E+02
  0.44601301E+01  0.38706300E+02  0.38780900E+02
  0.45721682E+01  0.39418100E+02  0.39494300E+02
  0.46842064E+01  0.40187200E+02  0.40251700E+02
  0.47962445E+01  0.40979200E+02  0.41011900E+02
  0.49082826E+01  0.41740000E+02  0.41714200E+02
  0.50203207E+01  0.42391000E+02  0.42282900E+02
  0.51323589E+01  0.42852000E+02  0.42661400E+02
  0.52443970E+01  0.43099900E+02  0.42855500E+02
  0.53574001E+01  0.43173600E+02  0.42911900E+02
  0.54704033E+01  0.42897100E+02  0.42688900E+02
  0.55834064E+01  0.42141100E+02  0.42060500E+02
  0.56964096E+01  0.41075800E+02  0.41136500E+02
  0.58094127E+01  0.39859700E+02  0.40042900E+02
  0.59224159E+01  0.38591600E+02  0.38874000E+02
  0.60354191E+01  0.37324400E+02  0.37687900E+02
  0.61484222E+01  0.36086400E+02  0.36518100E+02
  0.62614254E+01  0.34892600E+02  0.35383700E+02
  0.63744285E+01  0.33751600E+02  0.34295900E+02
  0.64874317E+01  0.32668200E+02  0.33261200E+02
  0.66004348E+01  0.31645100E+02  0.32283400E+02
  0.67134380E+01  0.30683900E+02  0.31364800E+02
  0.68264411E+01  0.29786000E+02  0.30507200E+02
  0.69394443E+01  0.28952700E+02  0.29712100E+02
  0.70524474E+01  0.28186000E+02  0.28981700E+02
  0.71654506E+01  0.27488800E+02  0.28319300E+02
  0.72763627E+01  0.26865300E+02  0.27730000E+02
  0.73872748E+01  0.27874500E+02  0.28679700E+02
  0.74981868E+01  0.28912100E+02  0.29654100E+02
  0.76090989E+01  0.29975700E+02  0.30649600E+02
  0.77200110E+01  0.31061900E+02  0.31661200E+02
  0.78309231E+01  0.32164600E+02  0.32681500E+02
  0.79418352E+01  0.33273100E+02  0.33697600E+02
  0.80527473E+01  0.34364400E+02  0.34684100E+02
  0.81636593E+01  0.35385200E+02  0.35585900E+02
  0.82745714E+01  0.36203100E+02  0.36282000E+02
  0.83854835E+01  0.36544100E+02  0.36560300E+02
  0.84963956E+01  0.36203100E+02  0.36282000E+02
  0.86073077E+01  0.35385200E+02  0.35585900E+02
  0.87182197E+01  0.34364400E+02  0.34684100E+02
  0.88291318E+01  0.33273100E+02  0.33697600E+02
  0.89400439E+01  0.32164600E+02  0.32681500E+02
  0.90509560E+01  0.31061900E+02  0.31661200E+02
  0.91618681E+01  0.29975700E+02  0.30649600E+02
  0.92727802E+01  0.28912100E+02  0.29654100E+02
  0.93836922E+01  0.27874500E+02  0.28679700E+02
  0.94966954E+01  0.26865300E+02  0.27730000E+02
  0.96096985E+01  0.27686900E+02  0.28517800E+02
  0.97227017E+01  0.27811700E+02  0.28651600E+02
  0.98357049E+01  0.27759000E+02  0.28616600E+02
  0.99487080E+01  0.27700600E+02  0.28573400E+02
  0.10061711E+02  0.27663700E+02  0.28545800E+02
  0.10174714E+02  0.27651200E+02  0.28535000E+02
  0.10287717E+02  0.27660700E+02  0.28537500E+02
  0.10400721E+02  0.27688800E+02  0.28548600E+02
  0.10513724E+02  0.27731700E+02  0.28563100E+02
  0.10626727E+02  0.27785700E+02  0.28575000E+02
  0.10739730E+02  0.27846700E+02  0.28578700E+02
  0.10852733E+02  0.27910700E+02  0.28568700E+02
  0.10965736E+02  0.27973600E+02  0.28541700E+02
  0.11078740E+02  0.28030600E+02  0.28499000E+02
  0.11191743E+02  0.28076900E+02  0.28449000E+02
  0.11304746E+02  0.28107300E+02  0.28407200E+02
  0.11415658E+02  0.28118000E+02  0.28390700E+02
  
  0.00000000E+00  0.43173600E+02  0.42911900E+02
  0.11091208E+00  0.43130100E+02  0.42890800E+02
  0.22182416E+00  0.42960300E+02  0.42797600E+02
  0.33273625E+00  0.42568600E+02  0.42549700E+02
  0.44364833E+00  0.41889600E+02  0.42057700E+02
  0.55456041E+00  0.40966200E+02  0.41304500E+02
  0.66547249E+00  0.39894800E+02  0.40355400E+02
  0.77638458E+00  0.38752500E+02  0.39291600E+02
  0.88729666E+00  0.37586000E+02  0.38172300E+02
  0.99820874E+00  0.36423000E+02  0.37034500E+02
  0.11091208E+01  0.35714400E+02  0.36356500E+02
  0.12200329E+01  0.35296900E+02  0.36022100E+02
  0.13309450E+01  0.34946600E+02  0.35748100E+02
  0.14418571E+01  0.34656200E+02  0.35526400E+02
  0.15527692E+01  0.34419000E+02  0.35349600E+02
  0.16636812E+01  0.34229100E+02  0.35211100E+02
  0.17745933E+01  0.34081100E+02  0.35105300E+02
  0.18855054E+01  0.33970600E+02  0.35027700E+02
  0.19964175E+01  0.33894100E+02  0.34974700E+02
  0.21073296E+01  0.33849200E+02  0.34944000E+02
  0.22193677E+01  0.33834500E+02  0.34933900E+02
  0.23314058E+01  0.33926100E+02  0.35004600E+02
  0.24434439E+01  0.34153800E+02  0.35182300E+02
  0.25554821E+01  0.34428700E+02  0.35397700E+02
  0.26675202E+01  0.34692400E+02  0.35599200E+02
  0.27795583E+01  0.34929500E+02  0.35769400E+02
  0.28915964E+01  0.35146600E+02  0.35910700E+02
  0.30036345E+01  0.35355100E+02  0.36031700E+02
  0.31156727E+01  0.35563800E+02  0.36140200E+02
  0.32277108E+01  0.35776700E+02  0.36241100E+02
  0.33397489E+01  0.35991300E+02  0.36336000E+02
  0.34517870E+01  0.36197400E+02  0.36605400E+02
  0.35638251E+01  0.37070600E+02  0.37636300E+02
  0.36758633E+01  0.37974100E+02  0.38539600E+02
  0.37879014E+01  0.38399600E+02  0.38966600E+02
  0.38999395E+01  0.38491500E+02  0.39064400E+02
  0.40119776E+01  0.38763600E+02  0.39353300E+02
  0.41240158E+01  0.39205700E+02  0.39820700E+02
  0.42360539E+01  0.39802800E+02  0.40448400E+02
  0.43480920E+01  0.40537200E+02  0.41215800E+02
  0.44601301E+01  0.41390900E+02  0.42101900E+02
  0.45721682E+01  0.42157300E+02  0.42405300E+02
  0.46842064E+01  0.42317300E+02  0.42488300E+02
  0.47962445E+01  0.42494300E+02  0.42579200E+02
  0.49082826E+01  0.42680700E+02  0.42673500E+02
  0.50203207E+01  0.42863400E+02  0.42764000E+02
  0.51323589E+01  0.43022600E+02  0.42840900E+02
  0.52443970E+01  0.43133500E+02  0.42893300E+02
  0.53574001E+01  0.43173600E+02  0.42911900E+02
  0.54704033E+01  0.43222100E+02  0.42960400E+02
  0.55834064E+01  0.43367400E+02  0.43105900E+02
  0.56964096E+01  0.43609600E+02  0.43348500E+02
  0.58094127E+01  0.43948700E+02  0.43688000E+02
  0.59224159E+01  0.42248000E+02  0.43057100E+02
  0.60354191E+01  0.40539300E+02  0.41331800E+02
  0.61484222E+01  0.38885700E+02  0.39658800E+02
  0.62614254E+01  0.37306200E+02  0.38057900E+02
  0.63744285E+01  0.35818900E+02  0.36548400E+02
  0.64874317E+01  0.34441400E+02  0.35149300E+02
  0.66004348E+01  0.33190300E+02  0.33879400E+02
  0.67134380E+01  0.32080500E+02  0.32756000E+02
  0.68264411E+01  0.31123100E+02  0.31793000E+02
  0.69394443E+01  0.30325000E+02  0.30999000E+02
  0.70524474E+01  0.29690200E+02  0.30377400E+02
  0.71654506E+01  0.29229500E+02  0.29935500E+02
  0.72763627E+01  0.29018700E+02  0.29736900E+02
  0.73872748E+01  0.29292000E+02  0.29994300E+02
  0.74981868E+01  0.29974500E+02  0.30648500E+02
  0.76090989E+01  0.30899400E+02  0.31550000E+02
  0.77200110E+01  0.31986600E+02  0.32620800E+02
  0.78309231E+01  0.33190300E+02  0.33813100E+02
  0.79418352E+01  0.34470000E+02  0.35083700E+02
  0.80527473E+01  0.35773600E+02  0.36377400E+02
  0.81636593E+01  0.37010500E+02  0.37601600E+02
  0.82745714E+01  0.37995900E+02  0.38571600E+02
  0.83854835E+01  0.38399600E+02  0.38966600E+02
  0.84963956E+01  0.37995900E+02  0.38571600E+02
  0.86073077E+01  0.37010500E+02  0.37601600E+02
  0.87182197E+01  0.35773600E+02  0.36377400E+02
  0.88291318E+01  0.34470000E+02  0.35083700E+02
  0.89400439E+01  0.33190300E+02  0.33813100E+02
  0.90509560E+01  0.31986600E+02  0.32620800E+02
  0.91618681E+01  0.30899400E+02  0.31550000E+02
  0.92727802E+01  0.29974500E+02  0.30648500E+02
  0.93836922E+01  0.29292000E+02  0.29994300E+02
  0.94966954E+01  0.29018700E+02  0.29736900E+02
  0.96096985E+01  0.29460700E+02  0.30155000E+02
  0.97227017E+01  0.30770100E+02  0.31414100E+02
  0.98357049E+01  0.32403900E+02  0.32999300E+02
  0.99487080E+01  0.34168800E+02  0.34723800E+02
  0.10061711E+02  0.36016500E+02  0.36540000E+02
  0.10174714E+02  0.37919500E+02  0.38420500E+02
  0.10287717E+02  0.39841900E+02  0.40331400E+02
  0.10400721E+02  0.41706400E+02  0.42204000E+02
  0.10513724E+02  0.41213900E+02  0.41570400E+02
  0.10626727E+02  0.39798900E+02  0.40231500E+02
  0.10739730E+02  0.38483600E+02  0.39002100E+02
  0.10852733E+02  0.37277000E+02  0.37892800E+02
  0.10965736E+02  0.36193500E+02  0.36918800E+02
  0.11078740E+02  0.35257500E+02  0.36102300E+02
  0.11191743E+02  0.34509700E+02  0.35474200E+02
  0.11304746E+02  0.34011800E+02  0.35072800E+02
  0.11415658E+02  0.33834500E+02  0.34933900E+02
  
  0.00000000E+00  0.48232000E+02  0.48451400E+02
  0.11091208E+00  0.47709800E+02  0.48003100E+02
  0.22182416E+00  0.46618300E+02  0.46985000E+02
  0.33273625E+00  0.45367400E+02  0.45760500E+02
  0.44364833E+00  0.44091500E+02  0.44485700E+02
  0.55456041E+00  0.42850200E+02  0.43235200E+02
  0.66547249E+00  0.41680800E+02  0.42054900E+02
  0.77638458E+00  0.40609600E+02  0.40977200E+02
  0.88729666E+00  0.39655100E+02  0.40025400E+02
  0.99820874E+00  0.38828700E+02  0.39213900E+02
  0.11091208E+01  0.38133900E+02  0.38548000E+02
  0.12200329E+01  0.37566200E+02  0.38022900E+02
  0.13309450E+01  0.37112800E+02  0.37623500E+02
  0.14418571E+01  0.36752000E+02  0.37324300E+02
  0.15527692E+01  0.36452800E+02  0.37089700E+02
  0.16636812E+01  0.36171200E+02  0.36871800E+02
  0.17745933E+01  0.35845300E+02  0.36608400E+02
  0.18855054E+01  0.35396400E+02  0.36228200E+02
  0.19964175E+01  0.34781900E+02  0.35705600E+02
  0.21073296E+01  0.34136600E+02  0.35173500E+02
  0.22193677E+01  0.33834500E+02  0.34933900E+02
  0.23314058E+01  0.34084900E+02  0.35131400E+02
  0.24434439E+01  0.34756800E+02  0.35682200E+02
  0.25554821E+01  0.35712100E+02  0.36501900E+02
  0.26675202E+01  0.36856000E+02  0.37520200E+02
  0.27795583E+01  0.38139900E+02  0.38693900E+02
  0.28915964E+01  0.39540600E+02  0.39999400E+02
  0.30036345E+01  0.41047100E+02  0.41424000E+02
  0.31156727E+01  0.42653400E+02  0.42960200E+02
  0.32277108E+01  0.44355300E+02  0.44602200E+02
  0.33397489E+01  0.45766500E+02  0.46228600E+02
  0.34517870E+01  0.44404200E+02  0.44880400E+02
  0.35638251E+01  0.43149400E+02  0.43636600E+02
  0.36758633E+01  0.42112300E+02  0.42605400E+02
  0.37879014E+01  0.41642300E+02  0.42135700E+02
  0.38999395E+01  0.41652400E+02  0.42141000E+02
  0.40119776E+01  0.41682900E+02  0.42157000E+02
  0.41240158E+01  0.41734100E+02  0.42183800E+02
  0.42360539E+01  0.41806700E+02  0.42221900E+02
  0.43480920E+01  0.41901200E+02  0.42271400E+02
  0.44601301E+01  0.42018100E+02  0.42332600E+02
  0.45721682E+01  0.42346200E+02  0.43087400E+02
  0.46842064E+01  0.43387400E+02  0.44154900E+02
  0.47962445E+01  0.44500300E+02  0.45289400E+02
  0.49082826E+01  0.45673000E+02  0.46478100E+02
  0.50203207E+01  0.46894800E+02  0.47581400E+02
  0.51323589E+01  0.47531800E+02  0.47826100E+02
  0.52443970E+01  0.47963300E+02  0.48229100E+02
  0.53574001E+01  0.48232000E+02  0.48451400E+02
  0.54704033E+01  0.48212300E+02  0.48453100E+02
  0.55834064E+01  0.47485900E+02  0.48314600E+02
  0.56964096E+01  0.45747000E+02  0.46576800E+02
  0.58094127E+01  0.43991600E+02  0.44813600E+02
  0.59224159E+01  0.44384700E+02  0.44124500E+02
  0.60354191E+01  0.44917400E+02  0.44658000E+02
  0.61484222E+01  0.45547000E+02  0.45288400E+02
  0.62614254E+01  0.46273300E+02  0.46015700E+02
  0.63744285E+01  0.47096400E+02  0.46840000E+02
  0.64874317E+01  0.48016100E+02  0.47761000E+02
  0.66004348E+01  0.49032400E+02  0.48778900E+02
  0.67134380E+01  0.50145200E+02  0.49893600E+02
  0.68264411E+01  0.51354400E+02  0.51104800E+02
  0.69394443E+01  0.52659800E+02  0.52412700E+02
  0.70524474E+01  0.54061400E+02  0.53817000E+02
  0.71654506E+01  0.55558800E+02  0.55317700E+02
  0.72763627E+01  0.57151900E+02  0.56914500E+02
  0.73872748E+01  0.55139100E+02  0.54991300E+02
  0.74981868E+01  0.53084300E+02  0.52977600E+02
  0.76090989E+01  0.51118000E+02  0.51052000E+02
  0.77200110E+01  0.49251200E+02  0.49234000E+02
  0.78309231E+01  0.47491500E+02  0.47534400E+02
  0.79418352E+01  0.45849500E+02  0.45966300E+02
  0.80527473E+01  0.44346300E+02  0.44554000E+02
  0.81636593E+01  0.43033400E+02  0.43350200E+02
  0.82745714E+01  0.42041200E+02  0.42474000E+02
  0.83854835E+01  0.41642300E+02  0.42135700E+02
  0.84963956E+01  0.42041200E+02  0.42474000E+02
  0.86073077E+01  0.43033400E+02  0.43350200E+02
  0.87182197E+01  0.44346300E+02  0.44554000E+02
  0.88291318E+01  0.45849500E+02  0.45966300E+02
  0.89400439E+01  0.47491500E+02  0.47534400E+02
  0.90509560E+01  0.49251200E+02  0.49234000E+02
  0.91618681E+01  0.51118000E+02  0.51052000E+02
  0.92727802E+01  0.53084300E+02  0.52977600E+02
  0.93836922E+01  0.55139100E+02  0.54991300E+02
  0.94966954E+01  0.57151900E+02  0.56914500E+02
  0.96096985E+01  0.55429600E+02  0.55329500E+02
  0.97227017E+01  0.53469700E+02  0.53433000E+02
  0.98357049E+01  0.51517200E+02  0.51532600E+02
  0.99487080E+01  0.49611500E+02  0.49677100E+02
  0.10061711E+02  0.47771000E+02  0.47887500E+02
  0.10174714E+02  0.46005500E+02  0.46175200E+02
  0.10287717E+02  0.44321400E+02  0.44547900E+02
  0.10400721E+02  0.42722900E+02  0.43011200E+02
  0.10513724E+02  0.41213900E+02  0.41570400E+02
  0.10626727E+02  0.39798900E+02  0.40231500E+02
  0.10739730E+02  0.38483600E+02  0.39002100E+02
  0.10852733E+02  0.37277000E+02  0.37892800E+02
  0.10965736E+02  0.36193500E+02  0.36918900E+02
  0.11078740E+02  0.35257600E+02  0.36102300E+02
  0.11191743E+02  0.34509700E+02  0.35474200E+02
  0.11304746E+02  0.34011800E+02  0.35072800E+02
  0.11415658E+02  0.33834500E+02  0.34933900E+02
  
  0.00000000E+00  0.48232000E+02  0.48451400E+02
  0.11091208E+00  0.48732600E+02  0.48904900E+02
  0.22182416E+00  0.48578300E+02  0.49342800E+02
  0.33273625E+00  0.47961700E+02  0.48627800E+02
  0.44364833E+00  0.47777800E+02  0.48300900E+02
  0.55456041E+00  0.47986500E+02  0.48382600E+02
  0.66547249E+00  0.48489000E+02  0.48804200E+02
  0.77638458E+00  0.49203400E+02  0.49478500E+02
  0.88729666E+00  0.50077300E+02  0.50339400E+02
  0.99820874E+00  0.51078000E+02  0.51343300E+02
  0.11091208E+01  0.52183200E+02  0.52461200E+02
  0.12200329E+01  0.52097400E+02  0.52795800E+02
  0.13309450E+01  0.49890100E+02  0.50620900E+02
  0.14418571E+01  0.47731800E+02  0.48497400E+02
  0.15527692E+01  0.45670600E+02  0.46476700E+02
  0.16636812E+01  0.43753300E+02  0.44607800E+02
  0.17745933E+01  0.42047200E+02  0.42958200E+02
  0.18855054E+01  0.40652300E+02  0.41622000E+02
  0.19964175E+01  0.39673500E+02  0.40690200E+02
  0.21073296E+01  0.39133800E+02  0.40176000E+02
  0.22193677E+01  0.38967800E+02  0.40017300E+02
  0.23314058E+01  0.39133100E+02  0.40175600E+02
  0.24434439E+01  0.39629000E+02  0.40651400E+02
  0.25554821E+01  0.40442400E+02  0.41435500E+02
  0.26675202E+01  0.41533200E+02  0.42493300E+02
  0.27795583E+01  0.42837800E+02  0.43765100E+02
  0.28915964E+01  0.44278500E+02  0.45173200E+02
  0.30036345E+01  0.45747900E+02  0.46603500E+02
  0.31156727E+01  0.47029700E+02  0.47817400E+02
  0.32277108E+01  0.47199000E+02  0.47644800E+02
  0.33397489E+01  0.46146200E+02  0.46342100E+02
  0.34517870E+01  0.46678600E+02  0.47285800E+02
  0.35638251E+01  0.46034900E+02  0.46676100E+02
  0.36758633E+01  0.45597300E+02  0.46271100E+02
  0.37879014E+01  0.45443400E+02  0.46130200E+02
  0.38999395E+01  0.45436100E+02  0.46119000E+02
  0.40119776E+01  0.45418400E+02  0.46090200E+02
  0.41240158E+01  0.45401400E+02  0.46057400E+02
  0.42360539E+01  0.45401200E+02  0.46039700E+02
  0.43480920E+01  0.45436400E+02  0.46058500E+02
  0.44601301E+01  0.45526500E+02  0.46136300E+02
  0.45721682E+01  0.45691000E+02  0.46295600E+02
  0.46842064E+01  0.45949900E+02  0.46560000E+02
  0.47962445E+01  0.46324300E+02  0.46954000E+02
  0.49082826E+01  0.46836500E+02  0.47501100E+02
  0.50203207E+01  0.47318400E+02  0.47709100E+02
  0.51323589E+01  0.48155800E+02  0.48950300E+02
  0.52443970E+01  0.48457200E+02  0.48674600E+02
  0.53574001E+01  0.48232000E+02  0.48451400E+02
  0.54704033E+01  0.48212300E+02  0.48453100E+02
  0.55834064E+01  0.48275000E+02  0.48541000E+02
  0.56964096E+01  0.48547200E+02  0.48821200E+02
  0.58094127E+01  0.49024600E+02  0.49300700E+02
  0.59224159E+01  0.49631800E+02  0.49907000E+02
  0.60354191E+01  0.50188200E+02  0.50483600E+02
  0.61484222E+01  0.50601300E+02  0.50927200E+02
  0.62614254E+01  0.51000000E+02  0.51325300E+02
  0.63744285E+01  0.51443600E+02  0.51749700E+02
  0.64874317E+01  0.51950000E+02  0.52228200E+02
  0.66004348E+01  0.52528000E+02  0.52773400E+02
  0.67134380E+01  0.53182400E+02  0.53392000E+02
  0.68264411E+01  0.53915700E+02  0.54087000E+02
  0.69394443E+01  0.54726800E+02  0.54856900E+02
  0.70524474E+01  0.55608700E+02  0.55691400E+02
  0.71654506E+01  0.56538500E+02  0.56550100E+02
  0.72763627E+01  0.57151900E+02  0.56914500E+02
  0.73872748E+01  0.56712900E+02  0.56754500E+02
  0.74981868E+01  0.55910000E+02  0.55974400E+02
  0.76090989E+01  0.55174500E+02  0.55240400E+02
  0.77200110E+01  0.53692800E+02  0.54185600E+02
  0.78309231E+01  0.51983100E+02  0.52531100E+02
  0.79418352E+01  0.50246700E+02  0.50836300E+02
  0.80527473E+01  0.48568700E+02  0.49191300E+02
  0.81636593E+01  0.47056400E+02  0.47707300E+02
  0.82745714E+01  0.45903300E+02  0.46578600E+02
  0.83854835E+01  0.45443400E+02  0.46130200E+02
  0.84963956E+01  0.45903300E+02  0.46578600E+02
  0.86073077E+01  0.47056400E+02  0.47707300E+02
  0.87182197E+01  0.48568700E+02  0.49191300E+02
  0.88291318E+01  0.50246700E+02  0.50836300E+02
  0.89400439E+01  0.51983100E+02  0.52531100E+02
  0.90509560E+01  0.53692800E+02  0.54185600E+02
  0.91618681E+01  0.55174500E+02  0.55240400E+02
  0.92727802E+01  0.55910000E+02  0.55974400E+02
  0.93836922E+01  0.56712900E+02  0.56754500E+02
  0.94966954E+01  0.57151900E+02  0.56914500E+02
  0.96096985E+01  0.55429600E+02  0.55329500E+02
  0.97227017E+01  0.53469800E+02  0.53433100E+02
  0.98357049E+01  0.51517300E+02  0.51532700E+02
  0.99487080E+01  0.49611600E+02  0.49677100E+02
  0.10061711E+02  0.47771000E+02  0.47887500E+02
  0.10174714E+02  0.46005600E+02  0.46175200E+02
  0.10287717E+02  0.44321400E+02  0.44547900E+02
  0.10400721E+02  0.42722900E+02  0.43011200E+02
  0.10513724E+02  0.43291300E+02  0.43848300E+02
  0.10626727E+02  0.44008200E+02  0.44729700E+02
  0.10739730E+02  0.43513400E+02  0.44383800E+02
  0.10852733E+02  0.42471800E+02  0.43405800E+02
  0.10965736E+02  0.41367600E+02  0.42337000E+02
  0.11078740E+02  0.40386100E+02  0.41384300E+02
  0.11191743E+02  0.39620900E+02  0.40644600E+02
  0.11304746E+02  0.39134600E+02  0.40177100E+02
  0.11415658E+02  0.38967800E+02  0.40017300E+02
  
  0.00000000E+00  0.50474900E+02  0.51133500E+02
  0.11091208E+00  0.49543400E+02  0.50326700E+02
  0.22182416E+00  0.48578300E+02  0.49342800E+02
  0.33273625E+00  0.47961700E+02  0.48627800E+02
  0.44364833E+00  0.47777800E+02  0.48300900E+02
  0.55456041E+00  0.47986500E+02  0.48382600E+02
  0.66547249E+00  0.48489000E+02  0.48804200E+02
  0.77638458E+00  0.49203400E+02  0.49478500E+02
  0.88729666E+00  0.50077300E+02  0.50339400E+02
  0.99820874E+00  0.51078000E+02  0.51343300E+02
  0.11091208E+01  0.52183200E+02  0.52461200E+02
  0.12200329E+01  0.52698700E+02  0.53152100E+02
  0.13309450E+01  0.53197500E+02  0.53618100E+02
  0.14418571E+01  0.53756100E+02  0.54143100E+02
  0.15527692E+01  0.54370900E+02  0.54723500E+02
  0.16636812E+01  0.55032200E+02  0.55350100E+02
  0.17745933E+01  0.55720700E+02  0.56003700E+02
  0.18855054E+01  0.56400200E+02  0.56648800E+02
  0.19964175E+01  0.57008300E+02  0.57224700E+02
  0.21073296E+01  0.57448800E+02  0.57640200E+02
  0.22193677E+01  0.57613200E+02  0.57794600E+02
  0.23314058E+01  0.57437200E+02  0.57629300E+02
  0.24434439E+01  0.56883900E+02  0.57107800E+02
  0.25554821E+01  0.55940800E+02  0.56210300E+02
  0.26675202E+01  0.54688100E+02  0.55002900E+02
  0.27795583E+01  0.53253400E+02  0.53605800E+02
  0.28915964E+01  0.51738000E+02  0.52120100E+02
  0.30036345E+01  0.50203000E+02  0.50609600E+02
  0.31156727E+01  0.48683100E+02  0.49110500E+02
  0.32277108E+01  0.47649000E+02  0.48319700E+02
  0.33397489E+01  0.47356200E+02  0.47957100E+02
  0.34517870E+01  0.48012100E+02  0.48164300E+02
  0.35638251E+01  0.49913800E+02  0.50027100E+02
  0.36758633E+01  0.51703500E+02  0.51778400E+02
  0.37879014E+01  0.52663700E+02  0.52709600E+02
  0.38999395E+01  0.52678600E+02  0.52734000E+02
  0.40119776E+01  0.52715900E+02  0.52798400E+02
  0.41240158E+01  0.52755600E+02  0.52878500E+02
  0.42360539E+01  0.52267400E+02  0.52480100E+02
  0.43480920E+01  0.51122400E+02  0.51312900E+02
  0.44601301E+01  0.50083500E+02  0.50254700E+02
  0.45721682E+01  0.49167600E+02  0.49326500E+02
  0.46842064E+01  0.48396000E+02  0.48554100E+02
  0.47962445E+01  0.47798400E+02  0.47972900E+02
  0.49082826E+01  0.47419400E+02  0.47631400E+02
  0.50203207E+01  0.47507000E+02  0.48213800E+02
  0.51323589E+01  0.48316600E+02  0.48969600E+02
  0.52443970E+01  0.49439300E+02  0.50229800E+02
  0.53574001E+01  0.50474900E+02  0.51133500E+02
  0.54704033E+01  0.49167000E+02  0.49972000E+02
  0.55834064E+01  0.48275000E+02  0.48541100E+02
  0.56964096E+01  0.48547200E+02  0.48821200E+02
  0.58094127E+01  0.49024600E+02  0.49300800E+02
  0.59224159E+01  0.49631900E+02  0.49907000E+02
  0.60354191E+01  0.50188200E+02  0.50483600E+02
  0.61484222E+01  0.50601300E+02  0.50927200E+02
  0.62614254E+01  0.51000000E+02  0.51325300E+02
  0.63744285E+01  0.51443600E+02  0.51749700E+02
  0.64874317E+01  0.51950000E+02  0.52228200E+02
  0.66004348E+01  0.52528000E+02  0.52773400E+02
  0.67134380E+01  0.53182400E+02  0.53392000E+02
  0.68264411E+01  0.53915700E+02  0.54087000E+02
  0.69394443E+01  0.54726800E+02  0.54856900E+02
  0.70524474E+01  0.55608700E+02  0.55691400E+02
  0.71654506E+01  0.56538500E+02  0.56550100E+02
  0.72763627E+01  0.57151900E+02  0.56914500E+02
  0.73872748E+01  0.57145600E+02  0.56919100E+02
  0.74981868E+01  0.56592500E+02  0.56924800E+02
  0.76090989E+01  0.55275800E+02  0.55695400E+02
  0.77200110E+01  0.54522900E+02  0.54586000E+02
  0.78309231E+01  0.53962800E+02  0.54022000E+02
  0.79418352E+01  0.53499200E+02  0.53554200E+02
  0.80527473E+01  0.53135400E+02  0.53186700E+02
  0.81636593E+01  0.52873900E+02  0.52922300E+02
  0.82745714E+01  0.52716300E+02  0.52762900E+02
  0.83854835E+01  0.52663700E+02  0.52709600E+02
  0.84963956E+01  0.52716300E+02  0.52762900E+02
  0.86073077E+01  0.52873900E+02  0.52922300E+02
  0.87182197E+01  0.53135400E+02  0.53186700E+02
  0.88291318E+01  0.53499200E+02  0.53554200E+02
  0.89400439E+01  0.53962800E+02  0.54022000E+02
  0.90509560E+01  0.54522900E+02  0.54586000E+02
  0.91618681E+01  0.55275800E+02  0.55695400E+02
  0.92727802E+01  0.56592500E+02  0.56924800E+02
  0.93836922E+01  0.57145600E+02  0.56919100E+02
  0.94966954E+01  0.57151900E+02  0.56914500E+02
  0.96096985E+01  0.57854700E+02  0.58115700E+02
  0.97227017E+01  0.57788200E+02  0.58107800E+02
  0.98357049E+01  0.57462500E+02  0.57879200E+02
  0.99487080E+01  0.56712700E+02  0.57274200E+02
  0.10061711E+02  0.55481900E+02  0.56186700E+02
  0.10174714E+02  0.53935900E+02  0.54728900E+02
  0.10287717E+02  0.52290800E+02  0.53122400E+02
  0.10400721E+02  0.50731700E+02  0.51563500E+02
  0.10513724E+02  0.49534000E+02  0.50307400E+02
  0.10626727E+02  0.49312300E+02  0.49919600E+02
  0.10739730E+02  0.50417400E+02  0.50873200E+02
  0.10852733E+02  0.52168600E+02  0.52555500E+02
  0.10965736E+02  0.54021600E+02  0.54360500E+02
  0.11078740E+02  0.55657300E+02  0.55941600E+02
  0.11191743E+02  0.56816500E+02  0.57045000E+02
  0.11304746E+02  0.57430900E+02  0.57623500E+02
  0.11415658E+02  0.57613200E+02  0.57794600E+02
  
