CELL_PARAMETERS (alat=  1.00000000)
  26.546866433   0.000000000  -0.007284138
   0.000000000   6.717624008   0.000000000
  -2.870259692   0.000000000  16.237264945
ATOMIC_POSITIONS (angstrom)
Gd2      8.179509961   0.000000000   4.189032444
Gd       9.486998109   0.000000000   1.179556286
Gd      13.298063143   0.000000000   1.605425130
Gd2      4.349603497   0.000000000   4.399498809
Gd2      1.155525265   1.777405477   4.190957788
Gd2     11.373588191   1.777405477   4.397573465
Gd       3.042115344   0.000000000   7.408984826
Gd       2.463015930   1.777405477   1.181463467
Gd      10.066097524   1.777405477   7.407077645
Gd      -0.768949686   0.000000000   6.983106122
Gd       6.274042040   1.777405477   1.607353431
Gd       6.255071418   1.777405477   6.981177820
O       11.544268994   0.000000000   0.241240435
O       11.155045747   0.000000000   6.148330218
O        1.374057799   0.000000000   2.440210897
O        8.398033668   1.777405477   2.438297295
O        4.131069876   1.777405477   6.150243820
O        0.984834551   0.000000000   8.347300679
O        4.520272075   1.777405477   0.243136191
O        8.008831470   1.777405477   8.345404923
O        1.930753530   0.000000000   5.366817488
O       10.598350018   0.000000000   3.221713766
O        3.574385566   1.777405477   3.223612193
O        8.954717982   1.777405477   5.364919062
O        6.415384620   0.000000000   5.635880323
O        6.113728839   0.000000000   2.952650928
O       13.137722528   1.777405477   2.950724289
O       -0.608609071   1.777405477   5.637806963
O        0.000000000   1.777405477   0.000000000
O        7.023995030   0.000000000  -0.001927299
