CELL_PARAMETERS (alat=  1.88972688)
   6.905996968  -1.802487477  -1.222402060
   6.905996968   1.802487477  -1.222402060
   0.020746254   0.000000000   8.804074425
ATOMIC_POSITIONS (crystal)
O        0.627740266   0.627740266   0.280127646
O        0.325155867   0.325155867   0.032602176
O        0.289802060   0.289802060   0.379332796
O        0.028720952   0.028720952   0.658492665
O        0.372259734   0.372259734   0.719872354
O        0.674844133   0.674844133   0.967397824
O        0.710197940   0.710197940   0.620667204
O        0.971279048   0.971279048   0.341507335
O        0.000000000   0.000000000   0.000000000
Eu       0.137812814   0.137812814   0.489775204
Eu       0.862187186   0.862187186   0.510224796
Eu2      0.184911888   0.184911888   0.133277581
Eu2      0.815088112   0.815088112   0.866722419
Eu2      0.467795832   0.467795832   0.186970077
Eu2      0.532204168   0.532204168   0.813029923
