CELL_PARAMETERS (alat=  1.88972688)
  -5.477032719   5.476974340   5.476974340
   5.476974340  -5.477032719   5.476974340
   5.476974340   5.476974340  -5.477032719
ATOMIC_POSITIONS (crystal)
O        0.519500754   0.763651411   0.528881961
O        0.734764099   0.990638495  -0.028890528
O        0.765233530  -0.263662397   0.255836167
O       -0.019499269   0.509382543   1.244147099
O        0.528881961   0.519500754   0.763651411
O       -0.028890528   0.734764099   0.990638495
O        0.255836167   0.765233530  -0.263662397
O        1.244147099  -0.019499269   0.509382543
O        0.763651411   0.528881961   0.519500754
O        0.990638495  -0.028890528   0.734764099
O       -0.263662397   0.255836167   0.765233530
O        0.509382543   1.244147099  -0.019499269
O       -0.519500754  -0.763651411  -0.528881961
O        0.265235901   1.009361505   1.028890528
O        1.234766470   1.263662397   0.744163833
O        1.019499269   0.490617457   0.755852901
O       -0.528881961  -0.519500754  -0.763651411
O        1.028890528   0.265235901   1.009361505
O        0.744163833   1.234766470   1.263662397
O        0.755852901   1.019499269   0.490617457
O       -0.763651411  -0.528881961  -0.519500754
O        1.009361505   1.028890528   0.265235901
O        1.263662397   0.744163833   1.234766470
O        0.490617457   0.755852901   1.019499269
Ce2      0.500000000   0.500000000   0.500000000
Ce2      0.500000000   1.000000000   0.000000000
Ce2      1.000000000   0.000000000   0.500000000
Ce2      0.000000000   0.500000000   1.000000000
Ce       0.249997279   0.232049916  -0.017934841
Ce       0.749992610   1.267926657   0.517934148
Ce      -0.017934841   0.249997279   0.232049916
Ce       0.517934148   0.749992610   1.267926657
Ce       0.232049916  -0.017934841   0.249997279
Ce       1.267926657   0.517934148   0.749992610
Ce      -0.249997279  -0.232049916   0.017934841
Ce       0.250007390   0.732073343   0.482065852
Ce       0.017934841  -0.249997279  -0.232049916
Ce       0.482065852   0.250007390   0.732073343
Ce      -0.232049916   0.017934841  -0.249997279
Ce       0.732073343   0.482065852   0.250007390
