-55.0186 0.003236 0
-55.0086 0.003808 0
-54.9986 0.00444 0
-54.9886 0.00512 0
-54.9786 0.00588 0
-54.9686 0.00664 0
-54.9586 0.00748 0
-54.9486 0.00832 0
-54.9386 0.00916 0
-54.9286 0.01004 0
-54.9186 0.01092 0
-54.9086 0.0118 0
-54.8986 0.01268 0
-54.8886 0.01352 0
-54.8786 0.01436 0
-54.8686 0.0152 0
-54.8586 0.016 0
-54.8486 0.01676 0
-54.8386 0.01756 0
-54.8286 0.01832 0
-54.8186 0.01908 0
-54.8086 0.01984 0
-54.7986 0.0206 0
-54.7886 0.02132 0
-54.7786 0.02204 0
-54.7686 0.02272 0
-54.7586 0.02332 0
-54.7486 0.02388 0
-54.7386 0.02436 0
-54.7286 0.02472 0
-54.7186 0.02492 0
-54.7086 0.02504 0
-54.6986 0.02496 0
-54.6886 0.02468 0
-54.6786 0.02428 0
-54.6686 0.02368 0
-54.6586 0.02288 0
-54.6486 0.02196 0
-54.6386 0.02088 0
-54.6286 0.01968 0
-54.6186 0.0184 0
-54.6086 0.01704 0
-54.5986 0.0156 0
-54.5886 0.01416 0
-54.5786 0.01276 0
-54.5686 0.01136 0
-54.5586 0.01004 0
-54.5486 0.00876 0
-54.5386 0.0076 0
-54.5286 0.00652 0
-54.5186 0.00556 0
-54.5086 0.00472 0
-54.4986 0.003956 0
-54.4886 0.003324 0
-54.4786 0.0028 0
-54.4686 0.002384 0
-54.4586 0.002072 0
-54.4486 0.00186 0
-54.4386 0.001748 0
-54.4286 0.001736 0
-54.4186 0.001816 0
-54.4086 0.002 0
-54.3986 0.002284 0
-54.3886 0.002672 0
-54.3786 0.003168 0
-54.3686 0.003776 0
-54.3586 0.00452 0
-54.3486 0.00536 0
-54.3386 0.00628 0
-54.3286 0.00736 0
-54.3186 0.00856 0
-54.3086 0.00984 0
-54.2986 0.0112 0
-54.2886 0.0126 0
-54.2786 0.01412 0
-54.2686 0.0156 0
-54.2586 0.01712 0
-54.2486 0.0186 0
-54.2386 0.02004 0
-54.2286 0.02136 0
-54.2186 0.0226 0
-54.2086 0.02372 0
-54.1986 0.02464 0
-54.1886 0.02544 0
-54.1786 0.026 0
-54.1686 0.0264 0
-54.1586 0.02664 0
-54.1486 0.02668 0
-54.1386 0.02656 0
-54.1286 0.02628 0
-54.1186 0.02588 0
-54.1086 0.02536 0
-54.0986 0.02476 0
-54.0886 0.02408 0
-54.0786 0.0234 0
-54.0686 0.02268 0
-54.0586 0.02192 0
-54.0486 0.0212 0
-54.0386 0.02048 0
-54.0286 0.0198 0
-54.0186 0.01912 0
-54.0086 0.01844 0
-53.9986 0.0178 0
-53.9886 0.01716 0
-53.9786 0.01652 0
-53.9686 0.01588 0
-53.9586 0.01524 0
-53.9486 0.01456 0
-53.9386 0.01384 0
-53.9286 0.01312 0
-53.9186 0.01236 0
-53.9086 0.0116 0
-53.8986 0.0108 0
-53.8886 0.01 0
-53.8786 0.0092 0
-53.8686 0.0084 0
-53.8586 0.0076 0
-53.8486 0.00684 0
-53.8386 0.00612 0
-53.8286 0.0054 0
-53.8186 0.00472 0
-53.8086 0.00412 0
-53.7986 0.00354 0
-53.7886 0.00302 0
-53.7786 0.002556 0
-53.7686 0.00214 0
-53.7586 0.001776 0
-53.7486 0.00146 0
-53.7386 0.001188 0
-53.7286 0.00096 0
-53.7186 0.000768 0
-53.7086 0.000608 0
-53.6986 0.000476 0
-53.6886 0.0003688 0
-53.6786 0.0002832 0
-53.6686 0.0002156 0
-53.6586 0.0001624 0
-53.6486 0.0001208 0
-53.6386 8.92e-05 0
-53.6286 6.52e-05 0
-53.6186 4.72e-05 0
-53.6086 3.38e-05 0
-53.5986 2.396e-05 0
-53.5886 1.684e-05 0
-53.5786 1.168e-05 0
-53.5686 8.04e-06 0
-53.5586 5.48e-06 0
-53.5486 3.684e-06 0
-53.5386 2.456e-06 0
-53.5286 1.62e-06 0
-53.5186 1.06e-06 0
-53.5086 6.84e-07 0
-53.4986 4.4e-07 0
-53.4886 2.776e-07 0
-53.4786 1.74e-07 0
-53.4686 1.08e-07 0
-53.4586 6.64e-08 0
-53.4486 4.04e-08 0
-53.4386 2.42e-08 0
-53.4286 1.44e-08 0
-53.4186 8.48e-09 0
-53.4086 4.96e-09 0
-53.3986 2.852e-09 0
-53.3886 1.628e-09 0
-53.3786 9.2e-10 0
-53.3686 5.12e-10 0
-53.3586 2.84e-10 0
-53.3486 1.556e-10 0
-53.3386 8.44e-11 0
-53.3286 4.52e-11 0
-53.3186 2.396e-11 0
-53.3086 1.256e-11 0
-53.2986 6.52e-12 0
-53.2886 3.356e-12 0
-53.2786 1.704e-12 0
-53.2686 8.56e-13 0
-53.2586 4.24e-13 0
-53.2486 2.084e-13 0
-53.2386 9.6e-14 0
-53.2286 4.2e-14 0
-53.2186 1.612e-14 0
-53.2086 4.68e-15 0
-53.1986 1.024e-15 0
-53.1886 0.0 0
-53.1786 0.0 0
-53.1686 0.0 0
-53.1586 0.0 0
-53.1486 0.0 0
-53.1386 0.0 0
-53.1286 0.0 0
-53.1186 0.0 0
-53.1086 0.0 0
-53.0986 0.0 0
-53.0886 0.0 0
-53.0786 0.0 0
-53.0686 0.0 0
-53.0586 0.0 0
-53.0486 0.0 0
-53.0386 0.0 0
-53.0286 0.0 0
-53.0186 0.0 0
-53.0086 0.0 0
-52.9986 0.0 0
-52.9886 0.0 0
-52.9786 0.0 0
-52.9686 0.0 0
-52.9586 0.0 0
-52.9486 0.0 0
-52.9386 0.0 0
-52.9286 0.0 0
-52.9186 0.0 0
-52.9086 0.0 0
-52.8986 0.0 0
-52.8886 0.0 0
-52.8786 0.0 0
-52.8686 0.0 0
-52.8586 0.0 0
-52.8486 0.0 0
-52.8386 0.0 0
-52.8286 0.0 0
-52.8186 0.0 0
-52.8086 0.0 0
-52.7986 0.0 0
-52.7886 0.0 0
-52.7786 0.0 0
-52.7686 0.0 0
-52.7586 0.0 0
-52.7486 0.0 0
-52.7386 0.0 0
-52.7286 0.0 0
-52.7186 0.0 0
-52.7086 0.0 0
-52.6986 0.0 0
-52.6886 0.0 0
-52.6786 0.0 0
-52.6686 0.0 0
-52.6586 0.0 0
-52.6486 0.0 0
-52.6386 0.0 0
-52.6286 0.0 0
-52.6186 0.0 0
-52.6086 0.0 0
-52.5986 0.0 0
-52.5886 0.0 0
-52.5786 0.0 0
-52.5686 0.0 0
-52.5586 0.0 0
-52.5486 0.0 0
-52.5386 0.0 0
-52.5286 0.0 0
-52.5186 0.0 0
-52.5086 0.0 0
-52.4986 0.0 0
-52.4886 0.0 0
-52.4786 0.0 0
-52.4686 0.0 0
-52.4586 0.0 0
-52.4486 0.0 0
-52.4386 0.0 0
-52.4286 0.0 0
-52.4186 0.0 0
-52.4086 0.0 0
-52.3986 0.0 0
-52.3886 0.0 0
-52.3786 0.0 0
-52.3686 0.0 0
-52.3586 0.0 0
-52.3486 0.0 0
-52.3386 0.0 0
-52.3286 0.0 0
-52.3186 0.0 -8.36e-16
-52.3086 0.0 -2.088e-15
-52.2986 0.0 -1.812e-14
-52.2886 0.0 -4.24e-14
-52.2786 0.0 -1.088e-13
-52.2686 0.0 -2.276e-13
-52.2586 0.0 -4.84e-13
-52.2486 0.0 -9.8e-13
-52.2386 0.0 -1.96e-12
-52.2286 0.0 -3.884e-12
-52.2186 0.0 -7.6e-12
-52.2086 0.0 -1.468e-11
-52.1986 0.0 -2.808e-11
-52.1886 0.0 -5.32e-11
-52.1786 0.0 -9.96e-11
-52.1686 0.0 -1.844e-10
-52.1586 0.0 -3.384e-10
-52.1486 0.0 -6.12e-10
-52.1386 0.0 -1.104e-09
-52.1286 0.0 -1.96e-09
-52.1186 0.0 -3.448e-09
-52.1086 0.0 -6e-09
-52.0986 0.0 -1.036e-08
-52.0886 0.0 -1.764e-08
-52.0786 0.0 -2.976e-08
-52.0686 0.0 -4.96e-08
-52.0586 0.0 -8.24e-08
-52.0486 0.0 -1.344e-07
-52.0386 0.0 -2.18e-07
-52.0286 0.0 -3.492e-07
-52.0186 0.0 -5.52e-07
-52.0086 0.0 -8.68e-07
-51.9986 0.0 -1.352e-06
-51.9886 0.0 -2.08e-06
-51.9786 0.0 -3.168e-06
-51.9686 0.0 -4.76e-06
-51.9586 0.0 -7.12e-06
-51.9486 0.0 -1.052e-05
-51.9386 0.0 -1.54e-05
-51.9286 0.0 -2.232e-05
-51.9186 0.0 -3.2e-05
-51.9086 0.0 -4.56e-05
-51.8986 0.0 -6.4e-05
-51.8886 0.0 -8.88e-05
-51.8786 0.0 -0.0001224
-51.8686 0.0 -0.0001672
-51.8586 0.0 -0.000226
-51.8486 0.0 -0.0003028
-51.8386 0.0 -0.0004
-51.8286 0.0 -0.000528
-51.8186 0.0 -0.000688
-51.8086 0.0 -0.000884
-51.7986 0.0 -0.001132
-51.7886 0.0 -0.001432
-51.7786 0.0 -0.001796
-51.7686 0.0 -0.002236
-51.7586 0.0 -0.002756
-51.7486 0.0 -0.003368
-51.7386 0.0 -0.00408
-51.7286 0.0 -0.00492
-51.7186 0.0 -0.00584
-51.7086 0.0 -0.00692
-51.6986 0.0 -0.00812
-51.6886 0.0 -0.00944
-51.6786 0.0 -0.01096
-51.6686 0.0 -0.01256
-51.6586 0.0 -0.01432
-51.6486 0.0 -0.01624
-51.6386 0.0 -0.01828
-51.6286 0.0 -0.02044
-51.6186 0.0 -0.02272
-51.6086 0.0 -0.02508
-51.5986 0.0 -0.02756
-51.5886 0.0 -0.03008
-51.5786 0.0 -0.03268
-51.5686 0.0 -0.03532
-51.5586 0.0 -0.03792
-51.5486 0.0 -0.0404
-51.5386 0.0 -0.0432
-51.5286 0.0 -0.0456
-51.5186 0.0 -0.048
-51.5086 0.0 -0.05
-51.4986 0.0 -0.052
-51.4886 0.0 -0.0536
-51.4786 0.0 -0.0552
-51.4686 0.0 -0.0564
-51.4586 0.0 -0.0572
-51.4486 0.0 -0.0576
-51.4386 0.0 -0.0576
-51.4286 0.0 -0.0572
-51.4186 0.0 -0.0568
-51.4086 0.0 -0.056
-51.3986 0.0 -0.0544
-51.3886 0.0 -0.0528
-51.3786 0.0 -0.0512
-51.3686 0.0 -0.0492
-51.3586 0.0 -0.0468
-51.3486 0.0 -0.0444
-51.3386 0.0 -0.042
-51.3286 0.0 -0.03928
-51.3186 0.0 -0.03668
-51.3086 0.0 -0.03408
-51.2986 0.0 -0.03156
-51.2886 0.0 -0.02908
-51.2786 0.0 -0.02668
-51.2686 0.0 -0.0244
-51.2586 0.0 -0.02224
-51.2486 0.0 -0.0202
-51.2386 0.0 -0.01824
-51.2286 0.0 -0.01644
-51.2186 0.0 -0.01476
-51.2086 0.0 -0.0132
-51.1986 0.0 -0.01172
-51.1886 0.0 -0.0104
-51.1786 0.0 -0.00916
-51.1686 0.0 -0.00804
-51.1586 0.0 -0.007
-51.1486 0.0 -0.00608
-51.1386 0.0 -0.00524
-51.1286 0.0 -0.00448
-51.1186 0.0 -0.003792
-51.1086 0.0 -0.003196
-51.0986 0.0 -0.002676
-51.0886 0.0 -0.00222
-51.0786 0.0 -0.001828
-51.0686 0.0 -0.001492
-51.0586 0.0 -0.001208
-51.0486 0.0 -0.000968
-51.0386 0.0 -0.000768
-51.0286 0.0 -0.000608
-51.0186 0.0 -0.000472
-51.0086 0.0 -0.0003664
-50.9986 0.0 -0.0002808
-50.9886 0.0 -0.0002132
-50.9786 0.0 -0.0001604
-50.9686 0.0 -0.0001192
-50.9586 0.0 -8.8e-05
-50.9486 0.0 -6.44e-05
-50.9386 0.0 -4.64e-05
-50.9286 0.0 -3.328e-05
-50.9186 0.0 -2.36e-05
-50.9086 0.0 -1.66e-05
-50.8986 0.0 -1.152e-05
-50.8886 0.0 -7.92e-06
-50.8786 0.0 -5.4e-06
-50.8686 0.0 -3.648e-06
-50.8586 0.0 -2.436e-06
-50.8486 0.0 -1.612e-06
-50.8386 0.0 -1.056e-06
-50.8286 0.0 -6.84e-07
-50.8186 0.0 -4.4e-07
-50.8086 0.0 -2.788e-07
-50.7986 0.0 -1.752e-07
-50.7886 0.0 -1.092e-07
-50.7786 0.0 -6.72e-08
-50.7686 0.0 -4.08e-08
-50.7586 0.0 -2.472e-08
-50.7486 0.0 -1.476e-08
-50.7386 0.0 -8.72e-09
-50.7286 0.0 -5.12e-09
-50.7186 0.0 -2.96e-09
-50.7086 0.0 -1.696e-09
-50.6986 0.0 -9.64e-10
-50.6886 0.0 -5.4e-10
-50.6786 0.0 -3.008e-10
-50.6686 0.0 -1.656e-10
-50.6586 0.0 -9e-11
-50.6486 0.0 -4.84e-11
-50.6386 0.0 -2.592e-11
-50.6286 0.0 -1.368e-11
-50.6186 0.0 -7.16e-12
-50.6086 0.0 -3.692e-12
-50.5986 0.0 -1.884e-12
-50.5886 0.0 -9.52e-13
-50.5786 0.0 -4.72e-13
-50.5686 0.0 -2.284e-13
-50.5586 0.0 -1.096e-13
-50.5486 0.0 -4.88e-14
-50.5386 0.0 -2.1e-14
-50.5286 0.0 -9.52e-15
-50.5186 0.0 -2.324e-15
-50.5086 0.0 -8.76e-17
-50.4986 0.0 0
-50.4886 0.0 0
-50.4786 0.0 0
-50.4686 0.0 0
-50.4586 0.0 0
-50.4486 0.0 0
-50.4386 0.0 0
-50.4286 0.0 0
-50.4186 0.0 0
-50.4086 0.0 0
-50.3986 0.0 0
-50.3886 0.0 0
-50.3786 0.0 0
-50.3686 0.0 0
-50.3586 0.0 0
-50.3486 0.0 0
-50.3386 0.0 0
-50.3286 0.0 0
-50.3186 0.0 0
-50.3086 0.0 0
-50.2986 0.0 0
-50.2886 0.0 0
-50.2786 0.0 0
-50.2686 0.0 0
-50.2586 0.0 0
-50.2486 0.0 0
-50.2386 0.0 0
-50.2286 0.0 0
-50.2186 0.0 0
-50.2086 0.0 0
-50.1986 0.0 0
-50.1886 0.0 0
-50.1786 0.0 0
-50.1686 0.0 0
-50.1586 0.0 0
-50.1486 0.0 0
-50.1386 0.0 0
-50.1286 0.0 0
-50.1186 0.0 0
-50.1086 0.0 0
-50.0986 0.0 0
-50.0886 0.0 0
-50.0786 0.0 0
-50.0686 0.0 0
-50.0586 0.0 0
-50.0486 0.0 0
-50.0386 0.0 0
-50.0286 0.0 0
-50.0186 0.0 0
-50.0086 0.0 0
-49.9986 0.0 0
-49.9886 0.0 0
-49.9786 0.0 0
-49.9686 0.0 0
-49.9586 0.0 0
-49.9486 0.0 0
-49.9386 0.0 0
-49.9286 0.0 0
-49.9186 0.0 0
-49.9086 0.0 0
-49.8986 0.0 0
-49.8886 0.0 0
-49.8786 0.0 0
-49.8686 0.0 0
-49.8586 0.0 0
-49.8486 0.0 0
-49.8386 0.0 0
-49.8286 0.0 0
-49.8186 0.0 0
-49.8086 0.0 0
-49.7986 0.0 0
-49.7886 0.0 0
-49.7786 0.0 0
-49.7686 0.0 0
-49.7586 0.0 0
-49.7486 0.0 0
-49.7386 0.0 0
-49.7286 0.0 0
-49.7186 0.0 0
-49.7086 0.0 0
-49.6986 0.0 0
-49.6886 0.0 0
-49.6786 0.0 0
-49.6686 0.0 0
-49.6586 0.0 0
-49.6486 0.0 0
-49.6386 0.0 0
-49.6286 0.0 0
-49.6186 0.0 0
-49.6086 0.0 0
-49.5986 0.0 0
-49.5886 0.0 0
-49.5786 0.0 0
-49.5686 0.0 0
-49.5586 0.0 0
-49.5486 0.0 0
-49.5386 0.0 0
-49.5286 0.0 0
-49.5186 0.0 0
-49.5086 0.0 0
-49.4986 0.0 0
-49.4886 0.0 0
-49.4786 0.0 0
-49.4686 0.0 0
-49.4586 0.0 0
-49.4486 0.0 0
-49.4386 0.0 0
-49.4286 0.0 0
-49.4186 0.0 0
-49.4086 0.0 0
-49.3986 0.0 0
-49.3886 0.0 0
-49.3786 0.0 0
-49.3686 0.0 0
-49.3586 0.0 0
-49.3486 0.0 0
-49.3386 0.0 0
-49.3286 0.0 0
-49.3186 0.0 0
-49.3086 0.0 0
-49.2986 0.0 0
-49.2886 0.0 0
-49.2786 0.0 0
-49.2686 0.0 0
-49.2586 0.0 0
-49.2486 0.0 0
-49.2386 0.0 0
-49.2286 0.0 0
-49.2186 0.0 0
-49.2086 0.0 0
-49.1986 0.0 0
-49.1886 0.0 0
-49.1786 0.0 0
-49.1686 0.0 0
-49.1586 0.0 0
-49.1486 0.0 0
-49.1386 0.0 0
-49.1286 0.0 0
-49.1186 0.0 0
-49.1086 0.0 0
-49.0986 0.0 0
-49.0886 0.0 0
-49.0786 0.0 0
-49.0686 0.0 0
-49.0586 0.0 0
-49.0486 0.0 0
-49.0386 0.0 0
-49.0286 0.0 0
-49.0186 0.0 0
-49.0086 0.0 0
-48.9986 0.0 0
-48.9886 0.0 0
-48.9786 0.0 0
-48.9686 0.0 0
-48.9586 0.0 0
-48.9486 0.0 0
-48.9386 0.0 0
-48.9286 0.0 0
-48.9186 0.0 0
-48.9086 0.0 0
-48.8986 0.0 0
-48.8886 0.0 0
-48.8786 0.0 0
-48.8686 0.0 0
-48.8586 0.0 0
-48.8486 0.0 0
-48.8386 0.0 0
-48.8286 0.0 0
-48.8186 0.0 0
-48.8086 0.0 0
-48.7986 0.0 0
-48.7886 0.0 0
-48.7786 0.0 0
-48.7686 0.0 0
-48.7586 0.0 0
-48.7486 0.0 0
-48.7386 0.0 0
-48.7286 0.0 0
-48.7186 0.0 0
-48.7086 0.0 0
-48.6986 0.0 0
-48.6886 0.0 0
-48.6786 0.0 0
-48.6686 0.0 0
-48.6586 0.0 0
-48.6486 0.0 0
-48.6386 0.0 0
-48.6286 0.0 0
-48.6186 0.0 0
-48.6086 0.0 0
-48.5986 0.0 0
-48.5886 0.0 0
-48.5786 0.0 0
-48.5686 0.0 0
-48.5586 0.0 0
-48.5486 0.0 0
-48.5386 0.0 0
-48.5286 0.0 0
-48.5186 0.0 0
-48.5086 0.0 0
-48.4986 0.0 0
-48.4886 0.0 0
-48.4786 0.0 0
-48.4686 0.0 0
-48.4586 0.0 0
-48.4486 0.0 0
-48.4386 0.0 0
-48.4286 0.0 0
-48.4186 0.0 0
-48.4086 0.0 0
-48.3986 0.0 0
-48.3886 0.0 0
-48.3786 0.0 0
-48.3686 0.0 0
-48.3586 0.0 0
-48.3486 0.0 0
-48.3386 0.0 0
-48.3286 0.0 0
-48.3186 0.0 0
-48.3086 0.0 0
-48.2986 0.0 0
-48.2886 0.0 0
-48.2786 0.0 0
-48.2686 0.0 0
-48.2586 0.0 0
-48.2486 0.0 0
-48.2386 0.0 0
-48.2286 0.0 0
-48.2186 0.0 0
-48.2086 0.0 0
-48.1986 0.0 0
-48.1886 0.0 0
-48.1786 0.0 0
-48.1686 0.0 0
-48.1586 0.0 0
-48.1486 0.0 0
-48.1386 0.0 0
-48.1286 0.0 0
-48.1186 0.0 0
-48.1086 0.0 0
-48.0986 0.0 0
-48.0886 0.0 0
-48.0786 0.0 0
-48.0686 0.0 0
-48.0586 0.0 0
-48.0486 0.0 0
-48.0386 0.0 0
-48.0286 0.0 0
-48.0186 0.0 0
-48.0086 0.0 0
-47.9986 0.0 0
-47.9886 0.0 0
-47.9786 0.0 0
-47.9686 0.0 0
-47.9586 0.0 0
-47.9486 0.0 0
-47.9386 0.0 0
-47.9286 0.0 0
-47.9186 0.0 0
-47.9086 0.0 0
-47.8986 0.0 0
-47.8886 0.0 0
-47.8786 0.0 0
-47.8686 0.0 0
-47.8586 0.0 0
-47.8486 0.0 0
-47.8386 0.0 0
-47.8286 0.0 0
-47.8186 0.0 0
-47.8086 0.0 0
-47.7986 0.0 0
-47.7886 0.0 0
-47.7786 0.0 0
-47.7686 0.0 0
-47.7586 0.0 0
-47.7486 0.0 0
-47.7386 0.0 0
-47.7286 0.0 0
-47.7186 0.0 0
-47.7086 0.0 0
-47.6986 0.0 0
-47.6886 0.0 0
-47.6786 0.0 0
-47.6686 0.0 0
-47.6586 0.0 0
-47.6486 0.0 0
-47.6386 0.0 0
-47.6286 0.0 0
-47.6186 0.0 0
-47.6086 0.0 0
-47.5986 0.0 0
-47.5886 0.0 0
-47.5786 0.0 0
-47.5686 0.0 0
-47.5586 0.0 0
-47.5486 0.0 0
-47.5386 0.0 0
-47.5286 0.0 0
-47.5186 0.0 0
-47.5086 0.0 0
-47.4986 0.0 0
-47.4886 0.0 0
-47.4786 0.0 0
-47.4686 0.0 0
-47.4586 0.0 0
-47.4486 0.0 0
-47.4386 0.0 0
-47.4286 0.0 0
-47.4186 0.0 0
-47.4086 0.0 0
-47.3986 0.0 0
-47.3886 0.0 0
-47.3786 0.0 0
-47.3686 0.0 0
-47.3586 0.0 0
-47.3486 0.0 0
-47.3386 0.0 0
-47.3286 0.0 0
-47.3186 0.0 0
-47.3086 0.0 0
-47.2986 0.0 0
-47.2886 0.0 0
-47.2786 0.0 0
-47.2686 0.0 0
-47.2586 0.0 0
-47.2486 0.0 0
-47.2386 0.0 0
-47.2286 0.0 0
-47.2186 0.0 0
-47.2086 0.0 0
-47.1986 0.0 0
-47.1886 0.0 0
-47.1786 0.0 0
-47.1686 0.0 0
-47.1586 0.0 0
-47.1486 0.0 0
-47.1386 0.0 0
-47.1286 0.0 0
-47.1186 0.0 0
-47.1086 0.0 0
-47.0986 0.0 0
-47.0886 0.0 0
-47.0786 0.0 0
-47.0686 0.0 0
-47.0586 0.0 0
-47.0486 0.0 0
-47.0386 0.0 0
-47.0286 0.0 0
-47.0186 0.0 0
-47.0086 0.0 0
-46.9986 0.0 0
-46.9886 0.0 0
-46.9786 0.0 0
-46.9686 0.0 0
-46.9586 0.0 0
-46.9486 0.0 0
-46.9386 0.0 0
-46.9286 0.0 0
-46.9186 0.0 0
-46.9086 0.0 0
-46.8986 0.0 0
-46.8886 0.0 0
-46.8786 0.0 0
-46.8686 0.0 0
-46.8586 0.0 0
-46.8486 0.0 0
-46.8386 0.0 0
-46.8286 0.0 0
-46.8186 0.0 0
-46.8086 0.0 0
-46.7986 0.0 0
-46.7886 0.0 0
-46.7786 0.0 0
-46.7686 0.0 0
-46.7586 0.0 0
-46.7486 0.0 0
-46.7386 0.0 0
-46.7286 0.0 0
-46.7186 0.0 0
-46.7086 0.0 0
-46.6986 0.0 0
-46.6886 0.0 0
-46.6786 0.0 0
-46.6686 0.0 0
-46.6586 0.0 0
-46.6486 0.0 0
-46.6386 0.0 0
-46.6286 0.0 0
-46.6186 0.0 0
-46.6086 0.0 0
-46.5986 0.0 0
-46.5886 0.0 0
-46.5786 0.0 0
-46.5686 0.0 0
-46.5586 0.0 0
-46.5486 0.0 0
-46.5386 0.0 0
-46.5286 0.0 0
-46.5186 0.0 0
-46.5086 0.0 0
-46.4986 0.0 0
-46.4886 0.0 0
-46.4786 0.0 0
-46.4686 0.0 0
-46.4586 0.0 0
-46.4486 0.0 0
-46.4386 0.0 0
-46.4286 0.0 0
-46.4186 0.0 0
-46.4086 0.0 0
-46.3986 0.0 0
-46.3886 0.0 0
-46.3786 0.0 0
-46.3686 0.0 0
-46.3586 0.0 0
-46.3486 0.0 0
-46.3386 0.0 0
-46.3286 0.0 0
-46.3186 0.0 0
-46.3086 0.0 0
-46.2986 0.0 0
-46.2886 0.0 0
-46.2786 0.0 0
-46.2686 0.0 0
-46.2586 0.0 0
-46.2486 0.0 0
-46.2386 0.0 0
-46.2286 0.0 0
-46.2186 0.0 0
-46.2086 0.0 0
-46.1986 0.0 0
-46.1886 0.0 0
-46.1786 0.0 0
-46.1686 0.0 0
-46.1586 0.0 0
-46.1486 0.0 0
-46.1386 0.0 0
-46.1286 0.0 0
-46.1186 0.0 0
-46.1086 0.0 0
-46.0986 0.0 0
-46.0886 0.0 0
-46.0786 0.0 0
-46.0686 0.0 0
-46.0586 0.0 0
-46.0486 0.0 0
-46.0386 0.0 0
-46.0286 0.0 0
-46.0186 0.0 0
-46.0086 0.0 0
-45.9986 0.0 0
-45.9886 0.0 0
-45.9786 0.0 0
-45.9686 0.0 0
-45.9586 0.0 0
-45.9486 0.0 0
-45.9386 0.0 0
-45.9286 0.0 0
-45.9186 0.0 0
-45.9086 0.0 0
-45.8986 0.0 0
-45.8886 0.0 0
-45.8786 0.0 0
-45.8686 0.0 0
-45.8586 0.0 0
-45.8486 0.0 0
-45.8386 0.0 0
-45.8286 0.0 0
-45.8186 0.0 0
-45.8086 0.0 0
-45.7986 0.0 0
-45.7886 0.0 0
-45.7786 0.0 0
-45.7686 0.0 0
-45.7586 0.0 0
-45.7486 0.0 0
-45.7386 0.0 0
-45.7286 0.0 0
-45.7186 0.0 0
-45.7086 0.0 0
-45.6986 0.0 0
-45.6886 0.0 0
-45.6786 0.0 0
-45.6686 0.0 0
-45.6586 0.0 0
-45.6486 0.0 0
-45.6386 0.0 0
-45.6286 0.0 0
-45.6186 0.0 0
-45.6086 0.0 0
-45.5986 0.0 0
-45.5886 0.0 0
-45.5786 0.0 0
-45.5686 0.0 0
-45.5586 0.0 0
-45.5486 0.0 0
-45.5386 0.0 0
-45.5286 0.0 0
-45.5186 0.0 0
-45.5086 0.0 0
-45.4986 0.0 0
-45.4886 0.0 0
-45.4786 0.0 0
-45.4686 0.0 0
-45.4586 0.0 0
-45.4486 0.0 0
-45.4386 0.0 0
-45.4286 0.0 0
-45.4186 0.0 0
-45.4086 0.0 0
-45.3986 0.0 0
-45.3886 0.0 0
-45.3786 0.0 0
-45.3686 0.0 0
-45.3586 0.0 0
-45.3486 0.0 0
-45.3386 0.0 0
-45.3286 0.0 0
-45.3186 0.0 0
-45.3086 0.0 0
-45.2986 0.0 0
-45.2886 0.0 0
-45.2786 0.0 0
-45.2686 0.0 0
-45.2586 0.0 0
-45.2486 0.0 0
-45.2386 0.0 0
-45.2286 0.0 0
-45.2186 0.0 0
-45.2086 0.0 0
-45.1986 0.0 0
-45.1886 0.0 0
-45.1786 0.0 0
-45.1686 0.0 0
-45.1586 0.0 0
-45.1486 0.0 0
-45.1386 0.0 0
-45.1286 0.0 0
-45.1186 0.0 0
-45.1086 0.0 0
-45.0986 0.0 0
-45.0886 0.0 0
-45.0786 0.0 0
-45.0686 0.0 0
-45.0586 0.0 0
-45.0486 0.0 0
-45.0386 0.0 0
-45.0286 0.0 0
-45.0186 0.0 0
-45.0086 0.0 0
-44.9986 0.0 0
-44.9886 0.0 0
-44.9786 0.0 0
-44.9686 0.0 0
-44.9586 0.0 0
-44.9486 0.0 0
-44.9386 0.0 0
-44.9286 0.0 0
-44.9186 0.0 0
-44.9086 0.0 0
-44.8986 0.0 0
-44.8886 0.0 0
-44.8786 0.0 0
-44.8686 0.0 0
-44.8586 0.0 0
-44.8486 0.0 0
-44.8386 0.0 0
-44.8286 0.0 0
-44.8186 0.0 0
-44.8086 0.0 0
-44.7986 0.0 0
-44.7886 0.0 0
-44.7786 0.0 0
-44.7686 0.0 0
-44.7586 0.0 0
-44.7486 0.0 0
-44.7386 0.0 0
-44.7286 0.0 0
-44.7186 0.0 0
-44.7086 0.0 0
-44.6986 0.0 0
-44.6886 0.0 0
-44.6786 0.0 0
-44.6686 0.0 0
-44.6586 0.0 0
-44.6486 0.0 0
-44.6386 0.0 0
-44.6286 0.0 0
-44.6186 0.0 0
-44.6086 0.0 0
-44.5986 0.0 0
-44.5886 0.0 0
-44.5786 0.0 0
-44.5686 0.0 0
-44.5586 0.0 0
-44.5486 0.0 0
-44.5386 0.0 0
-44.5286 0.0 0
-44.5186 0.0 0
-44.5086 0.0 0
-44.4986 0.0 0
-44.4886 0.0 0
-44.4786 0.0 0
-44.4686 0.0 0
-44.4586 0.0 0
-44.4486 0.0 0
-44.4386 0.0 0
-44.4286 0.0 0
-44.4186 0.0 0
-44.4086 0.0 0
-44.3986 0.0 0
-44.3886 0.0 0
-44.3786 0.0 0
-44.3686 0.0 0
-44.3586 0.0 0
-44.3486 0.0 0
-44.3386 0.0 0
-44.3286 0.0 0
-44.3186 0.0 0
-44.3086 0.0 0
-44.2986 0.0 0
-44.2886 0.0 0
-44.2786 0.0 0
-44.2686 0.0 0
-44.2586 0.0 0
-44.2486 0.0 0
-44.2386 0.0 0
-44.2286 0.0 0
-44.2186 0.0 0
-44.2086 0.0 0
-44.1986 0.0 0
-44.1886 0.0 0
-44.1786 0.0 0
-44.1686 0.0 0
-44.1586 0.0 0
-44.1486 0.0 0
-44.1386 0.0 0
-44.1286 0.0 0
-44.1186 0.0 0
-44.1086 0.0 0
-44.0986 0.0 0
-44.0886 0.0 0
-44.0786 0.0 0
-44.0686 0.0 0
-44.0586 0.0 0
-44.0486 0.0 0
-44.0386 0.0 0
-44.0286 0.0 0
-44.0186 0.0 0
-44.0086 0.0 0
-43.9986 0.0 0
-43.9886 0.0 0
-43.9786 0.0 0
-43.9686 0.0 0
-43.9586 0.0 0
-43.9486 0.0 0
-43.9386 0.0 0
-43.9286 0.0 0
-43.9186 0.0 0
-43.9086 0.0 0
-43.8986 0.0 0
-43.8886 0.0 0
-43.8786 0.0 0
-43.8686 0.0 0
-43.8586 0.0 0
-43.8486 0.0 0
-43.8386 0.0 0
-43.8286 0.0 0
-43.8186 0.0 0
-43.8086 0.0 0
-43.7986 0.0 0
-43.7886 0.0 0
-43.7786 0.0 0
-43.7686 0.0 0
-43.7586 0.0 0
-43.7486 0.0 0
-43.7386 0.0 0
-43.7286 0.0 0
-43.7186 0.0 0
-43.7086 0.0 0
-43.6986 0.0 0
-43.6886 0.0 0
-43.6786 0.0 0
-43.6686 0.0 0
-43.6586 0.0 0
-43.6486 0.0 0
-43.6386 0.0 0
-43.6286 0.0 0
-43.6186 0.0 0
-43.6086 0.0 0
-43.5986 0.0 0
-43.5886 0.0 0
-43.5786 0.0 0
-43.5686 0.0 0
-43.5586 0.0 0
-43.5486 0.0 0
-43.5386 0.0 0
-43.5286 0.0 0
-43.5186 0.0 0
-43.5086 0.0 0
-43.4986 0.0 0
-43.4886 0.0 0
-43.4786 0.0 0
-43.4686 0.0 0
-43.4586 0.0 0
-43.4486 0.0 0
-43.4386 0.0 0
-43.4286 0.0 0
-43.4186 0.0 0
-43.4086 0.0 0
-43.3986 0.0 0
-43.3886 0.0 0
-43.3786 0.0 0
-43.3686 0.0 0
-43.3586 0.0 0
-43.3486 0.0 0
-43.3386 0.0 0
-43.3286 0.0 0
-43.3186 0.0 0
-43.3086 0.0 0
-43.2986 0.0 0
-43.2886 0.0 0
-43.2786 0.0 0
-43.2686 0.0 0
-43.2586 0.0 0
-43.2486 0.0 0
-43.2386 0.0 0
-43.2286 0.0 0
-43.2186 0.0 0
-43.2086 0.0 0
-43.1986 0.0 0
-43.1886 0.0 0
-43.1786 0.0 0
-43.1686 0.0 0
-43.1586 0.0 0
-43.1486 0.0 0
-43.1386 0.0 0
-43.1286 0.0 0
-43.1186 0.0 0
-43.1086 0.0 0
-43.0986 0.0 0
-43.0886 0.0 0
-43.0786 0.0 0
-43.0686 0.0 0
-43.0586 0.0 0
-43.0486 0.0 0
-43.0386 0.0 0
-43.0286 0.0 0
-43.0186 0.0 0
-43.0086 0.0 0
-42.9986 0.0 0
-42.9886 0.0 0
-42.9786 0.0 0
-42.9686 0.0 0
-42.9586 0.0 0
-42.9486 0.0 0
-42.9386 0.0 0
-42.9286 0.0 0
-42.9186 0.0 0
-42.9086 0.0 0
-42.8986 0.0 0
-42.8886 0.0 0
-42.8786 0.0 0
-42.8686 0.0 0
-42.8586 0.0 0
-42.8486 0.0 0
-42.8386 0.0 0
-42.8286 0.0 0
-42.8186 0.0 0
-42.8086 0.0 0
-42.7986 0.0 0
-42.7886 0.0 0
-42.7786 0.0 0
-42.7686 0.0 0
-42.7586 0.0 0
-42.7486 0.0 0
-42.7386 0.0 0
-42.7286 0.0 0
-42.7186 0.0 0
-42.7086 0.0 0
-42.6986 0.0 0
-42.6886 0.0 0
-42.6786 0.0 0
-42.6686 0.0 0
-42.6586 0.0 0
-42.6486 0.0 0
-42.6386 0.0 0
-42.6286 0.0 0
-42.6186 0.0 0
-42.6086 0.0 0
-42.5986 0.0 0
-42.5886 0.0 0
-42.5786 0.0 0
-42.5686 0.0 0
-42.5586 0.0 0
-42.5486 0.0 0
-42.5386 0.0 0
-42.5286 0.0 0
-42.5186 0.0 0
-42.5086 0.0 0
-42.4986 0.0 0
-42.4886 0.0 0
-42.4786 0.0 0
-42.4686 0.0 0
-42.4586 0.0 0
-42.4486 0.0 0
-42.4386 0.0 0
-42.4286 0.0 0
-42.4186 0.0 0
-42.4086 0.0 0
-42.3986 0.0 0
-42.3886 0.0 0
-42.3786 0.0 0
-42.3686 0.0 0
-42.3586 0.0 0
-42.3486 0.0 0
-42.3386 0.0 0
-42.3286 0.0 0
-42.3186 0.0 0
-42.3086 0.0 0
-42.2986 0.0 0
-42.2886 0.0 0
-42.2786 0.0 0
-42.2686 0.0 0
-42.2586 0.0 0
-42.2486 0.0 0
-42.2386 0.0 0
-42.2286 0.0 0
-42.2186 0.0 0
-42.2086 0.0 0
-42.1986 0.0 0
-42.1886 0.0 0
-42.1786 0.0 0
-42.1686 0.0 0
-42.1586 0.0 0
-42.1486 0.0 0
-42.1386 0.0 0
-42.1286 0.0 0
-42.1186 0.0 0
-42.1086 0.0 0
-42.0986 0.0 0
-42.0886 0.0 0
-42.0786 0.0 0
-42.0686 0.0 0
-42.0586 0.0 0
-42.0486 0.0 0
-42.0386 0.0 0
-42.0286 0.0 0
-42.0186 0.0 0
-42.0086 0.0 0
-41.9986 0.0 0
-41.9886 0.0 0
-41.9786 0.0 0
-41.9686 0.0 0
-41.9586 0.0 0
-41.9486 0.0 0
-41.9386 0.0 0
-41.9286 0.0 0
-41.9186 0.0 0
-41.9086 0.0 0
-41.8986 0.0 0
-41.8886 0.0 0
-41.8786 0.0 0
-41.8686 0.0 0
-41.8586 0.0 0
-41.8486 0.0 0
-41.8386 0.0 0
-41.8286 0.0 0
-41.8186 0.0 0
-41.8086 0.0 0
-41.7986 0.0 0
-41.7886 0.0 0
-41.7786 0.0 0
-41.7686 0.0 0
-41.7586 0.0 0
-41.7486 0.0 0
-41.7386 0.0 0
-41.7286 0.0 0
-41.7186 0.0 0
-41.7086 0.0 0
-41.6986 0.0 0
-41.6886 0.0 0
-41.6786 0.0 0
-41.6686 0.0 0
-41.6586 0.0 0
-41.6486 0.0 0
-41.6386 0.0 0
-41.6286 0.0 0
-41.6186 0.0 0
-41.6086 0.0 0
-41.5986 0.0 0
-41.5886 0.0 0
-41.5786 0.0 0
-41.5686 0.0 0
-41.5586 0.0 0
-41.5486 0.0 0
-41.5386 0.0 0
-41.5286 0.0 0
-41.5186 0.0 0
-41.5086 0.0 0
-41.4986 0.0 0
-41.4886 0.0 0
-41.4786 0.0 0
-41.4686 0.0 0
-41.4586 0.0 0
-41.4486 0.0 0
-41.4386 0.0 0
-41.4286 0.0 0
-41.4186 0.0 0
-41.4086 0.0 0
-41.3986 0.0 0
-41.3886 0.0 0
-41.3786 0.0 0
-41.3686 0.0 0
-41.3586 0.0 0
-41.3486 0.0 0
-41.3386 0.0 0
-41.3286 0.0 0
-41.3186 0.0 0
-41.3086 0.0 0
-41.2986 0.0 0
-41.2886 0.0 0
-41.2786 0.0 0
-41.2686 0.0 0
-41.2586 0.0 0
-41.2486 0.0 0
-41.2386 0.0 0
-41.2286 0.0 0
-41.2186 0.0 0
-41.2086 0.0 0
-41.1986 0.0 0
-41.1886 0.0 0
-41.1786 0.0 0
-41.1686 0.0 0
-41.1586 0.0 0
-41.1486 0.0 0
-41.1386 0.0 0
-41.1286 0.0 0
-41.1186 0.0 0
-41.1086 0.0 0
-41.0986 0.0 0
-41.0886 0.0 0
-41.0786 0.0 0
-41.0686 0.0 0
-41.0586 0.0 0
-41.0486 0.0 0
-41.0386 0.0 0
-41.0286 0.0 0
-41.0186 0.0 0
-41.0086 0.0 0
-40.9986 0.0 0
-40.9886 0.0 0
-40.9786 0.0 0
-40.9686 0.0 0
-40.9586 0.0 0
-40.9486 0.0 0
-40.9386 0.0 0
-40.9286 0.0 0
-40.9186 0.0 0
-40.9086 0.0 0
-40.8986 0.0 0
-40.8886 0.0 0
-40.8786 0.0 0
-40.8686 0.0 0
-40.8586 0.0 0
-40.8486 0.0 0
-40.8386 0.0 0
-40.8286 0.0 0
-40.8186 0.0 0
-40.8086 0.0 0
-40.7986 0.0 0
-40.7886 0.0 0
-40.7786 0.0 0
-40.7686 0.0 0
-40.7586 0.0 0
-40.7486 0.0 0
-40.7386 0.0 0
-40.7286 0.0 0
-40.7186 0.0 0
-40.7086 0.0 0
-40.6986 0.0 0
-40.6886 0.0 0
-40.6786 0.0 0
-40.6686 0.0 0
-40.6586 0.0 0
-40.6486 0.0 0
-40.6386 0.0 0
-40.6286 0.0 0
-40.6186 0.0 0
-40.6086 0.0 0
-40.5986 0.0 0
-40.5886 0.0 0
-40.5786 0.0 0
-40.5686 0.0 0
-40.5586 0.0 0
-40.5486 0.0 0
-40.5386 0.0 0
-40.5286 0.0 0
-40.5186 0.0 0
-40.5086 0.0 0
-40.4986 0.0 0
-40.4886 0.0 0
-40.4786 0.0 0
-40.4686 0.0 0
-40.4586 0.0 0
-40.4486 0.0 0
-40.4386 0.0 0
-40.4286 0.0 0
-40.4186 0.0 0
-40.4086 0.0 0
-40.3986 0.0 0
-40.3886 0.0 0
-40.3786 0.0 0
-40.3686 0.0 0
-40.3586 0.0 0
-40.3486 0.0 0
-40.3386 0.0 0
-40.3286 0.0 0
-40.3186 0.0 0
-40.3086 0.0 0
-40.2986 0.0 0
-40.2886 0.0 0
-40.2786 0.0 0
-40.2686 0.0 0
-40.2586 0.0 0
-40.2486 0.0 0
-40.2386 0.0 0
-40.2286 0.0 0
-40.2186 0.0 0
-40.2086 0.0 0
-40.1986 0.0 0
-40.1886 0.0 0
-40.1786 0.0 0
-40.1686 0.0 0
-40.1586 0.0 0
-40.1486 0.0 0
-40.1386 0.0 0
-40.1286 0.0 0
-40.1186 0.0 0
-40.1086 0.0 0
-40.0986 0.0 0
-40.0886 0.0 0
-40.0786 0.0 0
-40.0686 0.0 0
-40.0586 0.0 0
-40.0486 0.0 0
-40.0386 0.0 0
-40.0286 0.0 0
-40.0186 0.0 0
-40.0086 0.0 0
-39.9986 0.0 0
-39.9886 0.0 0
-39.9786 0.0 0
-39.9686 0.0 0
-39.9586 0.0 0
-39.9486 0.0 0
-39.9386 0.0 0
-39.9286 0.0 0
-39.9186 0.0 0
-39.9086 0.0 0
-39.8986 0.0 0
-39.8886 0.0 0
-39.8786 0.0 0
-39.8686 0.0 0
-39.8586 0.0 0
-39.8486 0.0 0
-39.8386 0.0 0
-39.8286 0.0 0
-39.8186 0.0 0
-39.8086 0.0 0
-39.7986 0.0 0
-39.7886 0.0 0
-39.7786 0.0 0
-39.7686 0.0 0
-39.7586 0.0 0
-39.7486 0.0 0
-39.7386 0.0 0
-39.7286 0.0 0
-39.7186 0.0 0
-39.7086 0.0 0
-39.6986 0.0 0
-39.6886 0.0 0
-39.6786 0.0 0
-39.6686 0.0 0
-39.6586 0.0 0
-39.6486 0.0 0
-39.6386 0.0 0
-39.6286 0.0 0
-39.6186 0.0 0
-39.6086 0.0 0
-39.5986 0.0 0
-39.5886 0.0 0
-39.5786 0.0 0
-39.5686 0.0 0
-39.5586 0.0 0
-39.5486 0.0 0
-39.5386 0.0 0
-39.5286 0.0 0
-39.5186 0.0 0
-39.5086 0.0 0
-39.4986 0.0 0
-39.4886 0.0 0
-39.4786 0.0 0
-39.4686 0.0 0
-39.4586 0.0 0
-39.4486 0.0 0
-39.4386 0.0 0
-39.4286 0.0 0
-39.4186 0.0 0
-39.4086 0.0 0
-39.3986 0.0 0
-39.3886 0.0 0
-39.3786 0.0 0
-39.3686 0.0 0
-39.3586 0.0 0
-39.3486 0.0 0
-39.3386 0.0 0
-39.3286 0.0 0
-39.3186 0.0 0
-39.3086 0.0 0
-39.2986 0.0 0
-39.2886 0.0 0
-39.2786 0.0 0
-39.2686 0.0 0
-39.2586 0.0 0
-39.2486 0.0 0
-39.2386 0.0 0
-39.2286 0.0 0
-39.2186 0.0 0
-39.2086 0.0 0
-39.1986 0.0 0
-39.1886 0.0 0
-39.1786 0.0 0
-39.1686 0.0 0
-39.1586 0.0 0
-39.1486 0.0 0
-39.1386 0.0 0
-39.1286 0.0 0
-39.1186 0.0 0
-39.1086 0.0 0
-39.0986 0.0 0
-39.0886 0.0 0
-39.0786 0.0 0
-39.0686 0.0 0
-39.0586 0.0 0
-39.0486 0.0 0
-39.0386 0.0 0
-39.0286 0.0 0
-39.0186 0.0 0
-39.0086 0.0 0
-38.9986 0.0 0
-38.9886 0.0 0
-38.9786 0.0 0
-38.9686 0.0 0
-38.9586 0.0 0
-38.9486 0.0 0
-38.9386 0.0 0
-38.9286 0.0 0
-38.9186 0.0 0
-38.9086 0.0 0
-38.8986 0.0 0
-38.8886 0.0 0
-38.8786 0.0 0
-38.8686 0.0 0
-38.8586 0.0 0
-38.8486 0.0 0
-38.8386 0.0 0
-38.8286 0.0 0
-38.8186 0.0 0
-38.8086 0.0 0
-38.7986 0.0 0
-38.7886 0.0 0
-38.7786 0.0 0
-38.7686 0.0 0
-38.7586 0.0 0
-38.7486 0.0 0
-38.7386 0.0 0
-38.7286 0.0 0
-38.7186 0.0 0
-38.7086 0.0 0
-38.6986 0.0 0
-38.6886 0.0 0
-38.6786 0.0 0
-38.6686 0.0 0
-38.6586 0.0 0
-38.6486 0.0 0
-38.6386 0.0 0
-38.6286 0.0 0
-38.6186 0.0 0
-38.6086 0.0 0
-38.5986 0.0 0
-38.5886 0.0 0
-38.5786 0.0 0
-38.5686 0.0 0
-38.5586 0.0 0
-38.5486 0.0 0
-38.5386 0.0 0
-38.5286 0.0 0
-38.5186 0.0 0
-38.5086 0.0 0
-38.4986 0.0 0
-38.4886 0.0 0
-38.4786 0.0 0
-38.4686 0.0 0
-38.4586 0.0 0
-38.4486 0.0 0
-38.4386 0.0 0
-38.4286 0.0 0
-38.4186 0.0 0
-38.4086 0.0 0
-38.3986 0.0 0
-38.3886 0.0 0
-38.3786 0.0 0
-38.3686 0.0 0
-38.3586 0.0 0
-38.3486 0.0 0
-38.3386 0.0 0
-38.3286 0.0 0
-38.3186 0.0 0
-38.3086 0.0 0
-38.2986 0.0 0
-38.2886 0.0 0
-38.2786 0.0 0
-38.2686 0.0 0
-38.2586 0.0 0
-38.2486 0.0 0
-38.2386 0.0 0
-38.2286 0.0 0
-38.2186 0.0 0
-38.2086 0.0 0
-38.1986 0.0 0
-38.1886 0.0 0
-38.1786 0.0 0
-38.1686 0.0 0
-38.1586 0.0 0
-38.1486 0.0 0
-38.1386 0.0 0
-38.1286 0.0 0
-38.1186 0.0 0
-38.1086 0.0 0
-38.0986 0.0 0
-38.0886 0.0 0
-38.0786 0.0 0
-38.0686 0.0 0
-38.0586 0.0 0
-38.0486 0.0 0
-38.0386 0.0 0
-38.0286 0.0 0
-38.0186 0.0 0
-38.0086 0.0 0
-37.9986 0.0 0
-37.9886 0.0 0
-37.9786 0.0 0
-37.9686 0.0 0
-37.9586 0.0 0
-37.9486 0.0 0
-37.9386 0.0 0
-37.9286 0.0 0
-37.9186 0.0 0
-37.9086 0.0 0
-37.8986 0.0 0
-37.8886 0.0 0
-37.8786 0.0 0
-37.8686 0.0 0
-37.8586 0.0 0
-37.8486 0.0 0
-37.8386 0.0 0
-37.8286 0.0 0
-37.8186 0.0 0
-37.8086 0.0 0
-37.7986 0.0 0
-37.7886 0.0 0
-37.7786 0.0 0
-37.7686 0.0 0
-37.7586 0.0 0
-37.7486 0.0 0
-37.7386 0.0 0
-37.7286 0.0 0
-37.7186 0.0 0
-37.7086 0.0 0
-37.6986 0.0 0
-37.6886 0.0 0
-37.6786 0.0 0
-37.6686 0.0 0
-37.6586 0.0 0
-37.6486 0.0 0
-37.6386 0.0 0
-37.6286 0.0 0
-37.6186 0.0 0
-37.6086 0.0 0
-37.5986 0.0 0
-37.5886 0.0 0
-37.5786 0.0 0
-37.5686 0.0 0
-37.5586 0.0 0
-37.5486 0.0 0
-37.5386 0.0 0
-37.5286 0.0 0
-37.5186 0.0 0
-37.5086 0.0 0
-37.4986 0.0 0
-37.4886 0.0 0
-37.4786 0.0 0
-37.4686 0.0 0
-37.4586 0.0 0
-37.4486 0.0 0
-37.4386 0.0 0
-37.4286 0.0 0
-37.4186 0.0 0
-37.4086 0.0 0
-37.3986 0.0 0
-37.3886 0.0 0
-37.3786 0.0 0
-37.3686 0.0 0
-37.3586 0.0 0
-37.3486 0.0 0
-37.3386 0.0 0
-37.3286 0.0 0
-37.3186 0.0 0
-37.3086 0.0 0
-37.2986 0.0 0
-37.2886 0.0 0
-37.2786 0.0 0
-37.2686 0.0 0
-37.2586 0.0 0
-37.2486 0.0 0
-37.2386 0.0 0
-37.2286 0.0 0
-37.2186 0.0 0
-37.2086 0.0 0
-37.1986 0.0 0
-37.1886 0.0 0
-37.1786 0.0 0
-37.1686 0.0 0
-37.1586 0.0 0
-37.1486 0.0 0
-37.1386 0.0 0
-37.1286 0.0 0
-37.1186 0.0 0
-37.1086 0.0 0
-37.0986 0.0 0
-37.0886 0.0 0
-37.0786 0.0 0
-37.0686 0.0 0
-37.0586 0.0 0
-37.0486 0.0 0
-37.0386 0.0 0
-37.0286 0.0 0
-37.0186 0.0 0
-37.0086 0.0 0
-36.9986 0.0 0
-36.9886 0.0 0
-36.9786 0.0 0
-36.9686 0.0 0
-36.9586 0.0 0
-36.9486 0.0 0
-36.9386 0.0 0
-36.9286 0.0 0
-36.9186 0.0 0
-36.9086 0.0 0
-36.8986 0.0 0
-36.8886 0.0 0
-36.8786 0.0 0
-36.8686 0.0 0
-36.8586 0.0 0
-36.8486 0.0 0
-36.8386 0.0 0
-36.8286 0.0 0
-36.8186 0.0 0
-36.8086 0.0 0
-36.7986 0.0 0
-36.7886 0.0 0
-36.7786 0.0 0
-36.7686 0.0 0
-36.7586 0.0 0
-36.7486 0.0 0
-36.7386 0.0 0
-36.7286 0.0 0
-36.7186 0.0 0
-36.7086 0.0 0
-36.6986 0.0 0
-36.6886 0.0 0
-36.6786 0.0 0
-36.6686 0.0 0
-36.6586 0.0 0
-36.6486 0.0 0
-36.6386 0.0 0
-36.6286 0.0 0
-36.6186 0.0 0
-36.6086 0.0 0
-36.5986 0.0 0
-36.5886 0.0 0
-36.5786 0.0 0
-36.5686 0.0 0
-36.5586 0.0 0
-36.5486 0.0 0
-36.5386 0.0 0
-36.5286 0.0 0
-36.5186 0.0 0
-36.5086 0.0 0
-36.4986 0.0 0
-36.4886 0.0 0
-36.4786 0.0 0
-36.4686 0.0 0
-36.4586 0.0 0
-36.4486 0.0 0
-36.4386 0.0 0
-36.4286 0.0 0
-36.4186 0.0 0
-36.4086 0.0 0
-36.3986 0.0 0
-36.3886 0.0 0
-36.3786 0.0 0
-36.3686 0.0 0
-36.3586 0.0 0
-36.3486 0.0 0
-36.3386 0.0 0
-36.3286 0.0 0
-36.3186 0.0 0
-36.3086 0.0 0
-36.2986 0.0 0
-36.2886 0.0 0
-36.2786 0.0 0
-36.2686 0.0 0
-36.2586 0.0 0
-36.2486 0.0 0
-36.2386 0.0 0
-36.2286 0.0 0
-36.2186 0.0 0
-36.2086 0.0 0
-36.1986 0.0 0
-36.1886 0.0 0
-36.1786 0.0 0
-36.1686 0.0 0
-36.1586 0.0 0
-36.1486 0.0 0
-36.1386 0.0 0
-36.1286 0.0 0
-36.1186 0.0 0
-36.1086 0.0 0
-36.0986 0.0 0
-36.0886 0.0 0
-36.0786 0.0 0
-36.0686 0.0 0
-36.0586 0.0 0
-36.0486 0.0 0
-36.0386 0.0 0
-36.0286 0.0 0
-36.0186 0.0 0
-36.0086 0.0 0
-35.9986 0.0 0
-35.9886 0.0 0
-35.9786 0.0 0
-35.9686 0.0 0
-35.9586 0.0 0
-35.9486 0.0 0
-35.9386 0.0 0
-35.9286 0.0 0
-35.9186 0.0 0
-35.9086 0.0 0
-35.8986 0.0 0
-35.8886 0.0 0
-35.8786 0.0 0
-35.8686 0.0 0
-35.8586 0.0 0
-35.8486 0.0 0
-35.8386 0.0 0
-35.8286 0.0 0
-35.8186 0.0 0
-35.8086 0.0 0
-35.7986 0.0 0
-35.7886 0.0 0
-35.7786 0.0 0
-35.7686 0.0 0
-35.7586 0.0 0
-35.7486 0.0 0
-35.7386 0.0 0
-35.7286 0.0 0
-35.7186 0.0 0
-35.7086 0.0 0
-35.6986 0.0 0
-35.6886 0.0 0
-35.6786 0.0 0
-35.6686 0.0 0
-35.6586 0.0 0
-35.6486 0.0 0
-35.6386 0.0 0
-35.6286 0.0 0
-35.6186 0.0 0
-35.6086 0.0 0
-35.5986 0.0 0
-35.5886 0.0 0
-35.5786 0.0 0
-35.5686 0.0 0
-35.5586 0.0 0
-35.5486 0.0 0
-35.5386 0.0 0
-35.5286 0.0 0
-35.5186 0.0 0
-35.5086 0.0 0
-35.4986 0.0 0
-35.4886 0.0 0
-35.4786 0.0 0
-35.4686 0.0 0
-35.4586 0.0 0
-35.4486 0.0 0
-35.4386 0.0 0
-35.4286 0.0 0
-35.4186 0.0 0
-35.4086 0.0 0
-35.3986 0.0 0
-35.3886 0.0 0
-35.3786 0.0 0
-35.3686 0.0 0
-35.3586 0.0 0
-35.3486 0.0 0
-35.3386 0.0 0
-35.3286 0.0 0
-35.3186 0.0 0
-35.3086 0.0 0
-35.2986 0.0 0
-35.2886 0.0 0
-35.2786 0.0 0
-35.2686 0.0 0
-35.2586 0.0 0
-35.2486 0.0 0
-35.2386 0.0 0
-35.2286 0.0 0
-35.2186 0.0 0
-35.2086 0.0 0
-35.1986 0.0 0
-35.1886 0.0 0
-35.1786 0.0 0
-35.1686 0.0 0
-35.1586 0.0 0
-35.1486 0.0 0
-35.1386 0.0 0
-35.1286 0.0 0
-35.1186 0.0 0
-35.1086 0.0 0
-35.0986 0.0 0
-35.0886 0.0 0
-35.0786 0.0 0
-35.0686 0.0 0
-35.0586 0.0 0
-35.0486 0.0 0
-35.0386 0.0 0
-35.0286 0.0 0
-35.0186 0.0 0
-35.0086 0.0 0
-34.9986 0.0 0
-34.9886 0.0 0
-34.9786 0.0 0
-34.9686 0.0 0
-34.9586 0.0 0
-34.9486 0.0 0
-34.9386 0.0 0
-34.9286 0.0 0
-34.9186 0.0 0
-34.9086 0.0 0
-34.8986 0.0 0
-34.8886 0.0 0
-34.8786 0.0 0
-34.8686 0.0 0
-34.8586 0.0 0
-34.8486 0.0 0
-34.8386 0.0 0
-34.8286 0.0 0
-34.8186 0.0 0
-34.8086 0.0 0
-34.7986 0.0 0
-34.7886 0.0 0
-34.7786 0.0 0
-34.7686 0.0 0
-34.7586 0.0 0
-34.7486 0.0 0
-34.7386 0.0 0
-34.7286 0.0 0
-34.7186 0.0 0
-34.7086 0.0 0
-34.6986 0.0 0
-34.6886 0.0 0
-34.6786 0.0 0
-34.6686 0.0 0
-34.6586 0.0 0
-34.6486 0.0 0
-34.6386 0.0 0
-34.6286 0.0 0
-34.6186 0.0 0
-34.6086 0.0 0
-34.5986 0.0 0
-34.5886 0.0 0
-34.5786 0.0 0
-34.5686 0.0 0
-34.5586 0.0 0
-34.5486 0.0 0
-34.5386 0.0 0
-34.5286 0.0 0
-34.5186 0.0 0
-34.5086 0.0 0
-34.4986 0.0 0
-34.4886 0.0 0
-34.4786 0.0 0
-34.4686 0.0 0
-34.4586 0.0 0
-34.4486 0.0 0
-34.4386 0.0 0
-34.4286 0.0 0
-34.4186 0.0 0
-34.4086 0.0 0
-34.3986 0.0 0
-34.3886 0.0 0
-34.3786 0.0 0
-34.3686 0.0 0
-34.3586 0.0 0
-34.3486 0.0 0
-34.3386 0.0 0
-34.3286 0.0 0
-34.3186 0.0 0
-34.3086 0.0 0
-34.2986 0.0 0
-34.2886 0.0 0
-34.2786 0.0 0
-34.2686 0.0 0
-34.2586 0.0 0
-34.2486 0.0 0
-34.2386 0.0 0
-34.2286 0.0 0
-34.2186 0.0 0
-34.2086 0.0 0
-34.1986 0.0 0
-34.1886 0.0 0
-34.1786 0.0 0
-34.1686 0.0 0
-34.1586 0.0 0
-34.1486 0.0 0
-34.1386 0.0 0
-34.1286 0.0 0
-34.1186 0.0 0
-34.1086 0.0 0
-34.0986 0.0 0
-34.0886 0.0 0
-34.0786 0.0 0
-34.0686 0.0 0
-34.0586 0.0 0
-34.0486 0.0 0
-34.0386 0.0 0
-34.0286 0.0 0
-34.0186 0.0 0
-34.0086 0.0 0
-33.9986 0.0 0
-33.9886 0.0 0
-33.9786 0.0 0
-33.9686 0.0 0
-33.9586 0.0 0
-33.9486 0.0 0
-33.9386 0.0 0
-33.9286 0.0 0
-33.9186 0.0 0
-33.9086 0.0 0
-33.8986 0.0 0
-33.8886 0.0 0
-33.8786 0.0 0
-33.8686 0.0 0
-33.8586 0.0 0
-33.8486 0.0 0
-33.8386 0.0 0
-33.8286 0.0 0
-33.8186 0.0 0
-33.8086 0.0 0
-33.7986 0.0 0
-33.7886 0.0 0
-33.7786 0.0 0
-33.7686 0.0 0
-33.7586 0.0 0
-33.7486 0.0 0
-33.7386 0.0 0
-33.7286 0.0 0
-33.7186 0.0 0
-33.7086 0.0 0
-33.6986 0.0 0
-33.6886 0.0 0
-33.6786 0.0 0
-33.6686 0.0 0
-33.6586 0.0 0
-33.6486 0.0 0
-33.6386 0.0 0
-33.6286 0.0 0
-33.6186 0.0 0
-33.6086 0.0 0
-33.5986 0.0 0
-33.5886 0.0 0
-33.5786 0.0 0
-33.5686 0.0 0
-33.5586 0.0 0
-33.5486 0.0 0
-33.5386 0.0 0
-33.5286 0.0 0
-33.5186 0.0 0
-33.5086 0.0 0
-33.4986 0.0 0
-33.4886 0.0 0
-33.4786 0.0 0
-33.4686 0.0 0
-33.4586 0.0 0
-33.4486 0.0 0
-33.4386 0.0 0
-33.4286 0.0 0
-33.4186 0.0 0
-33.4086 0.0 0
-33.3986 0.0 0
-33.3886 0.0 0
-33.3786 0.0 0
-33.3686 0.0 0
-33.3586 0.0 0
-33.3486 0.0 0
-33.3386 0.0 0
-33.3286 0.0 0
-33.3186 0.0 0
-33.3086 0.0 0
-33.2986 0.0 0
-33.2886 0.0 0
-33.2786 0.0 0
-33.2686 0.0 0
-33.2586 0.0 0
-33.2486 0.0 0
-33.2386 0.0 0
-33.2286 0.0 0
-33.2186 0.0 0
-33.2086 0.0 0
-33.1986 0.0 0
-33.1886 0.0 0
-33.1786 0.0 0
-33.1686 0.0 0
-33.1586 0.0 0
-33.1486 0.0 0
-33.1386 0.0 0
-33.1286 0.0 0
-33.1186 0.0 0
-33.1086 0.0 0
-33.0986 0.0 0
-33.0886 0.0 0
-33.0786 0.0 0
-33.0686 0.0 0
-33.0586 0.0 0
-33.0486 0.0 0
-33.0386 0.0 0
-33.0286 0.0 0
-33.0186 0.0 0
-33.0086 0.0 0
-32.9986 0.0 0
-32.9886 0.0 0
-32.9786 0.0 0
-32.9686 0.0 0
-32.9586 0.0 0
-32.9486 0.0 0
-32.9386 0.0 0
-32.9286 0.0 0
-32.9186 0.0 0
-32.9086 0.0 0
-32.8986 0.0 0
-32.8886 0.0 0
-32.8786 0.0 0
-32.8686 0.0 0
-32.8586 0.0 0
-32.8486 0.0 0
-32.8386 0.0 0
-32.8286 0.0 0
-32.8186 0.0 0
-32.8086 0.0 0
-32.7986 0.0 0
-32.7886 0.0 0
-32.7786 0.0 0
-32.7686 0.0 0
-32.7586 0.0 0
-32.7486 0.0 0
-32.7386 0.0 0
-32.7286 0.0 0
-32.7186 0.0 0
-32.7086 0.0 0
-32.6986 0.0 0
-32.6886 0.0 0
-32.6786 0.0 0
-32.6686 0.0 0
-32.6586 0.0 0
-32.6486 0.0 0
-32.6386 0.0 0
-32.6286 0.0 0
-32.6186 0.0 0
-32.6086 0.0 0
-32.5986 0.0 0
-32.5886 0.0 0
-32.5786 0.0 0
-32.5686 0.0 0
-32.5586 0.0 0
-32.5486 0.0 0
-32.5386 0.0 0
-32.5286 0.0 0
-32.5186 0.0 0
-32.5086 0.0 0
-32.4986 0.0 0
-32.4886 0.0 0
-32.4786 0.0 0
-32.4686 0.0 0
-32.4586 0.0 0
-32.4486 0.0 0
-32.4386 0.0 0
-32.4286 0.0 0
-32.4186 0.0 0
-32.4086 0.0 0
-32.3986 0.0 0
-32.3886 0.0 0
-32.3786 0.0 0
-32.3686 0.0 0
-32.3586 0.0 0
-32.3486 0.0 0
-32.3386 0.0 0
-32.3286 0.0 0
-32.3186 0.0 0
-32.3086 0.0 0
-32.2986 0.0 0
-32.2886 0.0 0
-32.2786 0.0 0
-32.2686 0.0 0
-32.2586 0.0 0
-32.2486 0.0 0
-32.2386 0.0 0
-32.2286 0.0 0
-32.2186 0.0 0
-32.2086 0.0 0
-32.1986 0.0 0
-32.1886 0.0 0
-32.1786 0.0 0
-32.1686 0.0 0
-32.1586 0.0 0
-32.1486 0.0 0
-32.1386 0.0 0
-32.1286 0.0 0
-32.1186 0.0 0
-32.1086 0.0 0
-32.0986 0.0 0
-32.0886 0.0 0
-32.0786 0.0 0
-32.0686 0.0 0
-32.0586 0.0 0
-32.0486 0.0 0
-32.0386 0.0 0
-32.0286 0.0 0
-32.0186 0.0 0
-32.0086 0.0 0
-31.9986 0.0 0
-31.9886 0.0 0
-31.9786 0.0 0
-31.9686 0.0 0
-31.9586 0.0 0
-31.9486 0.0 0
-31.9386 0.0 0
-31.9286 0.0 0
-31.9186 0.0 0
-31.9086 0.0 0
-31.8986 0.0 0
-31.8886 0.0 0
-31.8786 0.0 0
-31.8686 0.0 0
-31.8586 0.0 0
-31.8486 0.0 0
-31.8386 0.0 0
-31.8286 0.0 0
-31.8186 0.0 0
-31.8086 0.0 0
-31.7986 0.0 0
-31.7886 0.0 0
-31.7786 0.0 0
-31.7686 0.0 0
-31.7586 0.0 0
-31.7486 0.0 0
-31.7386 0.0 0
-31.7286 0.0 0
-31.7186 0.0 0
-31.7086 0.0 0
-31.6986 0.0 0
-31.6886 0.0 0
-31.6786 0.0 0
-31.6686 0.0 0
-31.6586 0.0 0
-31.6486 0.0 0
-31.6386 0.0 0
-31.6286 0.0 0
-31.6186 0.0 0
-31.6086 0.0 0
-31.5986 0.0 0
-31.5886 0.0 0
-31.5786 0.0 0
-31.5686 0.0 0
-31.5586 0.0 0
-31.5486 0.0 0
-31.5386 0.0 0
-31.5286 0.0 0
-31.5186 0.0 0
-31.5086 0.0 0
-31.4986 0.0 0
-31.4886 0.0 0
-31.4786 0.0 0
-31.4686 0.0 0
-31.4586 0.0 0
-31.4486 0.0 0
-31.4386 0.0 0
-31.4286 0.0 0
-31.4186 0.0 0
-31.4086 0.0 0
-31.3986 0.0 0
-31.3886 0.0 0
-31.3786 0.0 0
-31.3686 0.0 0
-31.3586 0.0 0
-31.3486 0.0 0
-31.3386 0.0 0
-31.3286 0.0 0
-31.3186 0.0 0
-31.3086 0.0 0
-31.2986 0.0 0
-31.2886 0.0 0
-31.2786 0.0 0
-31.2686 0.0 0
-31.2586 0.0 0
-31.2486 0.0 0
-31.2386 0.0 0
-31.2286 0.0 0
-31.2186 0.0 0
-31.2086 0.0 0
-31.1986 0.0 0
-31.1886 0.0 0
-31.1786 0.0 0
-31.1686 0.0 0
-31.1586 0.0 0
-31.1486 0.0 0
-31.1386 0.0 0
-31.1286 0.0 0
-31.1186 0.0 0
-31.1086 0.0 0
-31.0986 0.0 0
-31.0886 0.0 0
-31.0786 0.0 0
-31.0686 0.0 0
-31.0586 0.0 0
-31.0486 0.0 0
-31.0386 0.0 0
-31.0286 0.0 0
-31.0186 0.0 0
-31.0086 0.0 0
-30.9986 0.0 0
-30.9886 0.0 0
-30.9786 0.0 0
-30.9686 0.0 0
-30.9586 0.0 0
-30.9486 0.0 0
-30.9386 0.0 0
-30.9286 0.0 0
-30.9186 0.0 0
-30.9086 0.0 0
-30.8986 0.0 0
-30.8886 0.0 0
-30.8786 0.0 0
-30.8686 0.0 0
-30.8586 0.0 0
-30.8486 0.0 0
-30.8386 0.0 0
-30.8286 0.0 0
-30.8186 0.0 0
-30.8086 0.0 0
-30.7986 0.0 0
-30.7886 0.0 0
-30.7786 0.0 0
-30.7686 0.0 0
-30.7586 0.0 0
-30.7486 0.0 0
-30.7386 0.0 0
-30.7286 0.0 0
-30.7186 0.0 0
-30.7086 0.0 0
-30.6986 0.0 0
-30.6886 0.0 0
-30.6786 0.0 0
-30.6686 0.0 0
-30.6586 0.0 0
-30.6486 0.0 0
-30.6386 0.0 0
-30.6286 0.0 0
-30.6186 0.0 0
-30.6086 0.0 0
-30.5986 0.0 0
-30.5886 0.0 0
-30.5786 0.0 0
-30.5686 0.0 0
-30.5586 0.0 0
-30.5486 0.0 0
-30.5386 0.0 0
-30.5286 0.0 0
-30.5186 0.0 0
-30.5086 0.0 0
-30.4986 0.0 0
-30.4886 0.0 0
-30.4786 0.0 0
-30.4686 0.0 0
-30.4586 0.0 0
-30.4486 0.0 0
-30.4386 0.0 0
-30.4286 0.0 0
-30.4186 0.0 0
-30.4086 0.0 0
-30.3986 0.0 0
-30.3886 0.0 0
-30.3786 0.0 0
-30.3686 0.0 0
-30.3586 0.0 0
-30.3486 0.0 0
-30.3386 0.0 0
-30.3286 0.0 0
-30.3186 0.0 0
-30.3086 0.0 0
-30.2986 0.0 0
-30.2886 0.0 0
-30.2786 0.0 0
-30.2686 0.0 0
-30.2586 0.0 0
-30.2486 0.0 0
-30.2386 0.0 0
-30.2286 0.0 0
-30.2186 0.0 0
-30.2086 0.0 0
-30.1986 0.0 0
-30.1886 0.0 0
-30.1786 0.0 0
-30.1686 0.0 0
-30.1586 0.0 0
-30.1486 0.0 0
-30.1386 0.0 0
-30.1286 0.0 0
-30.1186 0.0 0
-30.1086 0.0 0
-30.0986 0.0 0
-30.0886 0.0 0
-30.0786 0.0 0
-30.0686 0.0 0
-30.0586 0.0 0
-30.0486 0.0 0
-30.0386 0.0 0
-30.0286 0.0 0
-30.0186 0.0 0
-30.0086 0.0 0
-29.9986 0.0 0
-29.9886 0.0 0
-29.9786 0.0 0
-29.9686 0.0 0
-29.9586 0.0 0
-29.9486 0.0 0
-29.9386 0.0 0
-29.9286 0.0 0
-29.9186 0.0 0
-29.9086 0.0 0
-29.8986 0.0 0
-29.8886 0.0 0
-29.8786 0.0 0
-29.8686 0.0 0
-29.8586 0.0 0
-29.8486 0.0 0
-29.8386 0.0 0
-29.8286 0.0 0
-29.8186 0.0 0
-29.8086 0.0 0
-29.7986 0.0 0
-29.7886 0.0 0
-29.7786 0.0 0
-29.7686 0.0 0
-29.7586 0.0 0
-29.7486 0.0 0
-29.7386 0.0 0
-29.7286 0.0 0
-29.7186 0.0 0
-29.7086 0.0 0
-29.6986 0.0 0
-29.6886 0.0 0
-29.6786 0.0 0
-29.6686 0.0 0
-29.6586 0.0 0
-29.6486 0.0 0
-29.6386 0.0 0
-29.6286 0.0 0
-29.6186 0.0 0
-29.6086 0.0 0
-29.5986 0.0 0
-29.5886 0.0 0
-29.5786 0.0 0
-29.5686 0.0 0
-29.5586 0.0 0
-29.5486 0.0 0
-29.5386 0.0 0
-29.5286 0.0 0
-29.5186 0.0 0
-29.5086 0.0 0
-29.4986 0.0 0
-29.4886 0.0 0
-29.4786 0.0 0
-29.4686 0.0 0
-29.4586 0.0 0
-29.4486 0.0 0
-29.4386 0.0 0
-29.4286 0.0 0
-29.4186 0.0 0
-29.4086 0.0 0
-29.3986 0.0 0
-29.3886 0.0 0
-29.3786 0.0 0
-29.3686 0.0 0
-29.3586 0.0 0
-29.3486 0.0 0
-29.3386 0.0 0
-29.3286 0.0 0
-29.3186 0.0 0
-29.3086 0.0 0
-29.2986 0.0 0
-29.2886 0.0 0
-29.2786 0.0 0
-29.2686 0.0 0
-29.2586 0.0 0
-29.2486 0.0 0
-29.2386 0.0 0
-29.2286 0.0 0
-29.2186 0.0 0
-29.2086 0.0 0
-29.1986 0.0 0
-29.1886 0.0 0
-29.1786 0.0 0
-29.1686 0.0 0
-29.1586 0.0 0
-29.1486 0.0 0
-29.1386 0.0 0
-29.1286 0.0 0
-29.1186 0.0 0
-29.1086 0.0 0
-29.0986 0.0 0
-29.0886 0.0 0
-29.0786 0.0 0
-29.0686 0.0 0
-29.0586 0.0 0
-29.0486 0.0 0
-29.0386 0.0 0
-29.0286 0.0 0
-29.0186 0.0 0
-29.0086 0.0 0
-28.9986 0.0 0
-28.9886 0.0 0
-28.9786 0.0 0
-28.9686 0.0 0
-28.9586 0.0 0
-28.9486 0.0 0
-28.9386 0.0 0
-28.9286 0.0 0
-28.9186 0.0 0
-28.9086 0.0 0
-28.8986 0.0 0
-28.8886 0.0 0
-28.8786 0.0 0
-28.8686 0.0 0
-28.8586 0.0 0
-28.8486 0.0 0
-28.8386 0.0 0
-28.8286 0.0 0
-28.8186 0.0 0
-28.8086 0.0 0
-28.7986 0.0 0
-28.7886 0.0 0
-28.7786 0.0 0
-28.7686 0.0 0
-28.7586 0.0 0
-28.7486 0.0 0
-28.7386 0.0 0
-28.7286 0.0 0
-28.7186 0.0 0
-28.7086 0.0 0
-28.6986 0.0 0
-28.6886 0.0 0
-28.6786 0.0 0
-28.6686 0.0 0
-28.6586 0.0 0
-28.6486 0.0 0
-28.6386 0.0 0
-28.6286 0.0 0
-28.6186 0.0 0
-28.6086 0.0 0
-28.5986 0.0 0
-28.5886 0.0 0
-28.5786 0.0 0
-28.5686 0.0 0
-28.5586 0.0 0
-28.5486 0.0 0
-28.5386 0.0 0
-28.5286 0.0 0
-28.5186 0.0 0
-28.5086 0.0 0
-28.4986 0.0 0
-28.4886 0.0 0
-28.4786 0.0 0
-28.4686 0.0 0
-28.4586 0.0 0
-28.4486 0.0 0
-28.4386 0.0 0
-28.4286 0.0 0
-28.4186 0.0 0
-28.4086 0.0 0
-28.3986 0.0 0
-28.3886 0.0 0
-28.3786 0.0 0
-28.3686 0.0 0
-28.3586 0.0 0
-28.3486 0.0 0
-28.3386 0.0 0
-28.3286 0.0 0
-28.3186 0.0 0
-28.3086 0.0 0
-28.2986 0.0 0
-28.2886 0.0 0
-28.2786 0.0 0
-28.2686 0.0 0
-28.2586 0.0 0
-28.2486 0.0 0
-28.2386 0.0 0
-28.2286 0.0 0
-28.2186 0.0 0
-28.2086 0.0 0
-28.1986 0.0 0
-28.1886 0.0 0
-28.1786 0.0 0
-28.1686 0.0 0
-28.1586 0.0 0
-28.1486 0.0 0
-28.1386 0.0 0
-28.1286 0.0 0
-28.1186 0.0 0
-28.1086 0.0 0
-28.0986 0.0 0
-28.0886 0.0 0
-28.0786 0.0 0
-28.0686 0.0 0
-28.0586 0.0 0
-28.0486 0.0 0
-28.0386 0.0 0
-28.0286 0.0 0
-28.0186 0.0 0
-28.0086 0.0 0
-27.9986 0.0 0
-27.9886 0.0 0
-27.9786 0.0 0
-27.9686 0.0 0
-27.9586 0.0 0
-27.9486 0.0 0
-27.9386 0.0 0
-27.9286 0.0 0
-27.9186 0.0 0
-27.9086 0.0 0
-27.8986 0.0 0
-27.8886 0.0 0
-27.8786 0.0 0
-27.8686 0.0 0
-27.8586 0.0 0
-27.8486 0.0 0
-27.8386 0.0 0
-27.8286 0.0 0
-27.8186 0.0 0
-27.8086 0.0 0
-27.7986 0.0 0
-27.7886 0.0 0
-27.7786 0.0 0
-27.7686 0.0 0
-27.7586 0.0 0
-27.7486 0.0 0
-27.7386 0.0 0
-27.7286 0.0 0
-27.7186 0.0 0
-27.7086 0.0 0
-27.6986 0.0 0
-27.6886 0.0 0
-27.6786 0.0 0
-27.6686 0.0 0
-27.6586 0.0 0
-27.6486 0.0 0
-27.6386 0.0 0
-27.6286 0.0 0
-27.6186 0.0 0
-27.6086 0.0 0
-27.5986 0.0 0
-27.5886 0.0 0
-27.5786 0.0 0
-27.5686 0.0 0
-27.5586 0.0 0
-27.5486 0.0 0
-27.5386 0.0 0
-27.5286 0.0 0
-27.5186 0.0 0
-27.5086 0.0 0
-27.4986 0.0 0
-27.4886 0.0 0
-27.4786 0.0 0
-27.4686 0.0 0
-27.4586 0.0 0
-27.4486 0.0 0
-27.4386 0.0 0
-27.4286 0.0 0
-27.4186 0.0 0
-27.4086 0.0 0
-27.3986 0.0 0
-27.3886 0.0 0
-27.3786 0.0 0
-27.3686 0.0 0
-27.3586 0.0 0
-27.3486 0.0 0
-27.3386 0.0 0
-27.3286 0.0 0
-27.3186 0.0 0
-27.3086 0.0 0
-27.2986 0.0 0
-27.2886 0.0 0
-27.2786 0.0 0
-27.2686 0.0 0
-27.2586 0.0 0
-27.2486 0.0 0
-27.2386 0.0 0
-27.2286 0.0 0
-27.2186 0.0 0
-27.2086 0.0 0
-27.1986 0.0 0
-27.1886 0.0 0
-27.1786 0.0 0
-27.1686 0.0 0
-27.1586 0.0 0
-27.1486 0.0 0
-27.1386 0.0 0
-27.1286 0.0 0
-27.1186 0.0 0
-27.1086 0.0 0
-27.0986 0.0 0
-27.0886 0.0 0
-27.0786 0.0 0
-27.0686 0.0 0
-27.0586 0.0 0
-27.0486 0.0 0
-27.0386 0.0 0
-27.0286 0.0 0
-27.0186 0.0 0
-27.0086 0.0 0
-26.9986 0.0 0
-26.9886 0.0 0
-26.9786 0.0 0
-26.9686 0.0 0
-26.9586 0.0 0
-26.9486 0.0 0
-26.9386 0.0 0
-26.9286 0.0 0
-26.9186 0.0 0
-26.9086 0.0 0
-26.8986 0.0 0
-26.8886 0.0 0
-26.8786 0.0 0
-26.8686 0.0 0
-26.8586 0.0 0
-26.8486 0.0 0
-26.8386 0.0 0
-26.8286 0.0 0
-26.8186 0.0 0
-26.8086 0.0 0
-26.7986 0.0 0
-26.7886 0.0 0
-26.7786 0.0 0
-26.7686 0.0 0
-26.7586 0.0 0
-26.7486 0.0 0
-26.7386 0.0 0
-26.7286 0.0 0
-26.7186 0.0 0
-26.7086 0.0 0
-26.6986 0.0 0
-26.6886 0.0 0
-26.6786 0.0 0
-26.6686 0.0 0
-26.6586 0.0 0
-26.6486 0.0 0
-26.6386 0.0 0
-26.6286 0.0 0
-26.6186 0.0 0
-26.6086 0.0 0
-26.5986 0.0 0
-26.5886 0.0 0
-26.5786 0.0 0
-26.5686 0.0 0
-26.5586 0.0 0
-26.5486 0.0 0
-26.5386 0.0 0
-26.5286 0.0 0
-26.5186 0.0 0
-26.5086 0.0 0
-26.4986 0.0 0
-26.4886 0.0 0
-26.4786 0.0 0
-26.4686 0.0 0
-26.4586 0.0 0
-26.4486 0.0 0
-26.4386 0.0 0
-26.4286 0.0 0
-26.4186 0.0 0
-26.4086 0.0 0
-26.3986 0.0 0
-26.3886 0.0 0
-26.3786 0.0 0
-26.3686 0.0 0
-26.3586 0.0 0
-26.3486 0.0 0
-26.3386 0.0 0
-26.3286 0.0 0
-26.3186 0.0 0
-26.3086 0.0 0
-26.2986 0.0 0
-26.2886 0.0 0
-26.2786 0.0 0
-26.2686 0.0 0
-26.2586 0.0 0
-26.2486 0.0 0
-26.2386 0.0 0
-26.2286 0.0 0
-26.2186 0.0 0
-26.2086 0.0 0
-26.1986 0.0 0
-26.1886 0.0 0
-26.1786 0.0 0
-26.1686 0.0 0
-26.1586 0.0 0
-26.1486 0.0 0
-26.1386 0.0 0
-26.1286 0.0 0
-26.1186 0.0 0
-26.1086 0.0 0
-26.0986 0.0 0
-26.0886 0.0 0
-26.0786 0.0 0
-26.0686 0.0 0
-26.0586 0.0 0
-26.0486 0.0 0
-26.0386 0.0 0
-26.0286 0.0 0
-26.0186 0.0 0
-26.0086 0.0 0
-25.9986 0.0 0
-25.9886 0.0 0
-25.9786 0.0 0
-25.9686 0.0 0
-25.9586 0.0 0
-25.9486 0.0 0
-25.9386 0.0 0
-25.9286 0.0 0
-25.9186 0.0 0
-25.9086 0.0 0
-25.8986 0.0 0
-25.8886 0.0 0
-25.8786 0.0 0
-25.8686 0.0 0
-25.8586 0.0 0
-25.8486 0.0 0
-25.8386 0.0 0
-25.8286 0.0 0
-25.8186 0.0 0
-25.8086 0.0 0
-25.7986 0.0 0
-25.7886 0.0 0
-25.7786 0.0 0
-25.7686 0.0 0
-25.7586 0.0 0
-25.7486 0.0 0
-25.7386 0.0 0
-25.7286 0.0 0
-25.7186 0.0 0
-25.7086 0.0 0
-25.6986 0.0 0
-25.6886 0.0 0
-25.6786 0.0 0
-25.6686 0.0 0
-25.6586 0.0 0
-25.6486 0.0 0
-25.6386 0.0 0
-25.6286 0.0 0
-25.6186 0.0 0
-25.6086 0.0 0
-25.5986 0.0 0
-25.5886 0.0 0
-25.5786 0.0 0
-25.5686 0.0 0
-25.5586 0.0 0
-25.5486 0.0 0
-25.5386 0.0 0
-25.5286 0.0 0
-25.5186 0.0 0
-25.5086 0.0 0
-25.4986 0.0 0
-25.4886 0.0 0
-25.4786 0.0 0
-25.4686 0.0 0
-25.4586 0.0 0
-25.4486 0.0 0
-25.4386 0.0 0
-25.4286 0.0 0
-25.4186 0.0 0
-25.4086 0.0 0
-25.3986 0.0 0
-25.3886 0.0 0
-25.3786 0.0 0
-25.3686 0.0 0
-25.3586 0.0 0
-25.3486 0.0 0
-25.3386 0.0 0
-25.3286 0.0 0
-25.3186 0.0 0
-25.3086 0.0 0
-25.2986 0.0 0
-25.2886 0.0 0
-25.2786 0.0 0
-25.2686 0.0 0
-25.2586 0.0 0
-25.2486 0.0 0
-25.2386 0.0 0
-25.2286 0.0 0
-25.2186 0.0 0
-25.2086 0.0 0
-25.1986 0.0 0
-25.1886 0.0 0
-25.1786 0.0 0
-25.1686 0.0 0
-25.1586 0.0 0
-25.1486 0.0 0
-25.1386 0.0 0
-25.1286 0.0 0
-25.1186 0.0 0
-25.1086 0.0 0
-25.0986 0.0 0
-25.0886 0.0 0
-25.0786 0.0 0
-25.0686 0.0 0
-25.0586 0.0 0
-25.0486 0.0 0
-25.0386 0.0 0
-25.0286 0.0 0
-25.0186 0.0 0
-25.0086 0.0 0
-24.9986 0.0 0
-24.9886 0.0 0
-24.9786 0.0 0
-24.9686 0.0 0
-24.9586 0.0 0
-24.9486 0.0 0
-24.9386 0.0 0
-24.9286 0.0 0
-24.9186 0.0 0
-24.9086 0.0 0
-24.8986 0.0 0
-24.8886 0.0 0
-24.8786 0.0 0
-24.8686 0.0 0
-24.8586 0.0 0
-24.8486 0.0 0
-24.8386 0.0 0
-24.8286 0.0 0
-24.8186 0.0 0
-24.8086 0.0 0
-24.7986 0.0 0
-24.7886 0.0 0
-24.7786 0.0 0
-24.7686 0.0 0
-24.7586 0.0 0
-24.7486 0.0 0
-24.7386 0.0 0
-24.7286 0.0 0
-24.7186 0.0 0
-24.7086 0.0 0
-24.6986 0.0 0
-24.6886 0.0 0
-24.6786 0.0 0
-24.6686 0.0 0
-24.6586 0.0 0
-24.6486 0.0 0
-24.6386 0.0 0
-24.6286 0.0 0
-24.6186 0.0 0
-24.6086 0.0 0
-24.5986 0.0 0
-24.5886 0.0 0
-24.5786 0.0 0
-24.5686 0.0 0
-24.5586 0.0 0
-24.5486 0.0 0
-24.5386 0.0 0
-24.5286 0.0 0
-24.5186 0.0 0
-24.5086 0.0 0
-24.4986 0.0 0
-24.4886 0.0 0
-24.4786 0.0 0
-24.4686 0.0 0
-24.4586 0.0 0
-24.4486 0.0 0
-24.4386 0.0 0
-24.4286 0.0 0
-24.4186 0.0 0
-24.4086 0.0 0
-24.3986 0.0 0
-24.3886 0.0 0
-24.3786 0.0 0
-24.3686 0.0 0
-24.3586 0.0 0
-24.3486 0.0 0
-24.3386 0.0 0
-24.3286 0.0 0
-24.3186 0.0 0
-24.3086 0.0 0
-24.2986 0.0 0
-24.2886 0.0 0
-24.2786 0.0 0
-24.2686 0.0 0
-24.2586 0.0 0
-24.2486 0.0 0
-24.2386 0.0 0
-24.2286 0.0 0
-24.2186 0.0 0
-24.2086 0.0 0
-24.1986 0.0 0
-24.1886 0.0 0
-24.1786 0.0 0
-24.1686 0.0 0
-24.1586 0.0 0
-24.1486 0.0 0
-24.1386 0.0 0
-24.1286 0.0 0
-24.1186 0.0 0
-24.1086 0.0 0
-24.0986 0.0 0
-24.0886 0.0 0
-24.0786 0.0 0
-24.0686 0.0 0
-24.0586 0.0 0
-24.0486 0.0 0
-24.0386 0.0 0
-24.0286 0.0 0
-24.0186 0.0 0
-24.0086 0.0 0
-23.9986 0.0 0
-23.9886 0.0 0
-23.9786 0.0 0
-23.9686 0.0 0
-23.9586 0.0 0
-23.9486 0.0 0
-23.9386 0.0 0
-23.9286 0.0 0
-23.9186 0.0 0
-23.9086 0.0 0
-23.8986 0.0 0
-23.8886 0.0 0
-23.8786 0.0 0
-23.8686 0.0 0
-23.8586 0.0 0
-23.8486 0.0 0
-23.8386 0.0 0
-23.8286 0.0 0
-23.8186 0.0 0
-23.8086 0.0 0
-23.7986 0.0 0
-23.7886 0.0 0
-23.7786 0.0 0
-23.7686 0.0 0
-23.7586 0.0 0
-23.7486 0.0 0
-23.7386 0.0 0
-23.7286 0.0 0
-23.7186 0.0 0
-23.7086 0.0 0
-23.6986 0.0 0
-23.6886 0.0 0
-23.6786 0.0 0
-23.6686 0.0 0
-23.6586 0.0 0
-23.6486 0.0 0
-23.6386 0.0 0
-23.6286 0.0 0
-23.6186 0.0 0
-23.6086 0.0 0
-23.5986 0.0 0
-23.5886 0.0 0
-23.5786 0.0 0
-23.5686 0.0 0
-23.5586 0.0 0
-23.5486 0.0 0
-23.5386 0.0 0
-23.5286 0.0 0
-23.5186 0.0 0
-23.5086 0.0 0
-23.4986 0.0 0
-23.4886 0.0 0
-23.4786 0.0 0
-23.4686 0.0 0
-23.4586 0.0 0
-23.4486 0.0 0
-23.4386 0.0 0
-23.4286 0.0 0
-23.4186 0.0 0
-23.4086 0.0 0
-23.3986 0.0 0
-23.3886 0.0 0
-23.3786 0.0 0
-23.3686 0.0 0
-23.3586 0.0 0
-23.3486 0.0 0
-23.3386 0.0 0
-23.3286 0.0 0
-23.3186 0.0 0
-23.3086 0.0 0
-23.2986 0.0 0
-23.2886 0.0 0
-23.2786 0.0 0
-23.2686 0.0 0
-23.2586 0.0 0
-23.2486 0.0 0
-23.2386 0.0 0
-23.2286 0.0 0
-23.2186 0.0 0
-23.2086 0.0 0
-23.1986 0.0 0
-23.1886 0.0 0
-23.1786 0.0 0
-23.1686 0.0 0
-23.1586 0.0 0
-23.1486 0.0 0
-23.1386 0.0 0
-23.1286 0.0 0
-23.1186 0.0 0
-23.1086 0.0 0
-23.0986 0.0 0
-23.0886 0.0 0
-23.0786 0.0 0
-23.0686 0.0 0
-23.0586 0.0 0
-23.0486 0.0 0
-23.0386 0.0 0
-23.0286 0.0 0
-23.0186 0.0 0
-23.0086 0.0 0
-22.9986 0.0 0
-22.9886 0.0 0
-22.9786 0.0 0
-22.9686 0.0 0
-22.9586 0.0 0
-22.9486 0.0 0
-22.9386 0.0 0
-22.9286 0.0 0
-22.9186 0.0 0
-22.9086 0.0 0
-22.8986 0.0 0
-22.8886 0.0 0
-22.8786 0.0 0
-22.8686 0.0 0
-22.8586 0.0 0
-22.8486 0.0 0
-22.8386 0.0 0
-22.8286 0.0 0
-22.8186 0.0 0
-22.8086 0.0 0
-22.7986 0.0 0
-22.7886 0.0 0
-22.7786 0.0 0
-22.7686 0.0 0
-22.7586 0.0 0
-22.7486 0.0 0
-22.7386 0.0 0
-22.7286 0.0 0
-22.7186 0.0 0
-22.7086 0.0 0
-22.6986 0.0 0
-22.6886 0.0 0
-22.6786 0.0 0
-22.6686 0.0 0
-22.6586 0.0 0
-22.6486 0.0 0
-22.6386 0.0 0
-22.6286 0.0 0
-22.6186 0.0 0
-22.6086 0.0 0
-22.5986 0.0 0
-22.5886 0.0 0
-22.5786 0.0 0
-22.5686 0.0 0
-22.5586 0.0 0
-22.5486 0.0 0
-22.5386 0.0 0
-22.5286 0.0 0
-22.5186 0.0 0
-22.5086 0.0 0
-22.4986 0.0 0
-22.4886 0.0 0
-22.4786 0.0 0
-22.4686 0.0 0
-22.4586 0.0 0
-22.4486 0.0 0
-22.4386 0.0 0
-22.4286 0.0 0
-22.4186 0.0 0
-22.4086 0.0 0
-22.3986 0.0 0
-22.3886 0.0 0
-22.3786 0.0 0
-22.3686 0.0 0
-22.3586 0.0 0
-22.3486 0.0 0
-22.3386 0.0 0
-22.3286 0.0 0
-22.3186 0.0 0
-22.3086 0.0 0
-22.2986 0.0 0
-22.2886 0.0 0
-22.2786 0.0 0
-22.2686 0.0 0
-22.2586 0.0 0
-22.2486 0.0 0
-22.2386 0.0 0
-22.2286 0.0 0
-22.2186 0.0 0
-22.2086 0.0 0
-22.1986 0.0 0
-22.1886 0.0 0
-22.1786 0.0 0
-22.1686 0.0 0
-22.1586 0.0 0
-22.1486 0.0 0
-22.1386 0.0 0
-22.1286 0.0 0
-22.1186 0.0 0
-22.1086 0.0 0
-22.0986 0.0 0
-22.0886 0.0 0
-22.0786 0.0 0
-22.0686 0.0 0
-22.0586 0.0 0
-22.0486 0.0 0
-22.0386 0.0 0
-22.0286 0.0 0
-22.0186 0.0 0
-22.0086 0.0 0
-21.9986 0.0 0
-21.9886 0.0 0
-21.9786 0.0 0
-21.9686 0.0 0
-21.9586 0.0 0
-21.9486 0.0 0
-21.9386 0.0 0
-21.9286 0.0 0
-21.9186 0.0 0
-21.9086 0.0 0
-21.8986 0.0 0
-21.8886 0.0 0
-21.8786 0.0 0
-21.8686 0.0 0
-21.8586 0.0 0
-21.8486 0.0 0
-21.8386 0.0 0
-21.8286 0.0 0
-21.8186 0.0 0
-21.8086 0.0 0
-21.7986 0.0 0
-21.7886 0.0 0
-21.7786 0.0 0
-21.7686 0.0 0
-21.7586 0.0 0
-21.7486 0.0 0
-21.7386 0.0 0
-21.7286 0.0 0
-21.7186 0.0 0
-21.7086 0.0 0
-21.6986 0.0 0
-21.6886 0.0 0
-21.6786 0.0 0
-21.6686 0.0 0
-21.6586 0.0 0
-21.6486 0.0 0
-21.6386 0.0 0
-21.6286 0.0 0
-21.6186 0.0 0
-21.6086 0.0 0
-21.5986 0.0 0
-21.5886 0.0 0
-21.5786 0.0 0
-21.5686 0.0 0
-21.5586 0.0 0
-21.5486 0.0 0
-21.5386 0.0 0
-21.5286 0.0 0
-21.5186 0.0 0
-21.5086 0.0 0
-21.4986 0.0 0
-21.4886 0.0 0
-21.4786 0.0 0
-21.4686 0.0 0
-21.4586 0.0 0
-21.4486 0.0 0
-21.4386 0.0 0
-21.4286 0.0 0
-21.4186 0.0 0
-21.4086 0.0 0
-21.3986 0.0 0
-21.3886 0.0 0
-21.3786 0.0 0
-21.3686 0.0 0
-21.3586 0.0 0
-21.3486 0.0 0
-21.3386 0.0 0
-21.3286 0.0 0
-21.3186 0.0 0
-21.3086 0.0 0
-21.2986 0.0 0
-21.2886 0.0 0
-21.2786 0.0 0
-21.2686 0.0 0
-21.2586 0.0 0
-21.2486 0.0 0
-21.2386 0.0 0
-21.2286 0.0 0
-21.2186 0.0 0
-21.2086 0.0 0
-21.1986 0.0 0
-21.1886 0.0 0
-21.1786 0.0 0
-21.1686 0.0 0
-21.1586 0.0 0
-21.1486 0.0 0
-21.1386 0.0 0
-21.1286 0.0 0
-21.1186 0.0 0
-21.1086 0.0 0
-21.0986 0.0 0
-21.0886 0.0 0
-21.0786 0.0 0
-21.0686 0.0 0
-21.0586 0.0 0
-21.0486 0.0 0
-21.0386 0.0 0
-21.0286 0.0 0
-21.0186 0.0 0
-21.0086 0.0 0
-20.9986 0.0 0
-20.9886 0.0 0
-20.9786 0.0 0
-20.9686 0.0 0
-20.9586 0.0 0
-20.9486 0.0 0
-20.9386 0.0 0
-20.9286 0.0 0
-20.9186 0.0 0
-20.9086 0.0 0
-20.8986 0.0 0
-20.8886 0.0 0
-20.8786 0.0 0
-20.8686 0.0 0
-20.8586 0.0 0
-20.8486 0.0 0
-20.8386 0.0 0
-20.8286 0.0 0
-20.8186 0.0 0
-20.8086 0.0 0
-20.7986 0.0 0
-20.7886 0.0 0
-20.7786 0.0 0
-20.7686 0.0 0
-20.7586 0.0 0
-20.7486 0.0 0
-20.7386 0.0 0
-20.7286 0.0 0
-20.7186 0.0 0
-20.7086 0.0 0
-20.6986 0.0 0
-20.6886 0.0 0
-20.6786 0.0 0
-20.6686 0.0 0
-20.6586 0.0 0
-20.6486 0.0 0
-20.6386 0.0 0
-20.6286 0.0 0
-20.6186 0.0 0
-20.6086 0.0 0
-20.5986 0.0 0
-20.5886 0.0 0
-20.5786 0.0 0
-20.5686 0.0 0
-20.5586 0.0 0
-20.5486 0.0 0
-20.5386 0.0 0
-20.5286 0.0 0
-20.5186 0.0 0
-20.5086 0.0 0
-20.4986 0.0 0
-20.4886 0.0 0
-20.4786 0.0 0
-20.4686 0.0 0
-20.4586 0.0 0
-20.4486 0.0 0
-20.4386 0.0 0
-20.4286 0.0 0
-20.4186 0.0 0
-20.4086 0.0 0
-20.3986 0.0 0
-20.3886 0.0 0
-20.3786 0.0 0
-20.3686 0.0 0
-20.3586 0.0 0
-20.3486 0.0 0
-20.3386 0.0 0
-20.3286 0.0 0
-20.3186 0.0 0
-20.3086 0.0 0
-20.2986 0.0 0
-20.2886 0.0 0
-20.2786 0.0 0
-20.2686 0.0 0
-20.2586 0.0 0
-20.2486 0.0 0
-20.2386 0.0 0
-20.2286 0.0 0
-20.2186 0.0 0
-20.2086 0.0 0
-20.1986 0.0 0
-20.1886 0.0 0
-20.1786 0.0 0
-20.1686 0.0 0
-20.1586 0.0 0
-20.1486 0.0 0
-20.1386 0.0 0
-20.1286 0.0 0
-20.1186 0.0 0
-20.1086 0.0 0
-20.0986 0.0 0
-20.0886 0.0 0
-20.0786 0.0 0
-20.0686 0.0 0
-20.0586 0.0 0
-20.0486 0.0 0
-20.0386 0.0 0
-20.0286 0.0 0
-20.0186 0.0 0
-20.0086 0.0 0
-19.9986 0.0 0
-19.9886 0.0 0
-19.9786 0.0 0
-19.9686 0.0 0
-19.9586 0.0 0
-19.9486 0.0 0
-19.9386 0.0 0
-19.9286 0.0 0
-19.9186 0.0 0
-19.9086 0.0 0
-19.8986 0.0 0
-19.8886 0.0 0
-19.8786 0.0 0
-19.8686 0.0 0
-19.8586 0.0 0
-19.8486 0.0 0
-19.8386 0.0 0
-19.8286 0.0 0
-19.8186 0.0 0
-19.8086 0.0 0
-19.7986 0.0 0
-19.7886 0.0 0
-19.7786 0.0 0
-19.7686 0.0 0
-19.7586 0.0 0
-19.7486 0.0 0
-19.7386 0.0 0
-19.7286 0.0 0
-19.7186 0.0 0
-19.7086 0.0 0
-19.6986 0.0 0
-19.6886 0.0 0
-19.6786 0.0 0
-19.6686 0.0 0
-19.6586 0.0 0
-19.6486 0.0 0
-19.6386 0.0 0
-19.6286 0.0 0
-19.6186 0.0 0
-19.6086 0.0 0
-19.5986 0.0 0
-19.5886 0.0 0
-19.5786 0.0 0
-19.5686 0.0 0
-19.5586 0.0 0
-19.5486 0.0 0
-19.5386 0.0 0
-19.5286 0.0 0
-19.5186 0.0 0
-19.5086 0.0 0
-19.4986 0.0 0
-19.4886 0.0 0
-19.4786 0.0 0
-19.4686 0.0 0
-19.4586 0.0 0
-19.4486 0.0 0
-19.4386 0.0 0
-19.4286 0.0 0
-19.4186 0.0 0
-19.4086 0.0 0
-19.3986 0.0 0
-19.3886 0.0 0
-19.3786 0.0 0
-19.3686 0.0 0
-19.3586 0.0 0
-19.3486 0.0 0
-19.3386 0.0 0
-19.3286 0.0 0
-19.3186 0.0 0
-19.3086 0.0 0
-19.2986 0.0 0
-19.2886 0.0 0
-19.2786 0.0 0
-19.2686 0.0 0
-19.2586 0.0 0
-19.2486 0.0 0
-19.2386 0.0 0
-19.2286 0.0 0
-19.2186 0.0 0
-19.2086 0.0 0
-19.1986 0.0 0
-19.1886 0.0 0
-19.1786 0.0 0
-19.1686 0.0 0
-19.1586 0.0 0
-19.1486 0.0 0
-19.1386 0.0 0
-19.1286 0.0 0
-19.1186 0.0 0
-19.1086 0.0 0
-19.0986 0.0 0
-19.0886 0.0 0
-19.0786 0.0 0
-19.0686 0.0 0
-19.0586 0.0 0
-19.0486 0.0 0
-19.0386 0.0 0
-19.0286 0.0 0
-19.0186 0.0 0
-19.0086 0.0 0
-18.9986 0.0 0
-18.9886 0.0 0
-18.9786 0.0 0
-18.9686 0.0 0
-18.9586 0.0 0
-18.9486 0.0 0
-18.9386 0.0 0
-18.9286 0.0 0
-18.9186 0.0 0
-18.9086 0.0 0
-18.8986 0.0 0
-18.8886 0.0 0
-18.8786 0.0 0
-18.8686 0.0 0
-18.8586 0.0 0
-18.8486 0.0 0
-18.8386 0.0 0
-18.8286 0.0 0
-18.8186 0.0 0
-18.8086 0.0 0
-18.7986 0.0 0
-18.7886 0.0 0
-18.7786 0.0 0
-18.7686 0.0 0
-18.7586 0.0 0
-18.7486 0.0 0
-18.7386 0.0 0
-18.7286 0.0 0
-18.7186 0.0 0
-18.7086 0.0 0
-18.6986 0.0 0
-18.6886 0.0 0
-18.6786 0.0 0
-18.6686 0.0 0
-18.6586 0.0 0
-18.6486 0.0 0
-18.6386 0.0 0
-18.6286 0.0 0
-18.6186 0.0 0
-18.6086 0.0 0
-18.5986 0.0 0
-18.5886 0.0 0
-18.5786 0.0 0
-18.5686 0.0 0
-18.5586 0.0 0
-18.5486 0.0 0
-18.5386 0.0 0
-18.5286 0.0 0
-18.5186 0.0 0
-18.5086 0.0 0
-18.4986 0.0 0
-18.4886 0.0 0
-18.4786 0.0 0
-18.4686 0.0 0
-18.4586 0.0 0
-18.4486 0.0 0
-18.4386 0.0 0
-18.4286 0.0 0
-18.4186 0.0 0
-18.4086 0.0 0
-18.3986 0.0 0
-18.3886 0.0 0
-18.3786 0.0 0
-18.3686 0.0 0
-18.3586 0.0 0
-18.3486 0.0 0
-18.3386 0.0 0
-18.3286 0.0 0
-18.3186 0.0 0
-18.3086 0.0 0
-18.2986 0.0 0
-18.2886 0.0 0
-18.2786 0.0 0
-18.2686 0.0 0
-18.2586 0.0 0
-18.2486 0.0 0
-18.2386 0.0 0
-18.2286 0.0 0
-18.2186 0.0 0
-18.2086 0.0 0
-18.1986 0.0 0
-18.1886 0.0 0
-18.1786 0.0 0
-18.1686 0.0 0
-18.1586 0.0 0
-18.1486 0.0 0
-18.1386 0.0 0
-18.1286 0.0 0
-18.1186 0.0 0
-18.1086 0.0 0
-18.0986 0.0 0
-18.0886 0.0 0
-18.0786 0.0 0
-18.0686 0.0 0
-18.0586 0.0 0
-18.0486 0.0 0
-18.0386 0.0 0
-18.0286 0.0 0
-18.0186 0.0 0
-18.0086 0.0 0
-17.9986 0.0 0
-17.9886 0.0 0
-17.9786 0.0 0
-17.9686 0.0 0
-17.9586 0.0 0
-17.9486 0.0 0
-17.9386 0.0 0
-17.9286 0.0 0
-17.9186 0.0 0
-17.9086 0.0 0
-17.8986 0.0 0
-17.8886 0.0 0
-17.8786 0.0 0
-17.8686 0.0 0
-17.8586 0.0 0
-17.8486 0.0 0
-17.8386 0.0 0
-17.8286 0.0 0
-17.8186 0.0 0
-17.8086 0.0 0
-17.7986 0.0 0
-17.7886 0.0 0
-17.7786 0.0 0
-17.7686 0.0 0
-17.7586 0.0 0
-17.7486 0.0 0
-17.7386 0.0 0
-17.7286 0.0 0
-17.7186 0.0 0
-17.7086 0.0 0
-17.6986 0.0 0
-17.6886 0.0 0
-17.6786 0.0 0
-17.6686 0.0 0
-17.6586 0.0 0
-17.6486 0.0 0
-17.6386 0.0 0
-17.6286 0.0 0
-17.6186 0.0 0
-17.6086 0.0 0
-17.5986 0.0 0
-17.5886 0.0 0
-17.5786 0.0 0
-17.5686 0.0 0
-17.5586 0.0 0
-17.5486 0.0 0
-17.5386 0.0 0
-17.5286 0.0 0
-17.5186 0.0 0
-17.5086 0.0 0
-17.4986 0.0 0
-17.4886 0.0 0
-17.4786 0.0 0
-17.4686 0.0 0
-17.4586 0.0 0
-17.4486 0.0 0
-17.4386 0.0 0
-17.4286 0.0 0
-17.4186 0.0 0
-17.4086 0.0 0
-17.3986 0.0 0
-17.3886 0.0 0
-17.3786 0.0 0
-17.3686 0.0 0
-17.3586 0.0 0
-17.3486 0.0 0
-17.3386 0.0 0
-17.3286 0.0 0
-17.3186 0.0 0
-17.3086 0.0 0
-17.2986 0.0 0
-17.2886 0.0 0
-17.2786 0.0 0
-17.2686 0.0 0
-17.2586 0.0 0
-17.2486 0.0 0
-17.2386 0.0 0
-17.2286 0.0 0
-17.2186 0.0 0
-17.2086 0.0 0
-17.1986 0.0 0
-17.1886 0.0 0
-17.1786 0.0 0
-17.1686 0.0 0
-17.1586 0.0 0
-17.1486 0.0 0
-17.1386 0.0 0
-17.1286 0.0 0
-17.1186 0.0 0
-17.1086 0.0 0
-17.0986 0.0 0
-17.0886 0.0 0
-17.0786 0.0 0
-17.0686 0.0 0
-17.0586 0.0 0
-17.0486 0.0 0
-17.0386 0.0 0
-17.0286 0.0 0
-17.0186 0.0 0
-17.0086 0.0 0
-16.9986 0.0 0
-16.9886 0.0 0
-16.9786 0.0 0
-16.9686 0.0 0
-16.9586 0.0 0
-16.9486 0.0 0
-16.9386 0.0 0
-16.9286 0.0 0
-16.9186 0.0 0
-16.9086 0.0 0
-16.8986 0.0 0
-16.8886 0.0 0
-16.8786 0.0 0
-16.8686 0.0 0
-16.8586 0.0 0
-16.8486 0.0 0
-16.8386 0.0 0
-16.8286 0.0 0
-16.8186 0.0 0
-16.8086 0.0 0
-16.7986 0.0 0
-16.7886 0.0 0
-16.7786 0.0 0
-16.7686 0.0 0
-16.7586 0.0 0
-16.7486 0.0 0
-16.7386 0.0 0
-16.7286 0.0 0
-16.7186 0.0 0
-16.7086 0.0 0
-16.6986 0.0 0
-16.6886 0.0 0
-16.6786 0.0 0
-16.6686 0.0 0
-16.6586 0.0 0
-16.6486 0.0 0
-16.6386 0.0 0
-16.6286 0.0 0
-16.6186 0.0 0
-16.6086 0.0 0
-16.5986 0.0 0
-16.5886 0.0 0
-16.5786 0.0 0
-16.5686 0.0 0
-16.5586 0.0 0
-16.5486 0.0 0
-16.5386 0.0 0
-16.5286 0.0 0
-16.5186 0.0 0
-16.5086 0.0 0
-16.4986 0.0 0
-16.4886 0.0 0
-16.4786 0.0 0
-16.4686 0.0 0
-16.4586 0.0 0
-16.4486 0.0 0
-16.4386 0.0 0
-16.4286 0.0 0
-16.4186 0.0 0
-16.4086 0.0 0
-16.3986 0.0 0
-16.3886 0.0 0
-16.3786 0.0 0
-16.3686 0.0 0
-16.3586 0.0 0
-16.3486 0.0 0
-16.3386 0.0 0
-16.3286 0.0 0
-16.3186 0.0 0
-16.3086 0.0 0
-16.2986 0.0 0
-16.2886 0.0 0
-16.2786 0.0 0
-16.2686 0.0 0
-16.2586 0.0 0
-16.2486 0.0 0
-16.2386 0.0 0
-16.2286 0.0 0
-16.2186 0.0 0
-16.2086 0.0 0
-16.1986 0.0 0
-16.1886 0.0 0
-16.1786 0.0 0
-16.1686 0.0 0
-16.1586 0.0 0
-16.1486 0.0 0
-16.1386 0.0 0
-16.1286 0.0 0
-16.1186 0.0 0
-16.1086 0.0 0
-16.0986 0.0 0
-16.0886 0.0 0
-16.0786 0.0 0
-16.0686 0.0 0
-16.0586 0.0 0
-16.0486 0.0 0
-16.0386 0.0 0
-16.0286 0.0 0
-16.0186 0.0 0
-16.0086 0.0 0
-15.9986 0.0 0
-15.9886 0.0 0
-15.9786 0.0 0
-15.9686 0.0 0
-15.9586 0.0 0
-15.9486 0.0 0
-15.9386 0.0 0
-15.9286 0.0 0
-15.9186 0.0 0
-15.9086 0.0 0
-15.8986 0.0 0
-15.8886 0.0 0
-15.8786 0.0 0
-15.8686 0.0 0
-15.8586 0.0 0
-15.8486 0.0 0
-15.8386 0.0 0
-15.8286 0.0 0
-15.8186 0.0 0
-15.8086 0.0 0
-15.7986 0.0 0
-15.7886 0.0 0
-15.7786 0.0 0
-15.7686 0.0 0
-15.7586 0.0 0
-15.7486 0.0 0
-15.7386 0.0 0
-15.7286 0.0 0
-15.7186 0.0 0
-15.7086 0.0 0
-15.6986 0.0 0
-15.6886 0.0 0
-15.6786 0.0 0
-15.6686 0.0 0
-15.6586 0.0 0
-15.6486 0.0 0
-15.6386 0.0 0
-15.6286 0.0 0
-15.6186 0.0 0
-15.6086 0.0 0
-15.5986 0.0 0
-15.5886 0.0 0
-15.5786 0.0 0
-15.5686 0.0 0
-15.5586 0.0 0
-15.5486 0.0 0
-15.5386 0.0 0
-15.5286 0.0 0
-15.5186 0.0 0
-15.5086 0.0 0
-15.4986 0.0 0
-15.4886 0.0 0
-15.4786 0.0 0
-15.4686 0.0 0
-15.4586 0.0 0
-15.4486 0.0 0
-15.4386 0.0 0
-15.4286 0.0 0
-15.4186 0.0 0
-15.4086 0.0 0
-15.3986 0.0 0
-15.3886 0.0 0
-15.3786 0.0 0
-15.3686 0.0 0
-15.3586 0.0 0
-15.3486 0.0 0
-15.3386 0.0 0
-15.3286 0.0 0
-15.3186 0.0 0
-15.3086 0.0 0
-15.2986 0.0 0
-15.2886 0.0 0
-15.2786 0.0 0
-15.2686 0.0 0
-15.2586 0.0 0
-15.2486 0.0 0
-15.2386 0.0 0
-15.2286 0.0 0
-15.2186 0.0 0
-15.2086 0.0 0
-15.1986 0.0 0
-15.1886 0.0 0
-15.1786 0.0 0
-15.1686 0.0 0
-15.1586 0.0 0
-15.1486 0.0 0
-15.1386 0.0 0
-15.1286 0.0 0
-15.1186 0.0 0
-15.1086 0.0 0
-15.0986 0.0 0
-15.0886 0.0 0
-15.0786 0.0 0
-15.0686 0.0 0
-15.0586 0.0 0
-15.0486 0.0 0
-15.0386 0.0 0
-15.0286 0.0 0
-15.0186 0.0 0
-15.0086 0.0 0
-14.9986 0.0 0
-14.9886 0.0 0
-14.9786 0.0 0
-14.9686 0.0 0
-14.9586 0.0 0
-14.9486 0.0 0
-14.9386 0.0 0
-14.9286 0.0 0
-14.9186 0.0 0
-14.9086 0.0 0
-14.8986 0.0 0
-14.8886 0.0 0
-14.8786 0.0 0
-14.8686 0.0 0
-14.8586 0.0 0
-14.8486 0.0 0
-14.8386 0.0 0
-14.8286 0.0 0
-14.8186 0.0 0
-14.8086 0.0 0
-14.7986 0.0 0
-14.7886 0.0 0
-14.7786 0.0 0
-14.7686 0.0 0
-14.7586 0.0 0
-14.7486 0.0 0
-14.7386 0.0 0
-14.7286 0.0 0
-14.7186 0.0 0
-14.7086 0.0 0
-14.6986 0.0 0
-14.6886 0.0 0
-14.6786 0.0 0
-14.6686 0.0 0
-14.6586 0.0 0
-14.6486 0.0 0
-14.6386 0.0 0
-14.6286 0.0 0
-14.6186 0.0 0
-14.6086 0.0 0
-14.5986 0.0 0
-14.5886 0.0 0
-14.5786 0.0 0
-14.5686 0.0 0
-14.5586 0.0 0
-14.5486 0.0 0
-14.5386 0.0 0
-14.5286 0.0 0
-14.5186 0.0 0
-14.5086 0.0 0
-14.4986 0.0 0
-14.4886 0.0 0
-14.4786 0.0 0
-14.4686 0.0 0
-14.4586 0.0 0
-14.4486 0.0 0
-14.4386 0.0 0
-14.4286 0.0 0
-14.4186 0.0 0
-14.4086 0.0 0
-14.3986 0.0 0
-14.3886 0.0 0
-14.3786 0.0 0
-14.3686 0.0 0
-14.3586 0.0 0
-14.3486 0.0 0
-14.3386 0.0 0
-14.3286 0.0 0
-14.3186 0.0 0
-14.3086 0.0 0
-14.2986 0.0 0
-14.2886 0.0 0
-14.2786 0.0 0
-14.2686 0.0 0
-14.2586 0.0 0
-14.2486 0.0 0
-14.2386 0.0 0
-14.2286 0.0 0
-14.2186 0.0 0
-14.2086 0.0 0
-14.1986 0.0 0
-14.1886 0.0 0
-14.1786 0.0 0
-14.1686 0.0 0
-14.1586 0.0 0
-14.1486 0.0 0
-14.1386 0.0 0
-14.1286 0.0 0
-14.1186 0.0 0
-14.1086 0.0 0
-14.0986 0.0 0
-14.0886 0.0 0
-14.0786 0.0 0
-14.0686 0.0 0
-14.0586 0.0 0
-14.0486 0.0 0
-14.0386 0.0 0
-14.0286 0.0 0
-14.0186 0.0 0
-14.0086 0.0 0
-13.9986 0.0 0
-13.9886 0.0 0
-13.9786 0.0 0
-13.9686 0.0 0
-13.9586 0.0 0
-13.9486 0.0 0
-13.9386 0.0 0
-13.9286 0.0 0
-13.9186 0.0 0
-13.9086 0.0 0
-13.8986 0.0 0
-13.8886 0.0 0
-13.8786 0.0 0
-13.8686 0.0 0
-13.8586 0.0 0
-13.8486 0.0 0
-13.8386 0.0 0
-13.8286 0.0 0
-13.8186 0.0 0
-13.8086 0.0 0
-13.7986 0.0 0
-13.7886 0.0 0
-13.7786 0.0 0
-13.7686 0.0 0
-13.7586 0.0 0
-13.7486 0.0 0
-13.7386 0.0 0
-13.7286 0.0 0
-13.7186 0.0 0
-13.7086 0.0 0
-13.6986 0.0 0
-13.6886 0.0 0
-13.6786 0.0 0
-13.6686 0.0 0
-13.6586 0.0 0
-13.6486 0.0 0
-13.6386 0.0 0
-13.6286 0.0 0
-13.6186 0.0 0
-13.6086 0.0 0
-13.5986 0.0 0
-13.5886 0.0 0
-13.5786 0.0 0
-13.5686 0.0 0
-13.5586 0.0 0
-13.5486 0.0 0
-13.5386 0.0 0
-13.5286 0.0 0
-13.5186 0.0 0
-13.5086 0.0 0
-13.4986 0.0 0
-13.4886 0.0 0
-13.4786 0.0 0
-13.4686 0.0 0
-13.4586 0.0 0
-13.4486 0.0 0
-13.4386 0.0 0
-13.4286 0.0 0
-13.4186 0.0 0
-13.4086 0.0 0
-13.3986 0.0 0
-13.3886 0.0 0
-13.3786 0.0 0
-13.3686 0.0 0
-13.3586 0.0 0
-13.3486 0.0 0
-13.3386 0.0 0
-13.3286 0.0 0
-13.3186 0.0 0
-13.3086 0.0 0
-13.2986 0.0 0
-13.2886 0.0 0
-13.2786 0.0 0
-13.2686 0.0 0
-13.2586 0.0 0
-13.2486 0.0 0
-13.2386 0.0 0
-13.2286 0.0 0
-13.2186 0.0 0
-13.2086 0.0 0
-13.1986 0.0 0
-13.1886 0.0 0
-13.1786 0.0 0
-13.1686 0.0 0
-13.1586 0.0 0
-13.1486 0.0 0
-13.1386 0.0 0
-13.1286 0.0 0
-13.1186 0.0 0
-13.1086 0.0 0
-13.0986 0.0 0
-13.0886 0.0 0
-13.0786 0.0 0
-13.0686 0.0 0
-13.0586 0.0 0
-13.0486 0.0 0
-13.0386 0.0 0
-13.0286 0.0 0
-13.0186 0.0 0
-13.0086 0.0 0
-12.9986 0.0 0
-12.9886 0.0 0
-12.9786 0.0 0
-12.9686 0.0 0
-12.9586 0.0 0
-12.9486 0.0 0
-12.9386 0.0 0
-12.9286 0.0 0
-12.9186 0.0 0
-12.9086 0.0 0
-12.8986 0.0 0
-12.8886 0.0 0
-12.8786 0.0 0
-12.8686 0.0 0
-12.8586 0.0 0
-12.8486 0.0 0
-12.8386 0.0 0
-12.8286 0.0 0
-12.8186 0.0 0
-12.8086 0.0 0
-12.7986 0.0 0
-12.7886 0.0 0
-12.7786 0.0 0
-12.7686 0.0 0
-12.7586 0.0 0
-12.7486 0.0 0
-12.7386 0.0 0
-12.7286 0.0 0
-12.7186 0.0 0
-12.7086 0.0 0
-12.6986 0.0 0
-12.6886 0.0 0
-12.6786 0.0 0
-12.6686 0.0 0
-12.6586 0.0 0
-12.6486 0.0 0
-12.6386 0.0 0
-12.6286 0.0 0
-12.6186 0.0 0
-12.6086 0.0 0
-12.5986 0.0 0
-12.5886 0.0 0
-12.5786 0.0 0
-12.5686 0.0 0
-12.5586 0.0 0
-12.5486 0.0 0
-12.5386 0.0 0
-12.5286 0.0 0
-12.5186 0.0 0
-12.5086 0.0 0
-12.4986 0.0 0
-12.4886 0.0 0
-12.4786 0.0 0
-12.4686 0.0 0
-12.4586 0.0 0
-12.4486 0.0 0
-12.4386 0.0 0
-12.4286 0.0 0
-12.4186 0.0 0
-12.4086 0.0 0
-12.3986 0.0 0
-12.3886 0.0 0
-12.3786 0.0 0
-12.3686 0.0 0
-12.3586 0.0 0
-12.3486 0.0 0
-12.3386 0.0 0
-12.3286 0.0 0
-12.3186 0.0 0
-12.3086 0.0 0
-12.2986 0.0 0
-12.2886 0.0 0
-12.2786 0.0 0
-12.2686 0.0 0
-12.2586 0.0 0
-12.2486 0.0 0
-12.2386 0.0 0
-12.2286 0.0 0
-12.2186 0.0 0
-12.2086 0.0 0
-12.1986 0.0 0
-12.1886 0.0 0
-12.1786 0.0 0
-12.1686 0.0 0
-12.1586 0.0 0
-12.1486 0.0 0
-12.1386 0.0 0
-12.1286 0.0 0
-12.1186 0.0 0
-12.1086 0.0 0
-12.0986 0.0 0
-12.0886 0.0 0
-12.0786 0.0 0
-12.0686 0.0 0
-12.0586 0.0 0
-12.0486 0.0 0
-12.0386 0.0 0
-12.0286 0.0 0
-12.0186 0.0 0
-12.0086 0.0 0
-11.9986 0.0 0
-11.9886 0.0 0
-11.9786 0.0 0
-11.9686 0.0 0
-11.9586 0.0 0
-11.9486 0.0 0
-11.9386 0.0 0
-11.9286 0.0 0
-11.9186 0.0 0
-11.9086 0.0 0
-11.8986 0.0 0
-11.8886 0.0 0
-11.8786 0.0 0
-11.8686 0.0 0
-11.8586 0.0 0
-11.8486 0.0 0
-11.8386 0.0 0
-11.8286 0.0 0
-11.8186 0.0 0
-11.8086 0.0 0
-11.7986 0.0 0
-11.7886 0.0 0
-11.7786 0.0 0
-11.7686 0.0 0
-11.7586 0.0 0
-11.7486 0.0 0
-11.7386 0.0 0
-11.7286 0.0 0
-11.7186 0.0 0
-11.7086 0.0 0
-11.6986 0.0 0
-11.6886 0.0 0
-11.6786 0.0 0
-11.6686 0.0 0
-11.6586 0.0 0
-11.6486 0.0 0
-11.6386 0.0 0
-11.6286 0.0 0
-11.6186 0.0 0
-11.6086 0.0 0
-11.5986 0.0 0
-11.5886 0.0 0
-11.5786 0.0 0
-11.5686 0.0 0
-11.5586 0.0 0
-11.5486 0.0 0
-11.5386 0.0 0
-11.5286 0.0 0
-11.5186 0.0 0
-11.5086 0.0 0
-11.4986 0.0 0
-11.4886 0.0 0
-11.4786 0.0 0
-11.4686 0.0 0
-11.4586 0.0 0
-11.4486 0.0 0
-11.4386 0.0 0
-11.4286 0.0 0
-11.4186 0.0 0
-11.4086 0.0 0
-11.3986 0.0 0
-11.3886 0.0 0
-11.3786 0.0 0
-11.3686 0.0 0
-11.3586 0.0 0
-11.3486 0.0 0
-11.3386 0.0 0
-11.3286 0.0 0
-11.3186 0.0 0
-11.3086 0.0 0
-11.2986 0.0 0
-11.2886 0.0 0
-11.2786 0.0 0
-11.2686 0.0 0
-11.2586 0.0 0
-11.2486 0.0 0
-11.2386 0.0 0
-11.2286 0.0 0
-11.2186 0.0 0
-11.2086 0.0 0
-11.1986 0.0 0
-11.1886 0.0 0
-11.1786 0.0 0
-11.1686 0.0 0
-11.1586 0.0 0
-11.1486 0.0 0
-11.1386 0.0 0
-11.1286 0.0 0
-11.1186 0.0 0
-11.1086 0.0 0
-11.0986 0.0 0
-11.0886 0.0 0
-11.0786 0.0 0
-11.0686 0.0 0
-11.0586 0.0 0
-11.0486 0.0 0
-11.0386 0.0 0
-11.0286 0.0 0
-11.0186 0.0 0
-11.0086 0.0 0
-10.9986 0.0 0
-10.9886 0.0 0
-10.9786 0.0 0
-10.9686 0.0 0
-10.9586 0.0 0
-10.9486 0.0 0
-10.9386 0.0 0
-10.9286 0.0 0
-10.9186 0.0 0
-10.9086 0.0 0
-10.8986 0.0 0
-10.8886 0.0 0
-10.8786 0.0 0
-10.8686 0.0 0
-10.8586 0.0 0
-10.8486 0.0 0
-10.8386 0.0 0
-10.8286 0.0 0
-10.8186 0.0 0
-10.8086 0.0 0
-10.7986 0.0 0
-10.7886 0.0 0
-10.7786 0.0 0
-10.7686 0.0 0
-10.7586 0.0 0
-10.7486 0.0 0
-10.7386 0.0 0
-10.7286 0.0 0
-10.7186 0.0 0
-10.7086 0.0 0
-10.6986 0.0 0
-10.6886 0.0 0
-10.6786 0.0 0
-10.6686 0.0 0
-10.6586 0.0 0
-10.6486 0.0 0
-10.6386 0.0 0
-10.6286 0.0 0
-10.6186 0.0 0
-10.6086 0.0 0
-10.5986 0.0 0
-10.5886 0.0 0
-10.5786 0.0 0
-10.5686 0.0 0
-10.5586 0.0 0
-10.5486 0.0 0
-10.5386 0.0 0
-10.5286 0.0 0
-10.5186 0.0 0
-10.5086 0.0 0
-10.4986 0.0 0
-10.4886 0.0 0
-10.4786 0.0 0
-10.4686 0.0 0
-10.4586 0.0 0
-10.4486 0.0 0
-10.4386 0.0 0
-10.4286 0.0 0
-10.4186 0.0 0
-10.4086 0.0 0
-10.3986 0.0 0
-10.3886 0.0 0
-10.3786 0.0 0
-10.3686 0.0 0
-10.3586 0.0 0
-10.3486 0.0 0
-10.3386 0.0 0
-10.3286 0.0 0
-10.3186 0.0 0
-10.3086 0.0 0
-10.2986 0.0 0
-10.2886 0.0 0
-10.2786 0.0 0
-10.2686 0.0 0
-10.2586 0.0 0
-10.2486 0.0 0
-10.2386 0.0 0
-10.2286 0.0 0
-10.2186 0.0 0
-10.2086 0.0 0
-10.1986 0.0 0
-10.1886 0.0 0
-10.1786 0.0 0
-10.1686 0.0 0
-10.1586 0.0 0
-10.1486 0.0 0
-10.1386 0.0 0
-10.1286 0.0 0
-10.1186 0.0 0
-10.1086 0.0 0
-10.0986 0.0 0
-10.0886 0.0 0
-10.0786 0.0 0
-10.0686 0.0 0
-10.0586 0.0 0
-10.0486 0.0 0
-10.0386 0.0 0
-10.0286 0.0 0
-10.0186 0.0 0
-10.0086 0.0 0
-9.9986 0.0 0
-9.9886 0.0 0
-9.9786 0.0 0
-9.9686 0.0 0
-9.9586 0.0 0
-9.9486 0.0 0
-9.9386 0.0 0
-9.9286 0.0 0
-9.9186 0.0 0
-9.9086 0.0 0
-9.8986 0.0 0
-9.8886 0.0 0
-9.8786 0.0 0
-9.8686 0.0 0
-9.8586 0.0 0
-9.8486 0.0 0
-9.8386 0.0 0
-9.8286 0.0 0
-9.8186 0.0 0
-9.8086 0.0 0
-9.7986 0.0 0
-9.7886 0.0 0
-9.7786 0.0 0
-9.7686 0.0 0
-9.7586 0.0 0
-9.7486 0.0 0
-9.7386 0.0 0
-9.7286 0.0 0
-9.7186 0.0 0
-9.7086 0.0 0
-9.6986 0.0 0
-9.6886 0.0 0
-9.6786 0.0 0
-9.6686 0.0 0
-9.6586 0.0 0
-9.6486 0.0 0
-9.6386 0.0 0
-9.6286 0.0 0
-9.6186 0.0 0
-9.6086 0.0 0
-9.5986 0.0 0
-9.5886 0.0 0
-9.5786 0.0 0
-9.5686 0.0 0
-9.5586 0.0 0
-9.5486 0.0 0
-9.5386 0.0 0
-9.5286 0.0 0
-9.5186 0.0 0
-9.5086 0.0 0
-9.4986 0.0 0
-9.4886 0.0 0
-9.4786 0.0 0
-9.4686 0.0 0
-9.4586 0.0 0
-9.4486 0.0 0
-9.4386 0.0 0
-9.4286 0.0 0
-9.4186 0.0 0
-9.4086 0.0 0
-9.3986 0.0 0
-9.3886 0.0 0
-9.3786 0.0 0
-9.3686 0.0 0
-9.3586 0.0 0
-9.3486 0.0 0
-9.3386 0.0 0
-9.3286 0.0 0
-9.3186 0.0 0
-9.3086 0.0 0
-9.2986 0.0 0
-9.2886 0.0 0
-9.2786 0.0 0
-9.2686 0.0 0
-9.2586 0.0 0
-9.2486 0.0 0
-9.2386 0.0 0
-9.2286 0.0 0
-9.2186 0.0 0
-9.2086 0.0 0
-9.1986 0.0 0
-9.1886 0.0 0
-9.1786 0.0 0
-9.1686 0.0 0
-9.1586 0.0 0
-9.1486 0.0 0
-9.1386 0.0 0
-9.1286 0.0 0
-9.1186 0.0 0
-9.1086 0.0 0
-9.0986 0.0 0
-9.0886 0.0 0
-9.0786 0.0 0
-9.0686 0.0 0
-9.0586 0.0 0
-9.0486 0.0 0
-9.0386 0.0 0
-9.0286 0.0 0
-9.0186 0.0 0
-9.0086 0.0 0
-8.9986 0.0 0
-8.9886 0.0 0
-8.9786 0.0 0
-8.9686 0.0 0
-8.9586 0.0 0
-8.9486 0.0 0
-8.9386 0.0 0
-8.9286 0.0 0
-8.9186 0.0 0
-8.9086 0.0 0
-8.8986 0.0 0
-8.8886 0.0 0
-8.8786 0.0 0
-8.8686 0.0 0
-8.8586 0.0 0
-8.8486 0.0 0
-8.8386 0.0 0
-8.8286 0.0 0
-8.8186 0.0 0
-8.8086 0.0 0
-8.7986 0.0 0
-8.7886 0.0 0
-8.7786 0.0 0
-8.7686 0.0 0
-8.7586 0.0 0
-8.7486 0.0 0
-8.7386 0.0 0
-8.7286 0.0 0
-8.7186 0.0 0
-8.7086 0.0 0
-8.6986 0.0 0
-8.6886 0.0 0
-8.6786 1.476e-15 0
-8.6686 3.096e-15 0
-8.6586 6.44e-15 0
-8.6486 1.32e-14 0
-8.6386 2.68e-14 0
-8.6286 5.36e-14 0
-8.6186 1.068e-13 0
-8.6086 2.1e-13 0
-8.5986 4.08e-13 0
-8.5886 7.88e-13 0
-8.5786 1.496e-12 0
-8.5686 2.816e-12 0
-8.5586 5.24e-12 0
-8.5486 9.68e-12 0
-8.5386 1.764e-11 0
-8.5286 3.176e-11 0
-8.5186 5.68e-11 0
-8.5086 1e-10 0
-8.4986 1.748e-10 0
-8.4886 3.016e-10 0
-8.4786 5.16e-10 -7.24e-16
-8.4686 8.72e-10 -1.524e-15
-8.4586 1.456e-09 -3.176e-15
-8.4486 2.408e-09 -6.56e-15
-8.4386 3.936e-09 -1.336e-14
-8.4286 6.36e-09 -2.696e-14
-8.4186 1.02e-08 -5.36e-14
-8.4086 1.616e-08 -1.06e-13
-8.3986 2.532e-08 -2.072e-13
-8.3886 3.924e-08 -4e-13
-8.3786 6e-08 -7.64e-13
-8.3686 9.12e-08 -1.448e-12
-8.3586 1.368e-07 -2.704e-12
-8.3486 2.032e-07 -5e-12
-8.3386 2.988e-07 -9.16e-12
-8.3286 4.32e-07 -1.66e-11
-8.3186 6.24e-07 -2.972e-11
-8.3086 8.88e-07 -5.28e-11
-8.2986 1.248e-06 -9.24e-11
-8.2886 1.736e-06 -1.6e-10
-8.2786 2.388e-06 -2.744e-10
-8.2686 3.248e-06 -4.64e-10
-8.2586 4.36e-06 -7.8e-10
-8.2486 5.84e-06 -1.3e-09
-8.2386 7.68e-06 -2.132e-09
-8.2286 1.004e-05 -3.468e-09
-8.2186 1.292e-05 -5.56e-09
-8.2086 1.648e-05 -8.88e-09
-8.1986 2.084e-05 -1.396e-08
-8.1886 2.6e-05 -2.172e-08
-8.1786 3.212e-05 -3.344e-08
-8.1686 3.928e-05 -5.08e-08
-8.1586 4.76e-05 -7.68e-08
-8.1486 5.68e-05 -1.144e-07
-8.1386 6.72e-05 -1.684e-07
-8.1286 7.88e-05 -2.46e-07
-8.1186 9.12e-05 -3.548e-07
-8.1086 0.0001044 -5.08e-07
-8.0986 0.0001184 -7.16e-07
-8.0886 0.0001324 -1e-06
-8.0786 0.0001472 -1.38e-06
-8.0686 0.0001612 -1.888e-06
-8.0586 0.0001752 -2.556e-06
-8.0486 0.0001884 -3.416e-06
-8.0386 0.0002004 -4.52e-06
-8.0286 0.0002108 -5.92e-06
-8.0186 0.0002196 -7.68e-06
-8.0086 0.0002268 -9.84e-06
-7.9986 0.000232 -1.248e-05
-7.9886 0.0002352 -1.564e-05
-7.9786 0.0002368 -1.94e-05
-7.9686 0.0002364 -2.38e-05
-7.9586 0.0002352 -2.888e-05
-7.9486 0.0002332 -3.468e-05
-7.9386 0.0002308 -4.12e-05
-7.9286 0.0002288 -4.84e-05
-7.9186 0.0002284 -5.64e-05
-7.9086 0.00023 -6.48e-05
-7.8986 0.0002344 -7.36e-05
-7.8886 0.0002428 -8.28e-05
-7.8786 0.0002556 -9.24e-05
-7.8686 0.000274 -0.000102
-7.8586 0.0002984 -0.0001112
-7.8486 0.0003292 -0.0001196
-7.8386 0.0003672 -0.000128
-7.8286 0.000412 -0.0001352
-7.8186 0.000464 -0.0001412
-7.8086 0.00052 -0.0001464
-7.7986 0.000584 -0.00015
-7.7886 0.000656 -0.0001524
-7.7786 0.000724 -0.0001536
-7.7686 0.0008 -0.0001536
-7.7586 0.000872 -0.0001524
-7.7486 0.000948 -0.0001508
-7.7386 0.001016 -0.0001488
-7.7286 0.001076 -0.0001468
-7.7186 0.001132 -0.0001452
-7.7086 0.00118 -0.0001444
-7.6986 0.001216 -0.0001452
-7.6886 0.00124 -0.000148
-7.6786 0.001252 -0.0001536
-7.6686 0.001252 -0.000162
-7.6586 0.00124 -0.000174
-7.6486 0.00122 -0.0001904
-7.6386 0.001188 -0.0002104
-7.6286 0.001148 -0.0002352
-7.6186 0.0011 -0.000264
-7.6086 0.001052 -0.0002972
-7.5986 0.001004 -0.0003348
-7.5886 0.000956 -0.0003752
-7.5786 0.000912 -0.00042
-7.5686 0.000876 -0.000464
-7.5586 0.000848 -0.000512
-7.5486 0.000832 -0.000556
-7.5386 0.000828 -0.0006
-7.5286 0.00084 -0.000644
-7.5186 0.000864 -0.00068
-7.5086 0.0009 -0.000716
-7.4986 0.000948 -0.000744
-7.4886 0.001012 -0.000764
-7.4786 0.001084 -0.000776
-7.4686 0.001164 -0.000784
-7.4586 0.001248 -0.00078
-7.4486 0.001332 -0.000772
-7.4386 0.001416 -0.000756
-7.4286 0.0015 -0.000732
-7.4186 0.001572 -0.000708
-7.4086 0.001636 -0.000676
-7.3986 0.001684 -0.000644
-7.3886 0.00172 -0.000612
-7.3786 0.00174 -0.000584
-7.3686 0.00174 -0.000556
-7.3586 0.001724 -0.000532
-7.3486 0.001688 -0.000516
-7.3386 0.00164 -0.000504
-7.3286 0.001572 -0.000504
-7.3186 0.001492 -0.000512
-7.3086 0.0014 -0.000524
-7.2986 0.001304 -0.000552
-7.2886 0.001196 -0.000584
-7.2786 0.001088 -0.000624
-7.2686 0.00098 -0.000668
-7.2586 0.000872 -0.00072
-7.2486 0.000768 -0.000776
-7.2386 0.000668 -0.000832
-7.2286 0.000576 -0.000888
-7.2186 0.000492 -0.00094
-7.2086 0.000416 -0.000988
-7.1986 0.0003464 -0.001032
-7.1886 0.0002868 -0.001068
-7.1786 0.0002356 -0.001092
-7.1686 0.0001924 -0.001108
-7.1586 0.0001568 -0.001108
-7.1486 0.0001284 -0.0011
-7.1386 0.0001068 -0.001084
-7.1286 9.2e-05 -0.001052
-7.1186 8.32e-05 -0.001012
-7.1086 8.12e-05 -0.000964
-7.0986 8.6e-05 -0.000908
-7.0886 9.84e-05 -0.000844
-7.0786 0.0001188 -0.000776
-7.0686 0.0001488 -0.000708
-7.0586 0.0001896 -0.00064
-7.0486 0.0002432 -0.000572
-7.0386 0.0003116 -0.000504
-7.0286 0.0003968 -0.00044
-7.0186 0.0005 -0.0003792
-7.0086 0.000628 -0.000324
-6.9986 0.00078 -0.000274
-6.9886 0.000956 -0.0002292
-6.9786 0.00116 -0.0001896
-6.9686 0.001396 -0.0001556
-6.9586 0.00166 -0.0001264
-6.9486 0.001952 -0.0001016
-6.9386 0.002272 -8.16e-05
-6.9286 0.002616 -6.52e-05
-6.9186 0.002976 -5.24e-05
-6.9086 0.003356 -4.32e-05
-6.8986 0.00374 -3.692e-05
-6.8886 0.00412 -3.364e-05
-6.8786 0.00452 -3.332e-05
-6.8686 0.00488 -3.608e-05
-6.8586 0.0052 -4.24e-05
-6.8486 0.00552 -5.2e-05
-6.8386 0.00576 -6.64e-05
-6.8286 0.006 -8.6e-05
-6.8186 0.00616 -0.0001112
-6.8086 0.00632 -0.000144
-6.7986 0.0064 -0.0001852
-6.7886 0.00644 -0.0002356
-6.7786 0.00644 -0.0002976
-6.7686 0.0064 -0.0003716
-6.7586 0.00636 -0.00046
-6.7486 0.00636 -0.00056
-6.7386 0.00636 -0.00068
-6.7286 0.00636 -0.000812
-6.7186 0.00648 -0.000964
-6.7086 0.0066 -0.001128
-6.6986 0.00684 -0.001304
-6.6886 0.00716 -0.001496
-6.6786 0.0076 -0.0017
-6.6686 0.00816 -0.001904
-6.6586 0.0088 -0.002116
-6.6486 0.00952 -0.002324
-6.6386 0.01036 -0.002524
-6.6286 0.01128 -0.002716
-6.6186 0.01224 -0.002892
-6.6086 0.0132 -0.003044
-6.5986 0.0142 -0.003176
-6.5886 0.01516 -0.003284
-6.5786 0.01604 -0.00336
-6.5686 0.01688 -0.003408
-6.5586 0.01756 -0.003428
-6.5486 0.01812 -0.003428
-6.5386 0.01852 -0.003404
-6.5286 0.01876 -0.003364
-6.5186 0.0188 -0.00332
-6.5086 0.01872 -0.003272
-6.4986 0.01844 -0.003236
-6.4886 0.018 -0.003216
-6.4786 0.01748 -0.00322
-6.4686 0.01684 -0.00326
-6.4586 0.01616 -0.003348
-6.4486 0.0154 -0.00348
-6.4386 0.01468 -0.003672
-6.4286 0.014 -0.00392
-6.4186 0.01336 -0.00424
-6.4086 0.01284 -0.0046
-6.3986 0.01244 -0.005
-6.3886 0.01216 -0.00548
-6.3786 0.01204 -0.006
-6.3686 0.01208 -0.00652
-6.3586 0.0122 -0.00708
-6.3486 0.01252 -0.00764
-6.3386 0.01288 -0.00816
-6.3286 0.01336 -0.00868
-6.3186 0.01392 -0.00916
-6.3086 0.01448 -0.00956
-6.2986 0.01504 -0.00988
-6.2886 0.01556 -0.01016
-6.2786 0.01604 -0.01032
-6.2686 0.01644 -0.01036
-6.2586 0.01672 -0.01036
-6.2486 0.01688 -0.0102
-6.2386 0.01688 -0.01
-6.2286 0.0168 -0.00972
-6.2186 0.01656 -0.00932
-6.2086 0.01624 -0.00888
-6.1986 0.01584 -0.0084
-6.1886 0.01536 -0.00792
-6.1786 0.01484 -0.00736
-6.1686 0.01432 -0.00684
-6.1586 0.01384 -0.00632
-6.1486 0.0134 -0.00584
-6.1386 0.01304 -0.0054
-6.1286 0.01276 -0.00504
-6.1186 0.01264 -0.00472
-6.1086 0.01268 -0.00448
-6.0986 0.01284 -0.00432
-6.0886 0.01312 -0.00424
-6.0786 0.01356 -0.00424
-6.0686 0.01412 -0.00436
-6.0586 0.0148 -0.00456
-6.0486 0.01552 -0.0048
-6.0386 0.01632 -0.00516
-6.0286 0.01716 -0.00556
-6.0186 0.01804 -0.006
-6.0086 0.01888 -0.00648
-5.9986 0.01968 -0.007
-5.9886 0.02044 -0.00752
-5.9786 0.02112 -0.008
-5.9686 0.02176 -0.00848
-5.9586 0.02232 -0.00888
-5.9486 0.02284 -0.00924
-5.9386 0.02332 -0.00952
-5.9286 0.02376 -0.00972
-5.9186 0.02424 -0.00984
-5.9086 0.02468 -0.00988
-5.8986 0.02516 -0.0098
-5.8886 0.02568 -0.00968
-5.8786 0.02628 -0.00944
-5.8686 0.02696 -0.00916
-5.8586 0.02772 -0.00884
-5.8486 0.0286 -0.00852
-5.8386 0.0296 -0.00816
-5.8286 0.03072 -0.00784
-5.8186 0.032 -0.00752
-5.8086 0.03344 -0.00728
-5.7986 0.035 -0.00708
-5.7886 0.0368 -0.00696
-5.7786 0.03876 -0.00696
-5.7686 0.0408 -0.007
-5.7586 0.0432 -0.00716
-5.7486 0.046 -0.00744
-5.7386 0.0488 -0.00776
-5.7286 0.0516 -0.0082
-5.7186 0.0548 -0.00868
-5.7086 0.058 -0.0092
-5.6986 0.0616 -0.0098
-5.6886 0.0652 -0.0104
-5.6786 0.0688 -0.01104
-5.6686 0.072 -0.01164
-5.6586 0.0756 -0.01224
-5.6486 0.0788 -0.01284
-5.6386 0.0816 -0.01336
-5.6286 0.0844 -0.01388
-5.6186 0.0872 -0.01436
-5.6086 0.0892 -0.01476
-5.5986 0.0912 -0.01512
-5.5886 0.0928 -0.01544
-5.5786 0.0944 -0.01572
-5.5686 0.096 -0.01596
-5.5586 0.0972 -0.01612
-5.5486 0.0984 -0.01624
-5.5386 0.1 -0.01632
-5.5286 0.1012 -0.01636
-5.5186 0.1032 -0.01636
-5.5086 0.1052 -0.01628
-5.4986 0.1076 -0.01616
-5.4886 0.11 -0.016
-5.4786 0.1132 -0.01576
-5.4686 0.116 -0.01552
-5.4586 0.1196 -0.01528
-5.4486 0.1228 -0.015
-5.4386 0.1264 -0.01476
-5.4286 0.1296 -0.01452
-5.4186 0.1328 -0.01436
-5.4086 0.1356 -0.01424
-5.3986 0.1376 -0.01424
-5.3886 0.1392 -0.01436
-5.3786 0.1404 -0.01464
-5.3686 0.1404 -0.01504
-5.3586 0.14 -0.0156
-5.3486 0.1388 -0.01632
-5.3386 0.1364 -0.01724
-5.3286 0.1336 -0.01828
-5.3186 0.13 -0.01948
-5.3086 0.126 -0.0208
-5.2986 0.1212 -0.02224
-5.2886 0.116 -0.02376
-5.2786 0.1108 -0.02532
-5.2686 0.1052 -0.02692
-5.2586 0.1 -0.02852
-5.2486 0.0952 -0.03008
-5.2386 0.0908 -0.0316
-5.2286 0.0868 -0.03308
-5.2186 0.084 -0.03444
-5.2086 0.0824 -0.03576
-5.1986 0.0816 -0.037
-5.1886 0.0828 -0.03812
-5.1786 0.0848 -0.0392
-5.1686 0.0888 -0.0404
-5.1586 0.0944 -0.0412
-5.1486 0.1016 -0.0424
-5.1386 0.1108 -0.0432
-5.1286 0.1212 -0.0444
-5.1186 0.1336 -0.0456
-5.1086 0.1472 -0.0468
-5.0986 0.162 -0.048
-5.0886 0.178 -0.0492
-5.0786 0.1952 -0.0508
-5.0686 0.2128 -0.052
-5.0586 0.2312 -0.0536
-5.0486 0.2496 -0.0552
-5.0386 0.2684 -0.0568
-5.0286 0.2868 -0.0584
-5.0186 0.3052 -0.0596
-5.0086 0.3232 -0.0608
-4.9986 0.3404 -0.062
-4.9886 0.3576 -0.0632
-4.9786 0.374 -0.0636
-4.9686 0.39 -0.0644
-4.9586 0.408 -0.0644
-4.9486 0.424 -0.0644
-4.9386 0.44 -0.064
-4.9286 0.456 -0.0632
-4.9186 0.472 -0.0624
-4.9086 0.492 -0.0612
-4.8986 0.516 -0.0596
-4.8886 0.536 -0.0576
-4.8786 0.564 -0.0556
-4.8686 0.592 -0.0532
-4.8586 0.624 -0.0508
-4.8486 0.656 -0.048
-4.8386 0.692 -0.0452
-4.8286 0.732 -0.042
-4.8186 0.776 -0.03888
-4.8086 0.82 -0.03572
-4.7986 0.868 -0.03256
-4.7886 0.92 -0.02944
-4.7786 0.972 -0.02636
-4.7686 1.024 -0.02344
-4.7586 1.08 -0.02064
-4.7486 1.136 -0.01804
-4.7386 1.192 -0.0156
-4.7286 1.252 -0.0134
-4.7186 1.308 -0.0114
-4.7086 1.368 -0.00964
-4.6986 1.424 -0.00812
-4.6886 1.48 -0.0068
-4.6786 1.536 -0.00572
-4.6686 1.588 -0.00488
-4.6586 1.64 -0.00424
-4.6486 1.688 -0.003836
-4.6386 1.732 -0.00364
-4.6286 1.776 -0.003672
-4.6186 1.816 -0.003944
-4.6086 1.852 -0.00448
-4.5986 1.888 -0.00524
-4.5886 1.916 -0.00636
-4.5786 1.944 -0.00776
-4.5686 1.964 -0.00948
-4.5586 1.984 -0.01164
-4.5486 2.0 -0.01416
-4.5386 2.016 -0.01708
-4.5286 2.028 -0.02044
-4.5186 2.036 -0.02424
-4.5086 2.048 -0.02844
-4.4986 2.056 -0.03304
-4.4886 2.064 -0.038
-4.4786 2.076 -0.0432
-4.4686 2.084 -0.0488
-4.4586 2.1 -0.0544
-4.4486 2.112 -0.06
-4.4386 2.132 -0.0656
-4.4286 2.152 -0.0708
-4.4186 2.176 -0.076
-4.4086 2.204 -0.0804
-4.3986 2.236 -0.0848
-4.3886 2.268 -0.0884
-4.3786 2.304 -0.0912
-4.3686 2.34 -0.0936
-4.3586 2.38 -0.0952
-4.3486 2.42 -0.0964
-4.3386 2.46 -0.0972
-4.3286 2.5 -0.0972
-4.3186 2.536 -0.0968
-4.3086 2.572 -0.0964
-4.2986 2.608 -0.0956
-4.2886 2.644 -0.0948
-4.2786 2.676 -0.094
-4.2686 2.704 -0.0932
-4.2586 2.732 -0.0924
-4.2486 2.76 -0.0916
-4.2386 2.788 -0.0912
-4.2286 2.816 -0.0908
-4.2186 2.844 -0.0904
-4.2086 2.872 -0.09
-4.1986 2.904 -0.0896
-4.1886 2.936 -0.0892
-4.1786 2.972 -0.0884
-4.1686 3.008 -0.0876
-4.1586 3.048 -0.0868
-4.1486 3.084 -0.086
-4.1386 3.124 -0.0848
-4.1286 3.164 -0.084
-4.1186 3.2 -0.0828
-4.1086 3.236 -0.082
-4.0986 3.26 -0.082
-4.0886 3.284 -0.082
-4.0786 3.296 -0.0828
-4.0686 3.3 -0.0844
-4.0586 3.292 -0.0868
-4.0486 3.272 -0.09
-4.0386 3.244 -0.0944
-4.0286 3.204 -0.1
-4.0186 3.156 -0.1064
-4.0086 3.1 -0.114
-3.9986 3.036 -0.122
-3.9886 2.968 -0.1312
-3.9786 2.896 -0.1404
-3.9686 2.828 -0.1504
-3.9586 2.76 -0.1604
-3.9486 2.696 -0.1704
-3.9386 2.64 -0.18
-3.9286 2.588 -0.1892
-3.9186 2.552 -0.198
-3.9086 2.52 -0.206
-3.8986 2.504 -0.2132
-3.8886 2.5 -0.22
-3.8786 2.508 -0.226
-3.8686 2.528 -0.232
-3.8586 2.56 -0.2372
-3.8486 2.6 -0.2428
-3.8386 2.652 -0.2484
-3.8286 2.716 -0.2544
-3.8186 2.788 -0.2608
-3.8086 2.864 -0.2684
-3.7986 2.952 -0.2764
-3.7886 3.044 -0.286
-3.7786 3.14 -0.296
-3.7686 3.24 -0.3072
-3.7586 3.34 -0.3188
-3.7486 3.44 -0.3308
-3.7386 3.544 -0.3428
-3.7286 3.64 -0.3548
-3.7186 3.732 -0.3656
-3.7086 3.82 -0.3748
-3.6986 3.896 -0.3828
-3.6886 3.964 -0.3884
-3.6786 4.04 -0.392
-3.6686 4.08 -0.3928
-3.6586 4.12 -0.3912
-3.6486 4.12 -0.3868
-3.6386 4.12 -0.3804
-3.6286 4.12 -0.3716
-3.6186 4.12 -0.3612
-3.6086 4.12 -0.3496
-3.5986 4.08 -0.3372
-3.5886 4.04 -0.3248
-3.5786 3.988 -0.3132
-3.5686 3.94 -0.3028
-3.5586 3.884 -0.2944
-3.5486 3.824 -0.2884
-3.5386 3.768 -0.2852
-3.5286 3.708 -0.2848
-3.5186 3.648 -0.2884
-3.5086 3.588 -0.2956
-3.4986 3.536 -0.3064
-3.4886 3.484 -0.3212
-3.4786 3.436 -0.3392
-3.4686 3.396 -0.3612
-3.4586 3.364 -0.386
-3.4486 3.34 -0.412
-3.4386 3.324 -0.444
-3.4286 3.316 -0.476
-3.4186 3.32 -0.512
-3.4086 3.332 -0.548
-3.3986 3.352 -0.584
-3.3886 3.384 -0.624
-3.3786 3.424 -0.66
-3.3686 3.476 -0.7
-3.3586 3.528 -0.736
-3.3486 3.592 -0.772
-3.3386 3.656 -0.808
-3.3286 3.728 -0.84
-3.3186 3.796 -0.872
-3.3086 3.868 -0.9
-3.2986 3.94 -0.924
-3.2886 4.0 -0.948
-3.2786 4.08 -0.964
-3.2686 4.12 -0.98
-3.2586 4.16 -0.988
-3.2486 4.24 -0.992
-3.2386 4.28 -0.992
-3.2286 4.28 -0.988
-3.2186 4.32 -0.98
-3.2086 4.32 -0.964
-3.1986 4.32 -0.948
-3.1886 4.32 -0.928
-3.1786 4.28 -0.904
-3.1686 4.24 -0.88
-3.1586 4.2 -0.852
-3.1486 4.16 -0.824
-3.1386 4.12 -0.8
-3.1286 4.04 -0.772
-3.1186 3.98 -0.748
-3.1086 3.908 -0.728
-3.0986 3.832 -0.712
-3.0886 3.756 -0.696
-3.0786 3.68 -0.684
-3.0686 3.6 -0.676
-3.0586 3.528 -0.672
-3.0486 3.456 -0.672
-3.0386 3.388 -0.676
-3.0286 3.32 -0.684
-3.0186 3.264 -0.688
-3.0086 3.208 -0.7
-2.9986 3.16 -0.708
-2.9886 3.116 -0.72
-2.9786 3.076 -0.732
-2.9686 3.04 -0.744
-2.9586 3.008 -0.756
-2.9486 2.984 -0.764
-2.9386 2.96 -0.776
-2.9286 2.94 -0.788
-2.9186 2.92 -0.8
-2.9086 2.904 -0.816
-2.8986 2.888 -0.832
-2.8886 2.876 -0.848
-2.8786 2.864 -0.868
-2.8686 2.852 -0.888
-2.8586 2.844 -0.916
-2.8486 2.836 -0.944
-2.8386 2.828 -0.972
-2.8286 2.824 -1.008
-2.8186 2.816 -1.044
-2.8086 2.816 -1.08
-2.7986 2.812 -1.124
-2.7886 2.812 -1.168
-2.7786 2.812 -1.216
-2.7686 2.812 -1.264
-2.7586 2.816 -1.316
-2.7486 2.82 -1.372
-2.7386 2.824 -1.428
-2.7286 2.832 -1.488
-2.7186 2.836 -1.552
-2.7086 2.844 -1.616
-2.6986 2.852 -1.684
-2.6886 2.86 -1.756
-2.6786 2.872 -1.828
-2.6686 2.884 -1.904
-2.6586 2.896 -1.984
-2.6486 2.912 -2.06
-2.6386 2.928 -2.14
-2.6286 2.948 -2.22
-2.6186 2.964 -2.296
-2.6086 2.984 -2.376
-2.5986 3.008 -2.448
-2.5886 3.028 -2.52
-2.5786 3.044 -2.588
-2.5686 3.064 -2.648
-2.5586 3.076 -2.704
-2.5486 3.084 -2.756
-2.5386 3.088 -2.8
-2.5286 3.088 -2.84
-2.5186 3.076 -2.872
-2.5086 3.06 -2.9
-2.4986 3.036 -2.92
-2.4886 3.0 -2.936
-2.4786 2.96 -2.948
-2.4686 2.908 -2.956
-2.4586 2.848 -2.96
-2.4486 2.784 -2.96
-2.4386 2.712 -2.956
-2.4286 2.64 -2.952
-2.4186 2.56 -2.944
-2.4086 2.48 -2.936
-2.3986 2.4 -2.924
-2.3886 2.32 -2.908
-2.3786 2.24 -2.884
-2.3686 2.164 -2.86
-2.3586 2.092 -2.828
-2.3486 2.024 -2.792
-2.3386 1.96 -2.748
-2.3286 1.9 -2.696
-2.3186 1.844 -2.64
-2.3086 1.796 -2.58
-2.2986 1.748 -2.512
-2.2886 1.708 -2.444
-2.2786 1.668 -2.372
-2.2686 1.636 -2.3
-2.2586 1.608 -2.228
-2.2486 1.584 -2.16
-2.2386 1.564 -2.092
-2.2286 1.548 -2.032
-2.2186 1.536 -1.98
-2.2086 1.528 -1.932
-2.1986 1.528 -1.892
-2.1886 1.532 -1.86
-2.1786 1.536 -1.836
-2.1686 1.548 -1.816
-2.1586 1.564 -1.804
-2.1486 1.584 -1.792
-2.1386 1.608 -1.788
-2.1286 1.632 -1.78
-2.1186 1.66 -1.78
-2.1086 1.688 -1.776
-2.0986 1.716 -1.772
-2.0886 1.74 -1.772
-2.0786 1.764 -1.768
-2.0686 1.788 -1.764
-2.0586 1.804 -1.764
-2.0486 1.82 -1.76
-2.0386 1.832 -1.76
-2.0286 1.84 -1.764
-2.0186 1.844 -1.768
-2.0086 1.848 -1.772
-1.9986 1.848 -1.784
-1.9886 1.844 -1.796
-1.9786 1.844 -1.808
-1.9686 1.84 -1.824
-1.9586 1.84 -1.844
-1.9486 1.84 -1.86
-1.9386 1.848 -1.876
-1.9286 1.852 -1.892
-1.9186 1.864 -1.908
-1.9086 1.88 -1.92
-1.8986 1.9 -1.932
-1.8886 1.92 -1.944
-1.8786 1.948 -1.956
-1.8686 1.976 -1.964
-1.8586 2.008 -1.976
-1.8486 2.044 -1.992
-1.8386 2.08 -2.008
-1.8286 2.116 -2.032
-1.8186 2.156 -2.06
-1.8086 2.2 -2.1
-1.7986 2.244 -2.144
-1.7886 2.288 -2.2
-1.7786 2.34 -2.264
-1.7686 2.396 -2.34
-1.7586 2.456 -2.428
-1.7486 2.524 -2.524
-1.7386 2.596 -2.628
-1.7286 2.68 -2.74
-1.7186 2.772 -2.86
-1.7086 2.876 -2.988
-1.6986 2.984 -3.12
-1.6886 3.104 -3.256
-1.6786 3.232 -3.392
-1.6686 3.368 -3.524
-1.6586 3.508 -3.66
-1.6486 3.648 -3.788
-1.6386 3.792 -3.912
-1.6286 3.932 -4.04
-1.6186 4.08 -4.12
-1.6086 4.2 -4.24
-1.5986 4.32 -4.32
-1.5886 4.44 -4.4
-1.5786 4.52 -4.44
-1.5686 4.64 -4.52
-1.5586 4.72 -4.56
-1.5486 4.8 -4.56
-1.5386 4.84 -4.6
-1.5286 4.88 -4.6
-1.5186 4.92 -4.6
-1.5086 4.96 -4.56
-1.4986 5.0 -4.56
-1.4886 5.08 -4.52
-1.4786 5.12 -4.52
-1.4686 5.16 -4.48
-1.4586 5.24 -4.44
-1.4486 5.32 -4.4
-1.4386 5.4 -4.36
-1.4286 5.52 -4.32
-1.4186 5.64 -4.28
-1.4086 5.76 -4.24
-1.3986 5.92 -4.2
-1.3886 6.08 -4.16
-1.3786 6.24 -4.12
-1.3686 6.44 -4.08
-1.3586 6.64 -4.08
-1.3486 6.84 -4.04
-1.3386 7.04 -4
-1.3286 7.24 -3.992
-1.3186 7.44 -3.976
-1.3086 7.68 -3.96
-1.2986 7.88 -3.952
-1.2886 8.08 -3.948
-1.2786 8.28 -3.944
-1.2686 8.44 -3.948
-1.2586 8.64 -3.956
-1.2486 8.8 -3.968
-1.2386 8.96 -3.988
-1.2286 9.12 -4
-1.2186 9.24 -4.04
-1.2086 9.36 -4.04
-1.1986 9.44 -4.08
-1.1886 9.56 -4.12
-1.1786 9.64 -4.16
-1.1686 9.68 -4.16
-1.1586 9.72 -4.2
-1.1486 9.76 -4.2
-1.1386 9.76 -4.24
-1.1286 9.8 -4.24
-1.1186 9.8 -4.24
-1.1086 9.8 -4.24
-1.0986 9.8 -4.2
-1.0886 9.76 -4.2
-1.0786 9.76 -4.16
-1.0686 9.72 -4.12
-1.0586 9.72 -4.04
-1.0486 9.72 -4
-1.0386 9.68 -3.948
-1.0286 9.68 -3.892
-1.0186 9.64 -3.832
-1.0086 9.6 -3.776
-0.9986 9.56 -3.72
-0.9886 9.52 -3.672
-0.9786 9.48 -3.624
-0.9686 9.4 -3.584
-0.9586 9.32 -3.548
-0.9486 9.2 -3.52
-0.9386 9.08 -3.492
-0.9286 8.92 -3.468
-0.9186 8.76 -3.444
-0.9086 8.6 -3.42
-0.8986 8.4 -3.396
-0.8886 8.2 -3.368
-0.8786 7.96 -3.34
-0.8686 7.76 -3.304
-0.8586 7.52 -3.264
-0.8486 7.32 -3.22
-0.8386 7.08 -3.176
-0.8286 6.88 -3.124
-0.8186 6.68 -3.076
-0.8086 6.52 -3.024
-0.7986 6.36 -2.976
-0.7886 6.2 -2.932
-0.7786 6.12 -2.892
-0.7686 6.0 -2.856
-0.7586 5.92 -2.828
-0.7486 5.88 -2.804
-0.7386 5.84 -2.788
-0.7286 5.8 -2.776
-0.7186 5.8 -2.772
-0.7086 5.8 -2.772
-0.6986 5.76 -2.772
-0.6886 5.76 -2.776
-0.6786 5.72 -2.784
-0.6686 5.68 -2.788
-0.6586 5.64 -2.792
-0.6486 5.56 -2.796
-0.6386 5.44 -2.792
-0.6286 5.32 -2.788
-0.6186 5.16 -2.78
-0.6086 5.0 -2.768
-0.5986 4.8 -2.748
-0.5886 4.6 -2.728
-0.5786 4.36 -2.704
-0.5686 4.16 -2.676
-0.5586 3.9 -2.644
-0.5486 3.664 -2.608
-0.5386 3.432 -2.572
-0.5286 3.208 -2.532
-0.5186 3.0 -2.492
-0.5086 2.816 -2.448
-0.4986 2.652 -2.4
-0.4886 2.512 -2.352
-0.4786 2.4 -2.304
-0.4686 2.32 -2.252
-0.4586 2.264 -2.204
-0.4486 2.236 -2.152
-0.4386 2.236 -2.104
-0.4286 2.256 -2.056
-0.4186 2.296 -2.012
-0.4086 2.352 -1.968
-0.3986 2.42 -1.928
-0.3886 2.5 -1.896
-0.3786 2.58 -1.864
-0.3686 2.664 -1.836
-0.3586 2.744 -1.816
-0.3486 2.824 -1.8
-0.3386 2.892 -1.788
-0.3286 2.956 -1.78
-0.3186 3.008 -1.772
-0.3086 3.048 -1.772
-0.2986 3.08 -1.772
-0.2886 3.1 -1.772
-0.2786 3.108 -1.772
-0.2686 3.108 -1.772
-0.2586 3.1 -1.776
-0.2486 3.084 -1.776
-0.2386 3.064 -1.772
-0.2286 3.036 -1.772
-0.2186 3.0 -1.768
-0.2086 2.964 -1.764
-0.1986 2.924 -1.756
-0.1886 2.88 -1.748
-0.1786 2.836 -1.74
-0.1686 2.788 -1.732
-0.1586 2.74 -1.72
-0.1486 2.692 -1.712
-0.1386 2.644 -1.704
-0.1286 2.596 -1.696
-0.1186 2.548 -1.688
-0.1086 2.504 -1.68
-0.0986 2.46 -1.672
-0.0886 2.42 -1.664
-0.0786 2.384 -1.66
-0.0686 2.348 -1.652
-0.0586 2.316 -1.648
-0.0486 2.288 -1.64
-0.0386 2.264 -1.632
-0.0286 2.24 -1.624
-0.0186 2.216 -1.612
-0.0086 2.196 -1.596
0.0014 2.172 -1.576
0.0114 2.144 -1.556
0.0214 2.116 -1.528
0.0314 2.08 -1.496
0.0414 2.04 -1.464
0.0514 1.992 -1.424
0.0614 1.94 -1.38
0.0714 1.88 -1.332
0.0814 1.816 -1.28
0.0914 1.744 -1.228
0.1014 1.664 -1.176
0.1114 1.58 -1.12
0.1214 1.496 -1.064
0.1314 1.404 -1.012
0.1414 1.316 -0.956
0.1514 1.228 -0.908
0.1614 1.14 -0.856
0.1714 1.056 -0.812
0.1814 0.98 -0.772
0.1914 0.908 -0.732
0.2014 0.84 -0.7
0.2114 0.784 -0.668
0.2214 0.732 -0.644
0.2314 0.688 -0.624
0.2414 0.656 -0.608
0.2514 0.628 -0.596
0.2614 0.608 -0.588
0.2714 0.592 -0.584
0.2814 0.588 -0.584
0.2914 0.584 -0.588
0.3014 0.588 -0.596
0.3114 0.592 -0.608
0.3214 0.6 -0.62
0.3314 0.612 -0.636
0.3414 0.62 -0.652
0.3514 0.628 -0.672
0.3614 0.636 -0.692
0.3714 0.64 -0.712
0.3814 0.644 -0.732
0.3914 0.644 -0.752
0.4014 0.636 -0.776
0.4114 0.628 -0.796
0.4214 0.616 -0.816
0.4314 0.596 -0.836
0.4414 0.576 -0.852
0.4514 0.556 -0.868
0.4614 0.532 -0.884
0.4714 0.504 -0.896
0.4814 0.48 -0.908
0.4914 0.456 -0.916
0.5014 0.432 -0.924
0.5114 0.412 -0.928
0.5214 0.3952 -0.932
0.5314 0.3832 -0.936
0.5414 0.3756 -0.936
0.5514 0.3736 -0.932
0.5614 0.3768 -0.932
0.5714 0.3852 -0.928
0.5814 0.3992 -0.924
0.5914 0.416 -0.924
0.6014 0.44 -0.924
0.6114 0.468 -0.928
0.6214 0.496 -0.932
0.6314 0.528 -0.94
0.6414 0.56 -0.956
0.6514 0.592 -0.972
0.6614 0.624 -0.996
0.6714 0.656 -1.024
0.6814 0.684 -1.06
0.6914 0.708 -1.096
0.7014 0.732 -1.14
0.7114 0.752 -1.188
0.7214 0.772 -1.244
0.7314 0.784 -1.296
0.7414 0.796 -1.356
0.7514 0.804 -1.416
0.7614 0.808 -1.472
0.7714 0.812 -1.532
0.7814 0.812 -1.588
0.7914 0.812 -1.644
0.8014 0.808 -1.7
0.8114 0.808 -1.748
0.8214 0.804 -1.796
0.8314 0.8 -1.836
0.8414 0.792 -1.876
0.8514 0.788 -1.916
0.8614 0.78 -1.948
0.8714 0.772 -1.98
0.8814 0.764 -2.008
0.8914 0.752 -2.036
0.9014 0.74 -2.064
0.9114 0.728 -2.092
0.9214 0.712 -2.12
0.9314 0.692 -2.148
0.9414 0.676 -2.176
0.9514 0.652 -2.204
0.9614 0.632 -2.232
0.9714 0.608 -2.264
0.9814 0.58 -2.292
0.9914 0.556 -2.32
1.0014 0.528 -2.348
1.0114 0.504 -2.376
1.0214 0.476 -2.404
1.0314 0.448 -2.428
1.0414 0.424 -2.452
1.0514 0.3996 -2.476
1.0614 0.3764 -2.5
1.0714 0.3548 -2.524
1.0814 0.3348 -2.548
1.0914 0.3164 -2.576
1.1014 0.3 -2.608
1.1114 0.2852 -2.644
1.1214 0.272 -2.688
1.1314 0.26 -2.736
1.1414 0.2496 -2.8
1.1514 0.24 -2.872
1.1614 0.2312 -2.956
1.1714 0.2228 -3.056
1.1814 0.2148 -3.168
1.1914 0.2068 -3.3
1.2014 0.1988 -3.444
1.2114 0.1904 -3.608
1.2214 0.1816 -3.788
1.2314 0.1728 -3.98
1.2414 0.1636 -4.2
1.2514 0.154 -4.4
1.2614 0.1448 -4.64
1.2714 0.1356 -4.88
1.2814 0.1268 -5.12
1.2914 0.1184 -5.32
1.3014 0.1112 -5.56
1.3114 0.1048 -5.8
1.3214 0.1 -6
1.3314 0.0964 -6.2
1.3414 0.094 -6.36
1.3514 0.0936 -6.52
1.3614 0.0948 -6.64
1.3714 0.0976 -6.72
1.3814 0.102 -6.8
1.3914 0.1076 -6.84
1.4014 0.114 -6.84
1.4114 0.1216 -6.84
1.4214 0.1296 -6.76
1.4314 0.138 -6.72
1.4414 0.1464 -6.64
1.4514 0.1544 -6.52
1.4614 0.1616 -6.4
1.4714 0.1676 -6.28
1.4814 0.1728 -6.16
1.4914 0.1764 -6.04
1.5014 0.1788 -5.92
1.5114 0.1792 -5.8
1.5214 0.1784 -5.72
1.5314 0.1764 -5.6
1.5414 0.1728 -5.52
1.5514 0.1684 -5.48
1.5614 0.1632 -5.44
1.5714 0.1572 -5.4
1.5814 0.1512 -5.36
1.5914 0.1456 -5.36
1.6014 0.14 -5.36
1.6114 0.1348 -5.36
1.6214 0.1308 -5.36
1.6314 0.1276 -5.36
1.6414 0.1252 -5.36
1.6514 0.1236 -5.36
1.6614 0.1232 -5.36
1.6714 0.1236 -5.36
1.6814 0.1248 -5.4
1.6914 0.1264 -5.4
1.7014 0.128 -5.4
1.7114 0.1296 -5.44
1.7214 0.1312 -5.48
1.7314 0.132 -5.52
1.7414 0.1324 -5.56
1.7514 0.132 -5.64
1.7614 0.1304 -5.72
1.7714 0.128 -5.8
1.7814 0.1244 -5.92
1.7914 0.12 -6.04
1.8014 0.1144 -6.2
1.8114 0.1084 -6.36
1.8214 0.1012 -6.52
1.8314 0.094 -6.68
1.8414 0.086 -6.88
1.8514 0.078 -7.04
1.8614 0.07 -7.24
1.8714 0.0624 -7.4
1.8814 0.0548 -7.56
1.8914 0.0476 -7.72
1.9014 0.0408 -7.84
1.9114 0.03484 -7.96
1.9214 0.02932 -8.04
1.9314 0.02444 -8.12
1.9414 0.02012 -8.16
1.9514 0.0164 -8.2
1.9614 0.01324 -8.2
1.9714 0.01056 -8.2
1.9814 0.00832 -8.16
1.9914 0.00652 -8.12
2.0014 0.00504 -8.08
2.0114 0.00384 -8.04
2.0214 0.002904 -7.96
2.0314 0.002172 -7.88
2.0414 0.001604 -7.84
2.0514 0.001176 -7.76
2.0614 0.000852 -7.68
2.0714 0.000608 -7.6
2.0814 0.000432 -7.52
2.0914 0.0003024 -7.4
2.1014 0.0002096 -7.32
2.1114 0.0001436 -7.2
2.1214 9.76e-05 -7.08
2.1314 6.56e-05 -6.96
2.1414 4.36e-05 -6.8
2.1514 2.856e-05 -6.64
2.1614 1.856e-05 -6.44
2.1714 1.192e-05 -6.24
2.1814 7.6e-06 -6.04
2.1914 4.76e-06 -5.8
2.2014 2.968e-06 -5.56
2.2114 1.828e-06 -5.32
2.2214 1.112e-06 -5.08
2.2314 6.72e-07 -4.8
2.2414 3.996e-07 -4.56
2.2514 2.356e-07 -4.28
2.2614 1.372e-07 -4.04
2.2714 7.92e-08 -3.808
2.2814 4.52e-08 -3.576
2.2914 2.556e-08 -3.364
2.3014 1.428e-08 -3.164
2.3114 7.88e-09 -2.988
2.3214 4.32e-09 -2.828
2.3314 2.332e-09 -2.688
2.3414 1.248e-09 -2.568
2.3514 6.6e-10 -2.464
2.3614 3.452e-10 -2.38
2.3714 1.788e-10 -2.308
2.3814 9.16e-11 -2.252
2.3914 4.64e-11 -2.208
2.4014 2.328e-11 -2.176
2.4114 1.156e-11 -2.148
2.4214 5.68e-12 -2.124
2.4314 2.748e-12 -2.108
2.4414 1.32e-12 -2.092
2.4514 6.28e-13 -2.08
2.4614 0.0 -2.064
2.4714 0.0 -2.052
2.4814 0.0 -2.04
2.4914 0.0 -2.024
2.5014 0.0 -2.012
2.5114 0.0 -1.996
2.5214 0.0 -1.984
2.5314 0.0 -1.972
2.5414 0.0 -1.96
2.5514 0.0 -1.952
2.5614 0.0 -1.948
2.5714 0.0 -1.944
2.5814 0.0 -1.94
2.5914 0.0 -1.944
2.6014 0.0 -1.948
2.6114 0.0 -1.952
2.6214 0.0 -1.96
2.6314 0.0 -1.968
2.6414 0.0 -1.976
2.6514 0.0 -1.984
2.6614 0.0 -1.992
2.6714 0.0 -1.996
2.6814 0.0 -2
2.6914 0.0 -2
2.7014 0.0 -1.996
2.7114 0.0 -1.984
2.7214 0.0 -1.972
2.7314 0.0 -1.952
2.7414 0.0 -1.924
2.7514 0.0 -1.892
2.7614 0.0 -1.856
2.7714 0.0 -1.808
2.7814 0.0 -1.756
2.7914 0.0 -1.7
2.8014 0.0 -1.636
2.8114 0.0 -1.564
2.8214 0.0 -1.492
2.8314 0.0 -1.412
2.8414 0.0 -1.332
2.8514 0.0 -1.252
2.8614 0.0 -1.168
2.8714 0.0 -1.084
2.8814 0.0 -1.004
2.8914 0.0 -0.928
2.9014 0.0 -0.852
2.9114 0.0 -0.784
2.9214 0.0 -0.72
2.9314 0.0 -0.664
2.9414 0.0 -0.616
2.9514 0.0 -0.572
2.9614 0.0 -0.532
2.9714 0.0 -0.504
2.9814 0.0 -0.476
2.9914 0.0 -0.456
3.0014 0.0 -0.44
3.0114 0.0 -0.424
3.0214 0.0 -0.416
3.0314 0.0 -0.408
3.0414 0.0 -0.3976
3.0514 0.0 -0.3892
3.0614 0.0 -0.3804
3.0714 0.0 -0.3704
3.0814 0.0 -0.3588
3.0914 0.0 -0.3452
3.1014 0.0 -0.33
3.1114 0.0 -0.3132
3.1214 0.0 -0.2948
3.1314 0.0 -0.2748
3.1414 0.0 -0.254
3.1514 0.0 -0.2324
3.1614 0.0 -0.2112
3.1714 0.0 -0.19
3.1814 0.0 -0.1692
3.1914 0.0 -0.1496
3.2014 0.0 -0.1316
3.2114 0.0 -0.1148
3.2214 0.0 -0.1
3.2314 0.0 -0.0872
3.2414 0.0 -0.0768
3.2514 0.0 -0.068
3.2614 0.0 -0.0616
3.2714 0.0 -0.0576
3.2814 0.0 -0.0552
3.2914 0.0 -0.0552
3.3014 0.0 -0.0568
3.3114 0.0 -0.0604
3.3214 0.0 -0.0656
3.3314 0.0 -0.072
3.3414 0.0 -0.0796
3.3514 0.0 -0.0884
3.3614 0.0 -0.098
3.3714 0.0 -0.108
3.3814 0.0 -0.118
3.3914 0.0 -0.1284
3.4014 0.0 -0.138
3.4114 0.0 -0.1472
3.4214 0.0 -0.1552
3.4314 0.0 -0.162
3.4414 0.0 -0.1672
3.4514 0.0 -0.1708
3.4614 0.0 -0.1728
3.4714 0.0 -0.1728
3.4814 0.0 -0.1712
3.4914 0.0 -0.1676
3.5014 0.0 -0.1624
3.5114 0.0 -0.1556
3.5214 0.0 -0.1476
3.5314 0.0 -0.1384
3.5414 0.0 -0.1284
3.5514 0.0 -0.118
3.5614 0.0 -0.1072
3.5714 0.0 -0.096
3.5814 0.0 -0.0852
3.5914 0.0 -0.0752
3.6014 0.0 -0.0652
3.6114 0.0 -0.056
3.6214 0.0 -0.0476
3.6314 0.0 -0.0404
3.6414 0.0 -0.03348
3.6514 0.0 -0.0276
3.6614 0.0 -0.02248
3.6714 0.0 -0.01812
3.6814 0.0 -0.01444
3.6914 0.0 -0.0114
3.7014 0.0 -0.00892
3.7114 0.0 -0.00688
3.7214 0.0 -0.00524
3.7314 0.0 -0.003968
3.7414 0.0 -0.002964
3.7514 0.0 -0.002192
3.7614 0.0 -0.001604
3.7714 0.0 -0.00116
3.7814 0.0 -0.000832
3.7914 0.0 -0.000588
3.8014 0.0 -0.000412
3.8114 0.0 -0.0002856
3.8214 0.0 -0.000196
3.8314 0.0 -0.0001328
3.8414 0.0 -8.92e-05
3.8514 0.0 -5.92e-05
3.8614 0.0 -3.884e-05
3.8714 0.0 -2.524e-05
3.8814 0.0 -1.62e-05
