-21.4614 3.02e-05 -3.01e-05
-21.4514 4.61e-05 -4.61e-05
-21.4414 6.98e-05 -6.97e-05
-21.4314 0.000104 -0.000104
-21.4214 0.000155 -0.000155
-21.4114 0.000226 -0.000226
-21.4014 0.000328 -0.000328
-21.3914 0.00047 -0.00047
-21.3814 0.000667 -0.000666
-21.3714 0.000935 -0.000935
-21.3614 0.0013 -0.0013
-21.3514 0.00178 -0.00178
-21.3414 0.00242 -0.00242
-21.3314 0.00325 -0.00325
-21.3214 0.00432 -0.00432
-21.3114 0.00567 -0.00567
-21.3014 0.00738 -0.00738
-21.2914 0.00949 -0.00949
-21.2814 0.0121 -0.0121
-21.2714 0.0152 -0.0152
-21.2614 0.0189 -0.0189
-21.2514 0.0233 -0.0233
-21.2414 0.0284 -0.0284
-21.2314 0.0343 -0.0343
-21.2214 0.0409 -0.0409
-21.2114 0.0483 -0.0483
-21.2014 0.0564 -0.0563
-21.1914 0.0651 -0.0651
-21.1814 0.0743 -0.0743
-21.1714 0.084 -0.084
-21.1614 0.0939 -0.0939
-21.1514 0.104 -0.104
-21.1414 0.114 -0.114
-21.1314 0.123 -0.123
-21.1214 0.132 -0.132
-21.1114 0.139 -0.139
-21.1014 0.146 -0.146
-21.0914 0.151 -0.151
-21.0814 0.155 -0.155
-21.0714 0.157 -0.157
-21.0614 0.158 -0.158
-21.0514 0.157 -0.157
-21.0414 0.154 -0.154
-21.0314 0.15 -0.15
-21.0214 0.144 -0.144
-21.0114 0.137 -0.137
-21.0014 0.129 -0.129
-20.9914 0.12 -0.12
-20.9814 0.11 -0.11
-20.9714 0.1 -0.1
-20.9614 0.0903 -0.0903
-20.9514 0.0804 -0.0804
-20.9414 0.0709 -0.0709
-20.9314 0.0618 -0.0618
-20.9214 0.0533 -0.0533
-20.9114 0.0455 -0.0455
-20.9014 0.0384 -0.0384
-20.8914 0.0321 -0.0321
-20.8814 0.0265 -0.0265
-20.8714 0.0217 -0.0217
-20.8614 0.0175 -0.0175
-20.8514 0.014 -0.014
-20.8414 0.0111 -0.0111
-20.8314 0.00867 -0.00867
-20.8214 0.00671 -0.00671
-20.8114 0.00514 -0.00514
-20.8014 0.00389 -0.0039
-20.7914 0.00292 -0.00292
-20.7814 0.00216 -0.00217
-20.7714 0.00159 -0.00159
-20.7614 0.00115 -0.00115
-20.7514 0.000827 -0.000827
-20.7414 0.000587 -0.000588
-20.7314 0.000413 -0.000413
-20.7214 0.000287 -0.000287
-20.7114 0.000197 -0.000197
-20.7014 0.000134 -0.000134
-20.6914 9.02e-05 -9.02e-05
-20.6814 6e-05 -6.01e-05
-20.6714 3.95e-05 -3.95e-05
-20.6614 2.57e-05 -2.58e-05
-20.6514 1.66e-05 -1.66e-05
-20.6414 1.06e-05 -1.06e-05
-20.6314 6.67e-06 -6.67e-06
-20.6214 4.16e-06 -4.16e-06
-20.6114 2.57e-06 -2.57e-06
-20.6014 1.57e-06 -1.57e-06
-20.5914 9.46e-07 -9.47e-07
-20.5814 5.65e-07 -5.65e-07
-20.5714 3.34e-07 -3.34e-07
-20.5614 1.95e-07 -1.95e-07
-20.5514 1.13e-07 -1.13e-07
-20.5414 6.46e-08 -6.46e-08
-20.5314 3.66e-08 -3.66e-08
-20.5214 2.05e-08 -2.05e-08
-20.5114 1.13e-08 -1.13e-08
-20.5014 6.21e-09 -6.22e-09
-20.4914 3.37e-09 -3.37e-09
-20.4814 1.81e-09 -1.81e-09
-20.4714 9.58e-10 -9.59e-10
-20.4614 5.03e-10 -5.03e-10
-20.4514 2.61e-10 -2.61e-10
-20.4414 1.34e-10 -1.34e-10
-20.4314 6.81e-11 -6.81e-11
-20.4214 3.42e-11 -3.42e-11
-20.4114 1.7e-11 -1.7e-11
-20.4014 8.37e-12 -8.37e-12
-20.3914 4.07e-12 -4.07e-12
-20.3814 1.96e-12 -1.96e-12
-20.3714 9.33e-13 -9.34e-13
-20.3614 0.0 0
-20.3514 0.0 0
-20.3414 0.0 0
-20.3314 0.0 0
-20.3214 0.0 0
-20.3114 0.0 0
-20.3014 0.0 0
-20.2914 0.0 0
-20.2814 0.0 0
-20.2714 0.0 0
-20.2614 0.0 0
-20.2514 0.0 0
-20.2414 0.0 0
-20.2314 0.0 0
-20.2214 0.0 0
-20.2114 0.0 0
-20.2014 0.0 0
-20.1914 0.0 0
-20.1814 0.0 0
-20.1714 0.0 0
-20.1614 0.0 0
-20.1514 0.0 0
-20.1414 0.0 0
-20.1314 0.0 0
-20.1214 0.0 0
-20.1114 0.0 0
-20.1014 0.0 0
-20.0914 0.0 0
-20.0814 0.0 0
-20.0714 0.0 0
-20.0614 0.0 0
-20.0514 0.0 0
-20.0414 0.0 0
-20.0314 0.0 0
-20.0214 0.0 0
-20.0114 0.0 0
-20.0014 0.0 0
-19.9914 0.0 0
-19.9814 0.0 0
-19.9714 0.0 0
-19.9614 0.0 0
-19.9514 0.0 0
-19.9414 0.0 0
-19.9314 0.0 0
-19.9214 0.0 0
-19.9114 0.0 0
-19.9014 0.0 0
-19.8914 0.0 0
-19.8814 0.0 0
-19.8714 0.0 0
-19.8614 0.0 0
-19.8514 0.0 0
-19.8414 0.0 0
-19.8314 0.0 0
-19.8214 0.0 0
-19.8114 0.0 0
-19.8014 0.0 0
-19.7914 0.0 0
-19.7814 0.0 0
-19.7714 0.0 0
-19.7614 0.0 0
-19.7514 0.0 0
-19.7414 0.0 0
-19.7314 0.0 0
-19.7214 0.0 0
-19.7114 0.0 0
-19.7014 0.0 0
-19.6914 0.0 0
-19.6814 0.0 0
-19.6714 0.0 0
-19.6614 0.0 0
-19.6514 0.0 0
-19.6414 0.0 0
-19.6314 0.0 0
-19.6214 0.0 0
-19.6114 0.0 0
-19.6014 0.0 0
-19.5914 0.0 0
-19.5814 0.0 0
-19.5714 0.0 0
-19.5614 0.0 0
-19.5514 0.0 0
-19.5414 0.0 0
-19.5314 0.0 0
-19.5214 0.0 0
-19.5114 0.0 0
-19.5014 0.0 0
-19.4914 0.0 0
-19.4814 0.0 0
-19.4714 0.0 0
-19.4614 0.0 0
-19.4514 0.0 0
-19.4414 0.0 0
-19.4314 0.0 0
-19.4214 0.0 0
-19.4114 0.0 0
-19.4014 0.0 0
-19.3914 0.0 0
-19.3814 0.0 0
-19.3714 0.0 0
-19.3614 0.0 0
-19.3514 0.0 0
-19.3414 0.0 0
-19.3314 0.0 0
-19.3214 0.0 0
-19.3114 0.0 0
-19.3014 0.0 0
-19.2914 0.0 0
-19.2814 0.0 0
-19.2714 0.0 0
-19.2614 0.0 0
-19.2514 0.0 0
-19.2414 0.0 0
-19.2314 0.0 0
-19.2214 0.0 0
-19.2114 0.0 0
-19.2014 0.0 0
-19.1914 0.0 0
-19.1814 0.0 0
-19.1714 0.0 0
-19.1614 0.0 0
-19.1514 0.0 0
-19.1414 0.0 0
-19.1314 0.0 0
-19.1214 0.0 0
-19.1114 0.0 0
-19.1014 0.0 0
-19.0914 0.0 0
-19.0814 0.0 0
-19.0714 0.0 0
-19.0614 0.0 0
-19.0514 0.0 0
-19.0414 0.0 0
-19.0314 0.0 0
-19.0214 0.0 0
-19.0114 0.0 0
-19.0014 0.0 0
-18.9914 0.0 0
-18.9814 0.0 0
-18.9714 0.0 0
-18.9614 0.0 0
-18.9514 0.0 0
-18.9414 0.0 0
-18.9314 0.0 0
-18.9214 0.0 0
-18.9114 0.0 0
-18.9014 0.0 0
-18.8914 0.0 0
-18.8814 0.0 0
-18.8714 0.0 0
-18.8614 0.0 0
-18.8514 0.0 0
-18.8414 0.0 0
-18.8314 0.0 0
-18.8214 0.0 0
-18.8114 0.0 0
-18.8014 0.0 0
-18.7914 0.0 0
-18.7814 0.0 0
-18.7714 0.0 0
-18.7614 0.0 0
-18.7514 0.0 0
-18.7414 0.0 0
-18.7314 0.0 0
-18.7214 0.0 0
-18.7114 0.0 0
-18.7014 0.0 0
-18.6914 0.0 0
-18.6814 0.0 0
-18.6714 0.0 0
-18.6614 0.0 0
-18.6514 0.0 0
-18.6414 0.0 0
-18.6314 0.0 0
-18.6214 0.0 0
-18.6114 0.0 0
-18.6014 0.0 0
-18.5914 0.0 0
-18.5814 0.0 0
-18.5714 0.0 0
-18.5614 0.0 0
-18.5514 0.0 0
-18.5414 0.0 0
-18.5314 0.0 0
-18.5214 0.0 0
-18.5114 0.0 0
-18.5014 0.0 0
-18.4914 0.0 0
-18.4814 0.0 0
-18.4714 0.0 0
-18.4614 0.0 0
-18.4514 0.0 0
-18.4414 0.0 0
-18.4314 0.0 0
-18.4214 0.0 0
-18.4114 0.0 0
-18.4014 0.0 0
-18.3914 0.0 0
-18.3814 0.0 0
-18.3714 0.0 0
-18.3614 0.0 0
-18.3514 0.0 0
-18.3414 0.0 0
-18.3314 0.0 0
-18.3214 0.0 0
-18.3114 0.0 0
-18.3014 0.0 0
-18.2914 0.0 0
-18.2814 0.0 0
-18.2714 0.0 0
-18.2614 0.0 0
-18.2514 0.0 0
-18.2414 0.0 0
-18.2314 0.0 0
-18.2214 0.0 0
-18.2114 0.0 0
-18.2014 0.0 0
-18.1914 0.0 0
-18.1814 0.0 0
-18.1714 0.0 0
-18.1614 0.0 0
-18.1514 0.0 0
-18.1414 0.0 0
-18.1314 0.0 0
-18.1214 0.0 0
-18.1114 0.0 0
-18.1014 0.0 0
-18.0914 0.0 0
-18.0814 0.0 0
-18.0714 0.0 0
-18.0614 0.0 0
-18.0514 0.0 0
-18.0414 0.0 0
-18.0314 0.0 0
-18.0214 0.0 0
-18.0114 0.0 0
-18.0014 0.0 0
-17.9914 0.0 0
-17.9814 0.0 0
-17.9714 0.0 0
-17.9614 0.0 0
-17.9514 0.0 0
-17.9414 0.0 0
-17.9314 0.0 0
-17.9214 0.0 0
-17.9114 0.0 0
-17.9014 0.0 0
-17.8914 0.0 0
-17.8814 0.0 0
-17.8714 0.0 0
-17.8614 0.0 0
-17.8514 0.0 0
-17.8414 0.0 0
-17.8314 0.0 0
-17.8214 0.0 0
-17.8114 0.0 0
-17.8014 0.0 0
-17.7914 0.0 0
-17.7814 0.0 0
-17.7714 0.0 0
-17.7614 0.0 0
-17.7514 0.0 0
-17.7414 0.0 0
-17.7314 0.0 0
-17.7214 0.0 0
-17.7114 0.0 0
-17.7014 0.0 0
-17.6914 0.0 0
-17.6814 0.0 0
-17.6714 0.0 0
-17.6614 0.0 0
-17.6514 0.0 0
-17.6414 0.0 0
-17.6314 0.0 0
-17.6214 0.0 0
-17.6114 0.0 0
-17.6014 0.0 0
-17.5914 0.0 0
-17.5814 0.0 0
-17.5714 0.0 0
-17.5614 0.0 0
-17.5514 0.0 0
-17.5414 0.0 0
-17.5314 0.0 0
-17.5214 0.0 0
-17.5114 0.0 0
-17.5014 0.0 0
-17.4914 0.0 0
-17.4814 0.0 0
-17.4714 0.0 0
-17.4614 0.0 0
-17.4514 0.0 0
-17.4414 0.0 0
-17.4314 0.0 0
-17.4214 0.0 0
-17.4114 0.0 0
-17.4014 0.0 0
-17.3914 0.0 0
-17.3814 0.0 0
-17.3714 0.0 0
-17.3614 0.0 0
-17.3514 0.0 0
-17.3414 0.0 0
-17.3314 0.0 0
-17.3214 0.0 0
-17.3114 0.0 0
-17.3014 0.0 0
-17.2914 0.0 0
-17.2814 0.0 0
-17.2714 0.0 0
-17.2614 0.0 0
-17.2514 0.0 0
-17.2414 0.0 0
-17.2314 0.0 0
-17.2214 0.0 0
-17.2114 0.0 0
-17.2014 0.0 0
-17.1914 0.0 0
-17.1814 0.0 0
-17.1714 0.0 0
-17.1614 0.0 0
-17.1514 0.0 0
-17.1414 0.0 0
-17.1314 0.0 0
-17.1214 0.0 0
-17.1114 0.0 0
-17.1014 0.0 0
-17.0914 0.0 0
-17.0814 0.0 0
-17.0714 0.0 0
-17.0614 0.0 0
-17.0514 0.0 0
-17.0414 0.0 0
-17.0314 0.0 0
-17.0214 0.0 0
-17.0114 0.0 0
-17.0014 0.0 0
-16.9914 0.0 0
-16.9814 0.0 0
-16.9714 0.0 0
-16.9614 0.0 0
-16.9514 0.0 0
-16.9414 0.0 0
-16.9314 0.0 0
-16.9214 0.0 0
-16.9114 0.0 0
-16.9014 0.0 0
-16.8914 0.0 0
-16.8814 0.0 0
-16.8714 0.0 0
-16.8614 0.0 0
-16.8514 0.0 0
-16.8414 0.0 0
-16.8314 0.0 0
-16.8214 0.0 0
-16.8114 0.0 0
-16.8014 0.0 0
-16.7914 0.0 0
-16.7814 0.0 0
-16.7714 0.0 0
-16.7614 0.0 0
-16.7514 0.0 0
-16.7414 0.0 0
-16.7314 0.0 0
-16.7214 0.0 0
-16.7114 0.0 0
-16.7014 0.0 0
-16.6914 0.0 0
-16.6814 0.0 0
-16.6714 0.0 0
-16.6614 0.0 0
-16.6514 0.0 0
-16.6414 0.0 0
-16.6314 0.0 0
-16.6214 0.0 0
-16.6114 0.0 0
-16.6014 0.0 0
-16.5914 0.0 0
-16.5814 0.0 0
-16.5714 0.0 0
-16.5614 0.0 0
-16.5514 0.0 0
-16.5414 0.0 0
-16.5314 0.0 0
-16.5214 0.0 0
-16.5114 0.0 0
-16.5014 0.0 0
-16.4914 0.0 0
-16.4814 0.0 0
-16.4714 0.0 0
-16.4614 0.0 0
-16.4514 0.0 0
-16.4414 0.0 0
-16.4314 0.0 0
-16.4214 0.0 0
-16.4114 0.0 0
-16.4014 0.0 0
-16.3914 0.0 0
-16.3814 0.0 0
-16.3714 0.0 0
-16.3614 0.0 0
-16.3514 0.0 0
-16.3414 0.0 0
-16.3314 0.0 0
-16.3214 0.0 0
-16.3114 0.0 0
-16.3014 0.0 0
-16.2914 0.0 0
-16.2814 0.0 0
-16.2714 0.0 0
-16.2614 0.0 0
-16.2514 0.0 0
-16.2414 0.0 0
-16.2314 0.0 0
-16.2214 0.0 0
-16.2114 0.0 0
-16.2014 0.0 0
-16.1914 0.0 0
-16.1814 0.0 0
-16.1714 0.0 0
-16.1614 0.0 0
-16.1514 0.0 0
-16.1414 0.0 0
-16.1314 0.0 0
-16.1214 0.0 0
-16.1114 0.0 0
-16.1014 0.0 0
-16.0914 0.0 0
-16.0814 0.0 0
-16.0714 0.0 0
-16.0614 0.0 0
-16.0514 0.0 0
-16.0414 0.0 0
-16.0314 0.0 0
-16.0214 0.0 0
-16.0114 0.0 0
-16.0014 0.0 0
-15.9914 0.0 0
-15.9814 0.0 0
-15.9714 0.0 0
-15.9614 0.0 0
-15.9514 0.0 0
-15.9414 0.0 0
-15.9314 0.0 0
-15.9214 0.0 0
-15.9114 0.0 0
-15.9014 0.0 0
-15.8914 0.0 0
-15.8814 0.0 0
-15.8714 0.0 0
-15.8614 0.0 0
-15.8514 0.0 0
-15.8414 0.0 0
-15.8314 0.0 0
-15.8214 0.0 0
-15.8114 0.0 0
-15.8014 0.0 0
-15.7914 0.0 0
-15.7814 0.0 0
-15.7714 0.0 0
-15.7614 0.0 0
-15.7514 0.0 0
-15.7414 0.0 0
-15.7314 0.0 0
-15.7214 0.0 0
-15.7114 0.0 0
-15.7014 0.0 0
-15.6914 0.0 0
-15.6814 0.0 0
-15.6714 0.0 0
-15.6614 0.0 0
-15.6514 0.0 0
-15.6414 0.0 0
-15.6314 0.0 0
-15.6214 0.0 0
-15.6114 0.0 0
-15.6014 0.0 0
-15.5914 0.0 0
-15.5814 0.0 0
-15.5714 0.0 0
-15.5614 0.0 0
-15.5514 0.0 0
-15.5414 0.0 0
-15.5314 0.0 0
-15.5214 0.0 0
-15.5114 0.0 0
-15.5014 0.0 0
-15.4914 0.0 0
-15.4814 0.0 0
-15.4714 0.0 0
-15.4614 0.0 0
-15.4514 0.0 0
-15.4414 0.0 0
-15.4314 0.0 0
-15.4214 0.0 0
-15.4114 0.0 0
-15.4014 0.0 0
-15.3914 0.0 0
-15.3814 0.0 0
-15.3714 0.0 0
-15.3614 0.0 0
-15.3514 0.0 0
-15.3414 0.0 0
-15.3314 0.0 0
-15.3214 0.0 0
-15.3114 0.0 0
-15.3014 0.0 0
-15.2914 0.0 0
-15.2814 0.0 0
-15.2714 0.0 0
-15.2614 0.0 0
-15.2514 0.0 0
-15.2414 0.0 0
-15.2314 0.0 0
-15.2214 0.0 0
-15.2114 0.0 0
-15.2014 0.0 0
-15.1914 0.0 0
-15.1814 0.0 0
-15.1714 0.0 0
-15.1614 0.0 0
-15.1514 0.0 0
-15.1414 0.0 0
-15.1314 0.0 0
-15.1214 0.0 0
-15.1114 0.0 0
-15.1014 0.0 0
-15.0914 0.0 0
-15.0814 0.0 0
-15.0714 0.0 0
-15.0614 0.0 0
-15.0514 0.0 0
-15.0414 0.0 0
-15.0314 0.0 0
-15.0214 0.0 0
-15.0114 0.0 0
-15.0014 0.0 0
-14.9914 0.0 0
-14.9814 0.0 0
-14.9714 0.0 0
-14.9614 0.0 0
-14.9514 0.0 0
-14.9414 0.0 0
-14.9314 0.0 0
-14.9214 0.0 0
-14.9114 0.0 0
-14.9014 0.0 0
-14.8914 0.0 0
-14.8814 0.0 0
-14.8714 0.0 0
-14.8614 0.0 0
-14.8514 0.0 0
-14.8414 0.0 0
-14.8314 0.0 0
-14.8214 0.0 0
-14.8114 0.0 0
-14.8014 0.0 0
-14.7914 0.0 0
-14.7814 0.0 0
-14.7714 0.0 0
-14.7614 0.0 0
-14.7514 0.0 0
-14.7414 0.0 0
-14.7314 0.0 0
-14.7214 0.0 0
-14.7114 0.0 0
-14.7014 0.0 0
-14.6914 0.0 0
-14.6814 0.0 0
-14.6714 0.0 0
-14.6614 0.0 0
-14.6514 0.0 0
-14.6414 0.0 0
-14.6314 0.0 0
-14.6214 0.0 0
-14.6114 0.0 0
-14.6014 0.0 0
-14.5914 0.0 0
-14.5814 0.0 0
-14.5714 0.0 0
-14.5614 0.0 0
-14.5514 0.0 0
-14.5414 0.0 0
-14.5314 0.0 0
-14.5214 0.0 0
-14.5114 0.0 0
-14.5014 0.0 0
-14.4914 0.0 0
-14.4814 0.0 0
-14.4714 0.0 0
-14.4614 0.0 0
-14.4514 0.0 0
-14.4414 0.0 0
-14.4314 0.0 0
-14.4214 0.0 0
-14.4114 0.0 0
-14.4014 0.0 0
-14.3914 0.0 0
-14.3814 0.0 0
-14.3714 0.0 0
-14.3614 0.0 0
-14.3514 0.0 0
-14.3414 0.0 0
-14.3314 0.0 0
-14.3214 0.0 0
-14.3114 0.0 0
-14.3014 0.0 0
-14.2914 0.0 0
-14.2814 0.0 0
-14.2714 0.0 0
-14.2614 0.0 0
-14.2514 0.0 0
-14.2414 0.0 0
-14.2314 0.0 0
-14.2214 0.0 0
-14.2114 0.0 0
-14.2014 0.0 0
-14.1914 0.0 0
-14.1814 0.0 0
-14.1714 0.0 0
-14.1614 0.0 0
-14.1514 0.0 0
-14.1414 0.0 0
-14.1314 0.0 0
-14.1214 0.0 0
-14.1114 0.0 0
-14.1014 0.0 0
-14.0914 0.0 0
-14.0814 0.0 0
-14.0714 0.0 0
-14.0614 0.0 0
-14.0514 0.0 0
-14.0414 0.0 0
-14.0314 0.0 0
-14.0214 0.0 0
-14.0114 0.0 0
-14.0014 0.0 0
-13.9914 0.0 0
-13.9814 0.0 0
-13.9714 0.0 0
-13.9614 0.0 0
-13.9514 0.0 0
-13.9414 0.0 0
-13.9314 0.0 0
-13.9214 0.0 0
-13.9114 0.0 0
-13.9014 0.0 0
-13.8914 0.0 0
-13.8814 0.0 0
-13.8714 0.0 0
-13.8614 0.0 0
-13.8514 0.0 0
-13.8414 0.0 0
-13.8314 0.0 0
-13.8214 0.0 0
-13.8114 0.0 0
-13.8014 0.0 0
-13.7914 0.0 0
-13.7814 0.0 0
-13.7714 0.0 0
-13.7614 0.0 0
-13.7514 0.0 0
-13.7414 0.0 0
-13.7314 0.0 0
-13.7214 0.0 0
-13.7114 0.0 0
-13.7014 0.0 0
-13.6914 0.0 0
-13.6814 0.0 0
-13.6714 0.0 0
-13.6614 0.0 0
-13.6514 0.0 0
-13.6414 0.0 0
-13.6314 0.0 0
-13.6214 0.0 0
-13.6114 0.0 0
-13.6014 0.0 0
-13.5914 0.0 0
-13.5814 0.0 0
-13.5714 0.0 0
-13.5614 0.0 0
-13.5514 0.0 0
-13.5414 0.0 0
-13.5314 0.0 0
-13.5214 0.0 0
-13.5114 0.0 0
-13.5014 0.0 0
-13.4914 0.0 0
-13.4814 0.0 0
-13.4714 0.0 0
-13.4614 0.0 0
-13.4514 0.0 0
-13.4414 0.0 0
-13.4314 0.0 0
-13.4214 0.0 0
-13.4114 0.0 0
-13.4014 0.0 0
-13.3914 0.0 0
-13.3814 0.0 0
-13.3714 0.0 0
-13.3614 0.0 0
-13.3514 0.0 0
-13.3414 0.0 0
-13.3314 0.0 0
-13.3214 0.0 0
-13.3114 0.0 0
-13.3014 0.0 0
-13.2914 0.0 0
-13.2814 0.0 0
-13.2714 0.0 0
-13.2614 0.0 0
-13.2514 0.0 0
-13.2414 0.0 0
-13.2314 0.0 0
-13.2214 0.0 0
-13.2114 0.0 0
-13.2014 0.0 0
-13.1914 0.0 0
-13.1814 0.0 0
-13.1714 0.0 0
-13.1614 0.0 0
-13.1514 0.0 0
-13.1414 0.0 0
-13.1314 0.0 0
-13.1214 0.0 0
-13.1114 0.0 0
-13.1014 0.0 0
-13.0914 0.0 0
-13.0814 0.0 0
-13.0714 0.0 0
-13.0614 0.0 0
-13.0514 0.0 0
-13.0414 0.0 0
-13.0314 0.0 0
-13.0214 0.0 0
-13.0114 0.0 0
-13.0014 0.0 0
-12.9914 0.0 0
-12.9814 0.0 0
-12.9714 0.0 0
-12.9614 0.0 0
-12.9514 0.0 0
-12.9414 0.0 0
-12.9314 0.0 0
-12.9214 0.0 0
-12.9114 0.0 0
-12.9014 0.0 0
-12.8914 0.0 0
-12.8814 0.0 0
-12.8714 0.0 0
-12.8614 0.0 0
-12.8514 0.0 0
-12.8414 0.0 0
-12.8314 0.0 0
-12.8214 0.0 0
-12.8114 0.0 0
-12.8014 0.0 0
-12.7914 0.0 0
-12.7814 0.0 0
-12.7714 0.0 0
-12.7614 0.0 0
-12.7514 0.0 0
-12.7414 0.0 0
-12.7314 0.0 0
-12.7214 0.0 0
-12.7114 0.0 0
-12.7014 0.0 0
-12.6914 0.0 0
-12.6814 0.0 0
-12.6714 0.0 0
-12.6614 0.0 0
-12.6514 0.0 0
-12.6414 0.0 0
-12.6314 0.0 0
-12.6214 0.0 0
-12.6114 0.0 0
-12.6014 0.0 0
-12.5914 0.0 0
-12.5814 0.0 0
-12.5714 0.0 0
-12.5614 0.0 0
-12.5514 0.0 0
-12.5414 0.0 0
-12.5314 0.0 0
-12.5214 0.0 0
-12.5114 0.0 0
-12.5014 0.0 0
-12.4914 0.0 0
-12.4814 0.0 0
-12.4714 0.0 0
-12.4614 0.0 0
-12.4514 0.0 0
-12.4414 0.0 0
-12.4314 0.0 0
-12.4214 0.0 0
-12.4114 0.0 0
-12.4014 0.0 0
-12.3914 0.0 0
-12.3814 0.0 0
-12.3714 0.0 0
-12.3614 0.0 0
-12.3514 0.0 0
-12.3414 0.0 0
-12.3314 0.0 0
-12.3214 0.0 0
-12.3114 0.0 0
-12.3014 0.0 0
-12.2914 0.0 0
-12.2814 0.0 0
-12.2714 0.0 0
-12.2614 0.0 0
-12.2514 0.0 0
-12.2414 0.0 0
-12.2314 0.0 0
-12.2214 0.0 0
-12.2114 0.0 0
-12.2014 0.0 0
-12.1914 0.0 0
-12.1814 0.0 0
-12.1714 0.0 0
-12.1614 0.0 0
-12.1514 0.0 0
-12.1414 0.0 0
-12.1314 0.0 0
-12.1214 0.0 0
-12.1114 0.0 0
-12.1014 0.0 0
-12.0914 0.0 0
-12.0814 0.0 0
-12.0714 0.0 0
-12.0614 0.0 0
-12.0514 0.0 0
-12.0414 0.0 0
-12.0314 0.0 0
-12.0214 0.0 0
-12.0114 0.0 0
-12.0014 0.0 0
-11.9914 0.0 0
-11.9814 0.0 0
-11.9714 0.0 0
-11.9614 0.0 0
-11.9514 0.0 0
-11.9414 0.0 0
-11.9314 0.0 0
-11.9214 0.0 0
-11.9114 0.0 0
-11.9014 0.0 0
-11.8914 0.0 0
-11.8814 0.0 0
-11.8714 0.0 0
-11.8614 0.0 0
-11.8514 0.0 0
-11.8414 0.0 0
-11.8314 0.0 0
-11.8214 0.0 0
-11.8114 0.0 0
-11.8014 0.0 0
-11.7914 0.0 0
-11.7814 0.0 0
-11.7714 0.0 0
-11.7614 0.0 0
-11.7514 0.0 0
-11.7414 0.0 0
-11.7314 0.0 0
-11.7214 0.0 0
-11.7114 0.0 0
-11.7014 0.0 0
-11.6914 0.0 0
-11.6814 0.0 0
-11.6714 0.0 0
-11.6614 0.0 0
-11.6514 0.0 0
-11.6414 0.0 0
-11.6314 0.0 0
-11.6214 0.0 0
-11.6114 0.0 0
-11.6014 0.0 0
-11.5914 0.0 0
-11.5814 0.0 0
-11.5714 0.0 0
-11.5614 0.0 0
-11.5514 0.0 0
-11.5414 0.0 0
-11.5314 0.0 0
-11.5214 0.0 0
-11.5114 0.0 0
-11.5014 0.0 0
-11.4914 0.0 0
-11.4814 0.0 0
-11.4714 0.0 0
-11.4614 0.0 0
-11.4514 0.0 0
-11.4414 0.0 0
-11.4314 0.0 0
-11.4214 0.0 0
-11.4114 0.0 0
-11.4014 0.0 0
-11.3914 0.0 0
-11.3814 0.0 0
-11.3714 0.0 0
-11.3614 0.0 0
-11.3514 0.0 0
-11.3414 0.0 0
-11.3314 0.0 0
-11.3214 0.0 0
-11.3114 0.0 0
-11.3014 0.0 0
-11.2914 0.0 0
-11.2814 0.0 0
-11.2714 0.0 0
-11.2614 0.0 0
-11.2514 0.0 0
-11.2414 0.0 0
-11.2314 0.0 0
-11.2214 0.0 0
-11.2114 0.0 0
-11.2014 0.0 0
-11.1914 0.0 0
-11.1814 0.0 0
-11.1714 0.0 0
-11.1614 0.0 0
-11.1514 0.0 0
-11.1414 0.0 0
-11.1314 0.0 0
-11.1214 0.0 0
-11.1114 0.0 0
-11.1014 0.0 0
-11.0914 0.0 0
-11.0814 0.0 0
-11.0714 0.0 0
-11.0614 0.0 0
-11.0514 0.0 0
-11.0414 0.0 0
-11.0314 0.0 0
-11.0214 0.0 0
-11.0114 0.0 0
-11.0014 0.0 0
-10.9914 0.0 0
-10.9814 0.0 0
-10.9714 0.0 0
-10.9614 0.0 0
-10.9514 0.0 0
-10.9414 0.0 0
-10.9314 0.0 0
-10.9214 0.0 0
-10.9114 0.0 0
-10.9014 0.0 0
-10.8914 0.0 0
-10.8814 0.0 0
-10.8714 0.0 0
-10.8614 0.0 0
-10.8514 0.0 0
-10.8414 0.0 0
-10.8314 0.0 0
-10.8214 0.0 0
-10.8114 0.0 0
-10.8014 0.0 0
-10.7914 0.0 0
-10.7814 0.0 0
-10.7714 0.0 0
-10.7614 0.0 0
-10.7514 0.0 0
-10.7414 0.0 0
-10.7314 0.0 0
-10.7214 0.0 0
-10.7114 0.0 0
-10.7014 0.0 0
-10.6914 0.0 0
-10.6814 0.0 0
-10.6714 0.0 0
-10.6614 0.0 0
-10.6514 0.0 0
-10.6414 0.0 0
-10.6314 0.0 0
-10.6214 0.0 0
-10.6114 0.0 0
-10.6014 0.0 0
-10.5914 0.0 0
-10.5814 0.0 0
-10.5714 0.0 0
-10.5614 0.0 0
-10.5514 0.0 0
-10.5414 0.0 0
-10.5314 0.0 0
-10.5214 0.0 0
-10.5114 0.0 0
-10.5014 0.0 0
-10.4914 0.0 0
-10.4814 0.0 0
-10.4714 0.0 0
-10.4614 0.0 0
-10.4514 0.0 0
-10.4414 0.0 0
-10.4314 0.0 0
-10.4214 0.0 0
-10.4114 0.0 0
-10.4014 0.0 0
-10.3914 0.0 0
-10.3814 0.0 0
-10.3714 0.0 0
-10.3614 0.0 0
-10.3514 0.0 0
-10.3414 0.0 0
-10.3314 0.0 0
-10.3214 0.0 0
-10.3114 0.0 0
-10.3014 0.0 0
-10.2914 0.0 0
-10.2814 0.0 0
-10.2714 0.0 0
-10.2614 0.0 0
-10.2514 0.0 0
-10.2414 0.0 0
-10.2314 0.0 0
-10.2214 0.0 0
-10.2114 0.0 0
-10.2014 0.0 0
-10.1914 0.0 0
-10.1814 0.0 0
-10.1714 0.0 0
-10.1614 0.0 0
-10.1514 0.0 0
-10.1414 0.0 0
-10.1314 0.0 0
-10.1214 0.0 0
-10.1114 0.0 0
-10.1014 0.0 0
-10.0914 0.0 0
-10.0814 0.0 0
-10.0714 0.0 0
-10.0614 0.0 0
-10.0514 0.0 0
-10.0414 0.0 0
-10.0314 0.0 0
-10.0214 0.0 0
-10.0114 0.0 0
-10.0014 0.0 0
-9.9914 0.0 0
-9.9814 0.0 0
-9.9714 0.0 0
-9.9614 0.0 0
-9.9514 0.0 0
-9.9414 0.0 0
-9.9314 0.0 0
-9.9214 0.0 0
-9.9114 0.0 0
-9.9014 0.0 0
-9.8914 0.0 0
-9.8814 0.0 0
-9.8714 0.0 0
-9.8614 0.0 0
-9.8514 0.0 0
-9.8414 0.0 0
-9.8314 0.0 0
-9.8214 0.0 0
-9.8114 0.0 0
-9.8014 0.0 0
-9.7914 0.0 0
-9.7814 0.0 0
-9.7714 0.0 0
-9.7614 0.0 0
-9.7514 0.0 0
-9.7414 0.0 0
-9.7314 0.0 0
-9.7214 0.0 0
-9.7114 0.0 0
-9.7014 0.0 0
-9.6914 0.0 0
-9.6814 0.0 0
-9.6714 0.0 0
-9.6614 0.0 0
-9.6514 0.0 0
-9.6414 0.0 0
-9.6314 0.0 0
-9.6214 0.0 0
-9.6114 0.0 0
-9.6014 0.0 0
-9.5914 0.0 0
-9.5814 0.0 0
-9.5714 0.0 0
-9.5614 0.0 0
-9.5514 0.0 0
-9.5414 1.36e-11 -1.36e-11
-9.5314 2.87e-11 -2.87e-11
-9.5214 5.98e-11 -5.98e-11
-9.5114 1.23e-10 -1.23e-10
-9.5014 2.51e-10 -2.52e-10
-9.4914 5.07e-10 -5.08e-10
-9.4814 1.01e-09 -1.01e-09
-9.4714 2e-09 -2e-09
-9.4614 3.9e-09 -3.91e-09
-9.4514 7.55e-09 -7.55e-09
-9.4414 1.44e-08 -1.44e-08
-9.4314 2.73e-08 -2.73e-08
-9.4214 5.1e-08 -5.11e-08
-9.4114 9.44e-08 -9.45e-08
-9.4014 1.73e-07 -1.73e-07
-9.3914 3.13e-07 -3.13e-07
-9.3814 5.61e-07 -5.61e-07
-9.3714 9.94e-07 -9.95e-07
-9.3614 1.74e-06 -1.74e-06
-9.3514 3.02e-06 -3.03e-06
-9.3414 5.19e-06 -5.19e-06
-9.3314 8.81e-06 -8.81e-06
-9.3214 1.48e-05 -1.48e-05
-9.3114 2.46e-05 -2.46e-05
-9.3014 4.04e-05 -4.04e-05
-9.2914 6.56e-05 -6.57e-05
-9.2814 0.000106 -0.000106
-9.2714 0.000168 -0.000168
-9.2614 0.000264 -0.000264
-9.2514 0.000411 -0.000412
-9.2414 0.000634 -0.000634
-9.2314 0.000965 -0.000966
-9.2214 0.00146 -0.00146
-9.2114 0.00217 -0.00217
-9.2014 0.0032 -0.0032
-9.1914 0.00467 -0.00467
-9.1814 0.00674 -0.00674
-9.1714 0.00962 -0.00963
-9.1614 0.0136 -0.0136
-9.1514 0.019 -0.019
-9.1414 0.0263 -0.0263
-9.1314 0.0359 -0.0359
-9.1214 0.0486 -0.0486
-9.1114 0.065 -0.0651
-9.1014 0.0861 -0.0861
-9.0914 0.113 -0.113
-9.0814 0.146 -0.146
-9.0714 0.187 -0.187
-9.0614 0.237 -0.238
-9.0514 0.298 -0.298
-9.0414 0.37 -0.37
-9.0314 0.454 -0.454
-9.0214 0.551 -0.551
-9.0114 0.662 -0.662
-9.0014 0.786 -0.787
-8.9914 0.924 -0.925
-8.9814 1.08 -1.08
-8.9714 1.24 -1.24
-8.9614 1.41 -1.41
-8.9514 1.58 -1.59
-8.9414 1.77 -1.77
-8.9314 1.94 -1.95
-8.9214 2.12 -2.12
-8.9114 2.29 -2.29
-8.9014 2.44 -2.44
-8.8914 2.57 -2.57
-8.8814 2.69 -2.69
-8.8714 2.77 -2.77
-8.8614 2.83 -2.83
-8.8514 2.86 -2.86
-8.8414 2.86 -2.86
-8.8314 2.83 -2.83
-8.8214 2.77 -2.77
-8.8114 2.68 -2.68
-8.8014 2.57 -2.57
-8.7914 2.43 -2.43
-8.7814 2.28 -2.28
-8.7714 2.11 -2.11
-8.7614 1.94 -1.93
-8.7514 1.76 -1.76
-8.7414 1.58 -1.57
-8.7314 1.4 -1.4
-8.7214 1.23 -1.23
-8.7114 1.07 -1.07
-8.7014 0.917 -0.916
-8.6914 0.779 -0.779
-8.6814 0.655 -0.655
-8.6714 0.545 -0.545
-8.6614 0.449 -0.449
-8.6514 0.365 -0.365
-8.6414 0.294 -0.294
-8.6314 0.234 -0.234
-8.6214 0.185 -0.185
-8.6114 0.144 -0.144
-8.6014 0.111 -0.111
-8.5914 0.0848 -0.0848
-8.5814 0.064 -0.064
-8.5714 0.0478 -0.0478
-8.5614 0.0353 -0.0353
-8.5514 0.0258 -0.0258
-8.5414 0.0187 -0.0187
-8.5314 0.0133 -0.0133
-8.5214 0.00944 -0.00944
-8.5114 0.00661 -0.00661
-8.5014 0.00458 -0.00457
-8.4914 0.00313 -0.00313
-8.4814 0.00212 -0.00212
-8.4714 0.00142 -0.00142
-8.4614 0.000944 -0.000943
-8.4514 0.000619 -0.000619
-8.4414 0.000402 -0.000402
-8.4314 0.000258 -0.000258
-8.4214 0.000164 -0.000164
-8.4114 0.000103 -0.000103
-8.4014 6.39e-05 -6.39e-05
-8.3914 3.93e-05 -3.93e-05
-8.3814 2.39e-05 -2.39e-05
-8.3714 1.44e-05 -1.44e-05
-8.3614 8.56e-06 -8.56e-06
-8.3514 5.04e-06 -5.04e-06
-8.3414 2.94e-06 -2.93e-06
-8.3314 1.69e-06 -1.69e-06
-8.3214 9.64e-07 -9.64e-07
-8.3114 5.44e-07 -5.43e-07
-8.3014 3.03e-07 -3.03e-07
-8.2914 1.67e-07 -1.67e-07
-8.2814 9.14e-08 -9.13e-08
-8.2714 4.93e-08 -4.93e-08
-8.2614 2.64e-08 -2.63e-08
-8.2514 1.39e-08 -1.39e-08
-8.2414 7.28e-09 -7.28e-09
-8.2314 3.77e-09 -3.76e-09
-8.2214 1.93e-09 -1.93e-09
-8.2114 9.76e-10 -9.75e-10
-8.2014 4.88e-10 -4.88e-10
-8.1914 2.42e-10 -2.42e-10
-8.1814 1.19e-10 -1.18e-10
-8.1714 5.75e-11 -5.74e-11
-8.1614 2.76e-11 -2.75e-11
-8.1514 0.0 0
-8.1414 0.0 0
-8.1314 0.0 0
-8.1214 0.0 0
-8.1114 0.0 0
-8.1014 0.0 0
-8.0914 0.0 0
-8.0814 0.0 0
-8.0714 0.0 0
-8.0614 0.0 0
-8.0514 0.0 0
-8.0414 0.0 0
-8.0314 0.0 0
-8.0214 0.0 0
-8.0114 0.0 0
-8.0014 0.0 0
-7.9914 0.0 0
-7.9814 0.0 0
-7.9714 0.0 0
-7.9614 0.0 0
-7.9514 0.0 0
-7.9414 0.0 0
-7.9314 0.0 0
-7.9214 0.0 0
-7.9114 0.0 0
-7.9014 0.0 0
-7.8914 0.0 0
-7.8814 0.0 0
-7.8714 0.0 0
-7.8614 0.0 0
-7.8514 0.0 0
-7.8414 0.0 0
-7.8314 0.0 0
-7.8214 0.0 0
-7.8114 0.0 0
-7.8014 0.0 0
-7.7914 0.0 0
-7.7814 0.0 0
-7.7714 0.0 0
-7.7614 0.0 0
-7.7514 0.0 0
-7.7414 0.0 0
-7.7314 0.0 0
-7.7214 0.0 0
-7.7114 0.0 0
-7.7014 0.0 0
-7.6914 0.0 0
-7.6814 0.0 0
-7.6714 0.0 0
-7.6614 0.0 0
-7.6514 0.0 0
-7.6414 0.0 0
-7.6314 0.0 0
-7.6214 0.0 0
-7.6114 0.0 0
-7.6014 0.0 0
-7.5914 0.0 0
-7.5814 0.0 0
-7.5714 0.0 0
-7.5614 0.0 0
-7.5514 0.0 0
-7.5414 0.0 0
-7.5314 0.0 0
-7.5214 0.0 0
-7.5114 0.0 0
-7.5014 0.0 0
-7.4914 0.0 0
-7.4814 0.0 0
-7.4714 0.0 0
-7.4614 0.0 0
-7.4514 0.0 0
-7.4414 0.0 0
-7.4314 0.0 0
-7.4214 0.0 0
-7.4114 0.0 0
-7.4014 0.0 0
-7.3914 0.0 0
-7.3814 0.0 0
-7.3714 0.0 0
-7.3614 0.0 0
-7.3514 0.0 0
-7.3414 0.0 0
-7.3314 0.0 0
-7.3214 0.0 0
-7.3114 0.0 0
-7.3014 0.0 0
-7.2914 0.0 0
-7.2814 0.0 0
-7.2714 0.0 0
-7.2614 0.0 0
-7.2514 0.0 0
-7.2414 0.0 0
-7.2314 0.0 0
-7.2214 0.0 0
-7.2114 0.0 0
-7.2014 0.0 0
-7.1914 0.0 0
-7.1814 0.0 0
-7.1714 0.0 0
-7.1614 0.0 0
-7.1514 0.0 0
-7.1414 0.0 0
-7.1314 0.0 0
-7.1214 0.0 0
-7.1114 0.0 0
-7.1014 0.0 0
-7.0914 0.0 0
-7.0814 0.0 0
-7.0714 0.0 0
-7.0614 0.0 0
-7.0514 0.0 0
-7.0414 0.0 0
-7.0314 0.0 0
-7.0214 0.0 0
-7.0114 0.0 0
-7.0014 0.0 0
-6.9914 0.0 0
-6.9814 0.0 0
-6.9714 0.0 0
-6.9614 0.0 0
-6.9514 0.0 0
-6.9414 0.0 0
-6.9314 0.0 0
-6.9214 0.0 0
-6.9114 0.0 0
-6.9014 0.0 0
-6.8914 0.0 0
-6.8814 0.0 0
-6.8714 0.0 0
-6.8614 0.0 0
-6.8514 0.0 0
-6.8414 0.0 0
-6.8314 0.0 0
-6.8214 0.0 0
-6.8114 0.0 0
-6.8014 0.0 0
-6.7914 0.0 0
-6.7814 0.0 0
-6.7714 0.0 0
-6.7614 0.0 0
-6.7514 0.0 0
-6.7414 0.0 0
-6.7314 0.0 0
-6.7214 0.0 0
-6.7114 0.0 0
-6.7014 0.0 0
-6.6914 0.0 0
-6.6814 0.0 0
-6.6714 0.0 0
-6.6614 0.0 0
-6.6514 0.0 0
-6.6414 0.0 0
-6.6314 0.0 0
-6.6214 0.0 0
-6.6114 0.0 0
-6.6014 0.0 0
-6.5914 0.0 0
-6.5814 0.0 0
-6.5714 0.0 0
-6.5614 0.0 0
-6.5514 0.0 0
-6.5414 0.0 0
-6.5314 0.0 0
-6.5214 0.0 0
-6.5114 0.0 0
-6.5014 0.0 0
-6.4914 0.0 0
-6.4814 0.0 0
-6.4714 0.0 0
-6.4614 0.0 0
-6.4514 0.0 0
-6.4414 0.0 0
-6.4314 0.0 0
-6.4214 0.0 0
-6.4114 0.0 0
-6.4014 0.0 0
-6.3914 0.0 0
-6.3814 0.0 0
-6.3714 0.0 0
-6.3614 0.0 0
-6.3514 0.0 0
-6.3414 0.0 0
-6.3314 0.0 0
-6.3214 0.0 0
-6.3114 0.0 0
-6.3014 0.0 0
-6.2914 0.0 0
-6.2814 0.0 0
-6.2714 0.0 0
-6.2614 0.0 0
-6.2514 0.0 0
-6.2414 0.0 0
-6.2314 0.0 0
-6.2214 0.0 0
-6.2114 0.0 0
-6.2014 0.0 0
-6.1914 0.0 0
-6.1814 0.0 0
-6.1714 0.0 0
-6.1614 0.0 0
-6.1514 0.0 0
-6.1414 0.0 0
-6.1314 0.0 0
-6.1214 0.0 0
-6.1114 0.0 0
-6.1014 0.0 0
-6.0914 0.0 0
-6.0814 0.0 0
-6.0714 0.0 0
-6.0614 0.0 0
-6.0514 0.0 0
-6.0414 0.0 0
-6.0314 0.0 0
-6.0214 0.0 0
-6.0114 0.0 0
-6.0014 0.0 0
-5.9914 0.0 0
-5.9814 0.0 0
-5.9714 0.0 0
-5.9614 0.0 0
-5.9514 0.0 0
-5.9414 0.0 0
-5.9314 0.0 0
-5.9214 0.0 0
-5.9114 0.0 0
-5.9014 0.0 0
-5.8914 0.0 0
-5.8814 0.0 0
-5.8714 0.0 0
-5.8614 0.0 0
-5.8514 0.0 0
-5.8414 0.0 0
-5.8314 0.0 0
-5.8214 0.0 0
-5.8114 0.0 0
-5.8014 1.99e-11 -1.99e-11
-5.7914 4.18e-11 -4.18e-11
-5.7814 8.68e-11 -8.69e-11
-5.7714 1.78e-10 -1.79e-10
-5.7614 3.63e-10 -3.63e-10
-5.7514 7.3e-10 -7.3e-10
-5.7414 1.45e-09 -1.45e-09
-5.7314 2.86e-09 -2.86e-09
-5.7214 5.57e-09 -5.57e-09
-5.7114 1.07e-08 -1.07e-08
-5.7014 2.04e-08 -2.05e-08
-5.6914 3.85e-08 -3.86e-08
-5.6814 7.19e-08 -7.19e-08
-5.6714 1.33e-07 -1.33e-07
-5.6614 2.42e-07 -2.42e-07
-5.6514 4.37e-07 -4.37e-07
-5.6414 7.8e-07 -7.81e-07
-5.6314 1.38e-06 -1.38e-06
-5.6214 2.41e-06 -2.41e-06
-5.6114 4.17e-06 -4.17e-06
-5.6014 7.13e-06 -7.13e-06
-5.5914 1.21e-05 -1.21e-05
-5.5814 2.02e-05 -2.02e-05
-5.5714 3.34e-05 -3.34e-05
-5.5614 5.48e-05 -5.48e-05
-5.5514 8.87e-05 -8.88e-05
-5.5414 0.000142 -0.000142
-5.5314 0.000226 -0.000226
-5.5214 0.000354 -0.000354
-5.5114 0.000549 -0.00055
-5.5014 0.000844 -0.000844
-5.4914 0.00128 -0.00128
-5.4814 0.00193 -0.00193
-5.4714 0.00286 -0.00286
-5.4614 0.00421 -0.00421
-5.4514 0.00612 -0.00612
-5.4414 0.00881 -0.00881
-5.4314 0.0125 -0.0125
-5.4214 0.0177 -0.0177
-5.4114 0.0246 -0.0246
-5.4014 0.0339 -0.0339
-5.3914 0.0462 -0.0462
-5.3814 0.0623 -0.0623
-5.3714 0.0831 -0.0832
-5.3614 0.11 -0.11
-5.3514 0.143 -0.143
-5.3414 0.185 -0.185
-5.3314 0.236 -0.237
-5.3214 0.299 -0.299
-5.3114 0.374 -0.374
-5.3014 0.462 -0.462
-5.2914 0.566 -0.566
-5.2814 0.685 -0.685
-5.2714 0.82 -0.82
-5.2614 0.971 -0.972
-5.2514 1.14 -1.14
-5.2414 1.32 -1.32
-5.2314 1.51 -1.51
-5.2214 1.72 -1.72
-5.2114 1.93 -1.93
-5.2014 2.14 -2.14
-5.1914 2.35 -2.35
-5.1814 2.55 -2.55
-5.1714 2.75 -2.75
-5.1614 2.92 -2.92
-5.1514 3.07 -3.07
-5.1414 3.2 -3.2
-5.1314 3.29 -3.29
-5.1214 3.35 -3.35
-5.1114 3.38 -3.38
-5.1014 3.36 -3.36
-5.0914 3.32 -3.32
-5.0814 3.23 -3.23
-5.0714 3.12 -3.12
-5.0614 2.98 -2.98
-5.0514 2.81 -2.81
-5.0414 2.63 -2.63
-5.0314 2.43 -2.43
-5.0214 2.22 -2.22
-5.0114 2.01 -2.01
-5.0014 1.79 -1.79
-4.9914 1.59 -1.59
-4.9814 1.39 -1.39
-4.9714 1.2 -1.2
-4.9614 1.03 -1.03
-4.9514 0.874 -0.874
-4.9414 0.733 -0.733
-4.9314 0.608 -0.608
-4.9214 0.499 -0.499
-4.9114 0.405 -0.405
-4.9014 0.325 -0.325
-4.8914 0.258 -0.258
-4.8814 0.203 -0.203
-4.8714 0.158 -0.158
-4.8614 0.121 -0.121
-4.8514 0.0922 -0.0922
-4.8414 0.0694 -0.0694
-4.8314 0.0517 -0.0517
-4.8214 0.0381 -0.038
-4.8114 0.0277 -0.0277
-4.8014 0.02 -0.02
-4.7914 0.0142 -0.0142
-4.7814 0.01 -0.01
-4.7714 0.00701 -0.00701
-4.7614 0.00484 -0.00484
-4.7514 0.0033 -0.0033
-4.7414 0.00223 -0.00223
-4.7314 0.00149 -0.00149
-4.7214 0.000986 -0.000985
-4.7114 0.000645 -0.000644
-4.7014 0.000417 -0.000417
-4.6914 0.000267 -0.000267
-4.6814 0.000169 -0.000169
-4.6714 0.000106 -0.000106
-4.6614 6.55e-05 -6.55e-05
-4.6514 4.02e-05 -4.01e-05
-4.6414 2.44e-05 -2.43e-05
-4.6314 1.46e-05 -1.46e-05
-4.6214 8.67e-06 -8.66e-06
-4.6114 5.09e-06 -5.08e-06
-4.6014 2.95e-06 -2.95e-06
-4.5914 1.7e-06 -1.7e-06
-4.5814 9.64e-07 -9.64e-07
-4.5714 5.42e-07 -5.42e-07
-4.5614 3.01e-07 -3.01e-07
-4.5514 1.66e-07 -1.66e-07
-4.5414 9.02e-08 -9.02e-08
-4.5314 4.86e-08 -4.85e-08
-4.5214 2.59e-08 -2.59e-08
-4.5114 1.36e-08 -1.36e-08
-4.5014 7.1e-09 -7.1e-09
-4.4914 3.66e-09 -3.66e-09
-4.4814 1.87e-09 -1.87e-09
-4.4714 9.42e-10 -9.42e-10
-4.4614 4.7e-10 -4.7e-10
-4.4514 2.32e-10 -2.32e-10
-4.4414 1.13e-10 -1.13e-10
-4.4314 5.48e-11 -5.48e-11
-4.4214 2.62e-11 -2.62e-11
-4.4114 0.0 0
-4.4014 0.0 0
-4.3914 0.0 0
-4.3814 0.0 0
-4.3714 0.0 0
-4.3614 0.0 0
-4.3514 0.0 0
-4.3414 0.0 0
-4.3314 0.0 0
-4.3214 0.0 0
-4.3114 0.0 0
-4.3014 0.0 0
-4.2914 0.0 0
-4.2814 0.0 0
-4.2714 0.0 0
-4.2614 0.0 0
-4.2514 0.0 0
-4.2414 0.0 0
-4.2314 0.0 0
-4.2214 0.0 0
-4.2114 0.0 0
-4.2014 0.0 0
-4.1914 0.0 0
-4.1814 0.0 0
-4.1714 0.0 0
-4.1614 0.0 0
-4.1514 0.0 0
-4.1414 0.0 0
-4.1314 0.0 0
-4.1214 0.0 0
-4.1114 0.0 0
-4.1014 0.0 0
-4.0914 0.0 0
-4.0814 0.0 0
-4.0714 0.0 0
-4.0614 0.0 0
-4.0514 0.0 0
-4.0414 0.0 0
-4.0314 0.0 0
-4.0214 0.0 0
-4.0114 0.0 0
-4.0014 0.0 0
-3.9914 0.0 0
-3.9814 0.0 0
-3.9714 0.0 0
-3.9614 0.0 0
-3.9514 0.0 0
-3.9414 0.0 0
-3.9314 0.0 0
-3.9214 0.0 0
-3.9114 0.0 0
-3.9014 0.0 0
-3.8914 0.0 0
-3.8814 0.0 0
-3.8714 0.0 0
-3.8614 0.0 0
-3.8514 0.0 0
-3.8414 0.0 0
-3.8314 0.0 0
-3.8214 0.0 0
-3.8114 0.0 0
-3.8014 0.0 0
-3.7914 0.0 0
-3.7814 0.0 0
-3.7714 0.0 0
-3.7614 0.0 0
-3.7514 0.0 0
-3.7414 0.0 0
-3.7314 0.0 0
-3.7214 0.0 0
-3.7114 0.0 0
-3.7014 0.0 0
-3.6914 0.0 0
-3.6814 3.33e-11 -3.31e-11
-3.6714 6.96e-11 -6.91e-11
-3.6614 1.44e-10 -1.43e-10
-3.6514 2.95e-10 -2.93e-10
-3.6414 5.96e-10 -5.92e-10
-3.6314 1.19e-09 -1.19e-09
-3.6214 2.36e-09 -2.35e-09
-3.6114 4.63e-09 -4.6e-09
-3.6014 8.98e-09 -8.92e-09
-3.5914 1.72e-08 -1.71e-08
-3.5814 3.27e-08 -3.25e-08
-3.5714 6.13e-08 -6.09e-08
-3.5614 1.14e-07 -1.13e-07
-3.5514 2.09e-07 -2.08e-07
-3.5414 3.8e-07 -3.77e-07
-3.5314 6.82e-07 -6.78e-07
-3.5214 1.21e-06 -1.21e-06
-3.5114 2.13e-06 -2.12e-06
-3.5014 3.71e-06 -3.69e-06
-3.4914 6.39e-06 -6.35e-06
-3.4814 1.09e-05 -1.08e-05
-3.4714 1.83e-05 -1.82e-05
-3.4614 3.05e-05 -3.04e-05
-3.4514 5.03e-05 -5e-05
-3.4414 8.2e-05 -8.16e-05
-3.4314 0.000132 -0.000132
-3.4214 0.000211 -0.00021
-3.4114 0.000333 -0.000332
-3.4014 0.00052 -0.000518
-3.3914 0.000804 -0.000801
-3.3814 0.00123 -0.00122
-3.3714 0.00186 -0.00185
-3.3614 0.00278 -0.00277
-3.3514 0.00411 -0.00409
-3.3414 0.00602 -0.00599
-3.3314 0.00871 -0.00868
-3.3214 0.0125 -0.0124
-3.3114 0.0177 -0.0176
-3.3014 0.0248 -0.0247
-3.2914 0.0344 -0.0342
-3.2814 0.0471 -0.047
-3.2714 0.064 -0.0638
-3.2614 0.0859 -0.0856
-3.2514 0.114 -0.114
-3.2414 0.15 -0.149
-3.2314 0.195 -0.194
-3.2214 0.25 -0.25
-3.2114 0.318 -0.318
-3.2014 0.4 -0.4
-3.1914 0.498 -0.497
-3.1814 0.614 -0.612
-3.1714 0.747 -0.746
-3.1614 0.901 -0.899
-3.1514 1.07 -1.07
-3.1414 1.27 -1.26
-3.1314 1.48 -1.47
-3.1214 1.7 -1.7
-3.1114 1.95 -1.94
-3.1014 2.2 -2.19
-3.0914 2.45 -2.45
-3.0814 2.71 -2.71
-3.0714 2.97 -2.96
-3.0614 3.21 -3.2
-3.0514 3.43 -3.43
-3.0414 3.63 -3.63
-3.0314 3.8 -3.8
-3.0214 3.94 -3.94
-3.0114 4.04 -4.04
-3.0014 4.09 -4.09
-2.9914 4.1 -4.1
-2.9814 4.07 -4.07
-2.9714 3.99 -3.99
-2.9614 3.88 -3.88
-2.9514 3.72 -3.73
-2.9414 3.54 -3.54
-2.9314 3.32 -3.33
-2.9214 3.09 -3.09
-2.9114 2.84 -2.85
-2.9014 2.59 -2.59
-2.8914 2.33 -2.33
-2.8814 2.07 -2.08
-2.8714 1.83 -1.83
-2.8614 1.59 -1.59
-2.8514 1.37 -1.37
-2.8414 1.17 -1.17
-2.8314 0.987 -0.988
-2.8214 0.823 -0.825
-2.8114 0.68 -0.681
-2.8014 0.555 -0.556
-2.7914 0.448 -0.449
-2.7814 0.358 -0.359
-2.7714 0.283 -0.284
-2.7614 0.222 -0.222
-2.7514 0.171 -0.172
-2.7414 0.131 -0.132
-2.7314 0.0994 -0.0997
-2.7214 0.0744 -0.0747
-2.7114 0.0552 -0.0553
-2.7014 0.0404 -0.0406
-2.6914 0.0293 -0.0294
-2.6814 0.021 -0.0211
-2.6714 0.0149 -0.015
-2.6614 0.0105 -0.0105
-2.6514 0.00728 -0.0073
-2.6414 0.005 -0.00502
-2.6314 0.0034 -0.00341
-2.6214 0.00228 -0.00229
-2.6114 0.00152 -0.00153
-2.6014 0.001 -0.001
-2.5914 0.000651 -0.000654
-2.5814 0.000419 -0.000421
-2.5714 0.000267 -0.000268
-2.5614 0.000168 -0.000169
-2.5514 0.000105 -0.000105
-2.5414 6.47e-05 -6.5e-05
-2.5314 3.94e-05 -3.96e-05
-2.5214 2.38e-05 -2.39e-05
-2.5114 1.42e-05 -1.43e-05
-2.5014 8.39e-06 -8.44e-06
-2.4914 4.9e-06 -4.93e-06
-2.4814 2.83e-06 -2.85e-06
-2.4714 1.62e-06 -1.63e-06
-2.4614 9.17e-07 -9.22e-07
-2.4514 5.13e-07 -5.16e-07
-2.4414 2.84e-07 -2.86e-07
-2.4314 1.55e-07 -1.56e-07
-2.4214 8.42e-08 -8.47e-08
-2.4114 4.51e-08 -4.54e-08
-2.4014 2.39e-08 -2.41e-08
-2.3914 1.25e-08 -1.26e-08
-2.3814 6.51e-09 -6.55e-09
-2.3714 3.34e-09 -3.36e-09
-2.3614 1.7e-09 -1.71e-09
-2.3514 8.51e-10 -8.57e-10
-2.3414 4.23e-10 -4.26e-10
-2.3314 2.08e-10 -2.09e-10
-2.3214 1.01e-10 -1.02e-10
-2.3114 4.86e-11 -4.9e-11
-2.3014 2.31e-11 -2.33e-11
-2.2914 0.0 0
-2.2814 0.0 0
-2.2714 0.0 0
-2.2614 0.0 0
-2.2514 0.0 0
-2.2414 0.0 0
-2.2314 0.0 0
-2.2214 0.0 0
-2.2114 0.0 0
-2.2014 0.0 0
-2.1914 0.0 0
-2.1814 0.0 0
-2.1714 0.0 0
-2.1614 0.0 0
-2.1514 0.0 0
-2.1414 0.0 0
-2.1314 0.0 0
-2.1214 0.0 0
-2.1114 0.0 0
-2.1014 0.0 0
-2.0914 0.0 0
-2.0814 0.0 0
-2.0714 0.0 0
-2.0614 0.0 0
-2.0514 0.0 0
-2.0414 0.0 0
-2.0314 0.0 0
-2.0214 0.0 0
-2.0114 0.0 0
-2.0014 0.0 0
-1.9914 0.0 0
-1.9814 0.0 0
-1.9714 0.0 0
-1.9614 0.0 0
-1.9514 0.0 0
-1.9414 0.0 0
-1.9314 0.0 0
-1.9214 0.0 0
-1.9114 0.0 0
-1.9014 0.0 0
-1.8914 0.0 0
-1.8814 0.0 0
-1.8714 0.0 0
-1.8614 0.0 0
-1.8514 0.0 0
-1.8414 0.0 0
-1.8314 0.0 0
-1.8214 0.0 0
-1.8114 0.0 0
-1.8014 0.0 0
-1.7914 0.0 0
-1.7814 0.0 0
-1.7714 0.0 0
-1.7614 0.0 0
-1.7514 0.0 0
-1.7414 0.0 0
-1.7314 0.0 0
-1.7214 0.0 0
-1.7114 0.0 0
-1.7014 0.0 0
-1.6914 0.0 0
-1.6814 0.0 0
-1.6714 0.0 0
-1.6614 0.0 0
-1.6514 0.0 0
-1.6414 0.0 0
-1.6314 0.0 0
-1.6214 0.0 0
-1.6114 0.0 0
-1.6014 0.0 0
-1.5914 0.0 0
-1.5814 0.0 0
-1.5714 0.0 0
-1.5614 0.0 0
-1.5514 0.0 0
-1.5414 0.0 0
-1.5314 0.0 0
-1.5214 0.0 0
-1.5114 0.0 0
-1.5014 0.0 0
-1.4914 0.0 0
-1.4814 0.0 0
-1.4714 0.0 0
-1.4614 0.0 0
-1.4514 0.0 0
-1.4414 0.0 0
-1.4314 0.0 0
-1.4214 0.0 0
-1.4114 0.0 0
-1.4014 0.0 0
-1.3914 0.0 0
-1.3814 0.0 0
-1.3714 0.0 0
-1.3614 0.0 0
-1.3514 0.0 0
-1.3414 0.0 0
-1.3314 0.0 0
-1.3214 0.0 0
-1.3114 0.0 0
-1.3014 0.0 0
-1.2914 0.0 0
-1.2814 0.0 0
-1.2714 0.0 0
-1.2614 0.0 0
-1.2514 0.0 0
-1.2414 0.0 0
-1.2314 0.0 0
-1.2214 0.0 0
-1.2114 0.0 0
-1.2014 0.0 0
-1.1914 0.0 0
-1.1814 0.0 0
-1.1714 0.0 0
-1.1614 0.0 0
-1.1514 0.0 0
-1.1414 0.0 0
-1.1314 0.0 0
-1.1214 0.0 0
-1.1114 0.0 0
-1.1014 0.0 0
-1.0914 0.0 0
-1.0814 0.0 0
-1.0714 0.0 0
-1.0614 0.0 0
-1.0514 0.0 0
-1.0414 0.0 0
-1.0314 0.0 0
-1.0214 0.0 0
-1.0114 0.0 0
-1.0014 0.0 0
-0.9914 0.0 0
-0.9814 0.0 0
-0.9714 0.0 0
-0.9614 0.0 0
-0.9514 0.0 0
-0.9414 0.0 0
-0.9314 0.0 0
-0.9214 0.0 0
-0.9114 0.0 0
-0.9014 0.0 0
-0.8914 0.0 0
-0.8814 0.0 0
-0.8714 0.0 0
-0.8614 0.0 0
-0.8514 0.0 0
-0.8414 0.0 0
-0.8314 0.0 0
-0.8214 0.0 0
-0.8114 0.0 0
-0.8014 0.0 0
-0.7914 0.0 0
-0.7814 0.0 0
-0.7714 0.0 0
-0.7614 0.0 0
-0.7514 0.0 0
-0.7414 0.0 0
-0.7314 0.0 0
-0.7214 0.0 0
-0.7114 0.0 0
-0.7014 0.0 0
-0.6914 0.0 0
-0.6814 0.0 0
-0.6714 0.0 0
-0.6614 0.0 0
-0.6514 0.0 0
-0.6414 0.0 0
-0.6314 0.0 0
-0.6214 0.0 0
-0.6114 0.0 0
-0.6014 0.0 0
-0.5914 0.0 0
-0.5814 0.0 0
-0.5714 0.0 0
-0.5614 0.0 0
-0.5514 0.0 0
-0.5414 0.0 0
-0.5314 0.0 0
-0.5214 0.0 0
-0.5114 0.0 0
-0.5014 0.0 0
-0.4914 0.0 0
-0.4814 0.0 0
-0.4714 0.0 0
-0.4614 0.0 0
-0.4514 0.0 0
-0.4414 0.0 0
-0.4314 0.0 0
-0.4214 0.0 0
-0.4114 0.0 0
-0.4014 0.0 0
-0.3914 0.0 0
-0.3814 0.0 0
-0.3714 0.0 0
-0.3614 0.0 0
-0.3514 0.0 0
-0.3414 0.0 0
-0.3314 0.0 0
-0.3214 0.0 0
-0.3114 0.0 0
-0.3014 0.0 0
-0.2914 0.0 0
-0.2814 0.0 0
-0.2714 0.0 0
-0.2614 0.0 0
-0.2514 0.0 0
-0.2414 0.0 0
-0.2314 0.0 0
-0.2214 0.0 0
-0.2114 0.0 0
-0.2014 0.0 0
-0.1914 0.0 0
-0.1814 0.0 0
-0.1714 0.0 0
-0.1614 0.0 0
-0.1514 0.0 0
-0.1414 0.0 0
-0.1314 0.0 0
-0.1214 0.0 0
-0.1114 0.0 0
-0.1014 0.0 0
-0.0914 0.0 0
-0.0814 0.0 0
-0.0714 0.0 0
-0.0614 0.0 0
-0.0514 0.0 0
-0.0414 0.0 0
-0.0314 0.0 0
-0.0214 0.0 0
-0.0114 0.0 0
-0.0014 0.0 0
0.0086 0.0 0
0.0186 0.0 0
0.0286 0.0 0
0.0386 0.0 0
0.0486 0.0 0
0.0586 0.0 0
0.0686 0.0 0
0.0786 0.0 0
0.0886 0.0 0
0.0986 0.0 0
0.1086 0.0 0
0.1186 0.0 0
0.1286 0.0 0
0.1386 0.0 0
0.1486 0.0 0
0.1586 0.0 0
0.1686 0.0 0
0.1786 0.0 0
0.1886 0.0 0
0.1986 0.0 0
0.2086 0.0 0
0.2186 0.0 0
0.2286 0.0 0
0.2386 0.0 0
0.2486 0.0 0
0.2586 0.0 0
0.2686 0.0 0
0.2786 0.0 0
0.2886 0.0 0
0.2986 0.0 0
0.3086 0.0 0
0.3186 0.0 0
0.3286 0.0 0
0.3386 0.0 0
0.3486 0.0 0
0.3586 0.0 0
0.3686 0.0 0
0.3786 0.0 0
0.3886 0.0 0
0.3986 0.0 0
0.4086 0.0 0
0.4186 0.0 0
0.4286 0.0 0
0.4386 0.0 0
0.4486 0.0 0
0.4586 0.0 0
0.4686 0.0 0
0.4786 0.0 0
0.4886 0.0 0
0.4986 0.0 0
0.5086 0.0 0
0.5186 0.0 0
0.5286 0.0 0
0.5386 0.0 0
0.5486 0.0 0
0.5586 0.0 0
0.5686 0.0 0
0.5786 0.0 0
0.5886 0.0 0
0.5986 0.0 0
0.6086 0.0 0
0.6186 0.0 0
0.6286 0.0 0
0.6386 0.0 0
0.6486 0.0 0
0.6586 0.0 0
0.6686 0.0 0
0.6786 0.0 0
0.6886 0.0 0
0.6986 0.0 0
0.7086 0.0 0
0.7186 0.0 0
0.7286 0.0 0
0.7386 0.0 0
0.7486 0.0 0
0.7586 0.0 0
0.7686 0.0 0
0.7786 0.0 0
0.7886 0.0 0
0.7986 0.0 0
0.8086 0.0 0
0.8186 0.0 0
0.8286 0.0 0
0.8386 0.0 0
0.8486 0.0 0
0.8586 0.0 0
0.8686 0.0 0
0.8786 0.0 0
0.8886 0.0 0
0.8986 0.0 0
0.9086 0.0 0
0.9186 0.0 0
0.9286 0.0 0
0.9386 0.0 0
0.9486 0.0 0
0.9586 0.0 0
0.9686 0.0 0
0.9786 0.0 0
0.9886 0.0 0
0.9986 0.0 0
1.0086 0.0 0
1.0186 0.0 0
1.0286 0.0 0
1.0386 0.0 0
1.0486 0.0 0
1.0586 0.0 0
1.0686 0.0 0
1.0786 0.0 0
1.0886 0.0 0
1.0986 0.0 0
1.1086 0.0 0
1.1186 0.0 0
1.1286 0.0 0
1.1386 0.0 0
1.1486 0.0 0
1.1586 0.0 0
1.1686 0.0 0
1.1786 0.0 0
1.1886 0.0 0
1.1986 0.0 0
1.2086 0.0 0
1.2186 0.0 0
1.2286 0.0 0
1.2386 0.0 0
1.2486 0.0 0
1.2586 0.0 0
1.2686 0.0 0
1.2786 0.0 0
1.2886 0.0 0
1.2986 0.0 0
1.3086 0.0 0
1.3186 0.0 0
1.3286 0.0 0
1.3386 0.0 0
1.3486 0.0 0
1.3586 0.0 0
1.3686 0.0 0
1.3786 0.0 0
1.3886 0.0 0
1.3986 0.0 0
1.4086 0.0 0
1.4186 0.0 0
1.4286 0.0 0
1.4386 0.0 0
1.4486 0.0 0
1.4586 0.0 0
1.4686 0.0 0
1.4786 0.0 0
1.4886 0.0 0
1.4986 0.0 0
1.5086 0.0 0
1.5186 0.0 0
1.5286 0.0 0
1.5386 0.0 0
1.5486 0.0 0
1.5586 0.0 0
1.5686 0.0 0
1.5786 0.0 0
1.5886 0.0 0
1.5986 0.0 0
1.6086 0.0 0
1.6186 0.0 0
1.6286 0.0 0
1.6386 0.0 0
1.6486 0.0 0
1.6586 0.0 0
1.6686 0.0 0
1.6786 0.0 0
1.6886 0.0 0
1.6986 0.0 0
1.7086 0.0 0
1.7186 0.0 0
1.7286 0.0 0
1.7386 0.0 0
1.7486 0.0 0
1.7586 0.0 0
1.7686 0.0 0
1.7786 0.0 0
1.7886 0.0 0
1.7986 0.0 0
1.8086 0.0 0
1.8186 0.0 0
1.8286 0.0 0
1.8386 0.0 0
1.8486 0.0 0
1.8586 0.0 0
1.8686 0.0 0
1.8786 1.53e-12 -1.54e-12
1.8886 3.21e-12 -3.22e-12
1.8986 6.63e-12 -6.67e-12
1.9086 1.36e-11 -1.36e-11
1.9186 2.75e-11 -2.76e-11
1.9286 5.5e-11 -5.53e-11
1.9386 1.09e-10 -1.1e-10
1.9486 2.14e-10 -2.15e-10
1.9586 4.14e-10 -4.16e-10
1.9686 7.95e-10 -7.98e-10
1.9786 1.51e-09 -1.51e-09
1.9886 2.83e-09 -2.84e-09
1.9986 5.26e-09 -5.28e-09
2.0086 9.65e-09 -9.69e-09
2.0186 1.75e-08 -1.76e-08
2.0286 3.15e-08 -3.17e-08
2.0386 5.61e-08 -5.63e-08
2.0486 9.86e-08 -9.9e-08
2.0586 1.72e-07 -1.72e-07
2.0686 2.96e-07 -2.97e-07
2.0786 5.03e-07 -5.05e-07
2.0886 8.48e-07 -8.51e-07
2.0986 1.41e-06 -1.42e-06
2.1086 2.33e-06 -2.34e-06
2.1186 3.8e-06 -3.81e-06
2.1286 6.13e-06 -6.15e-06
2.1386 9.79e-06 -9.82e-06
2.1486 1.55e-05 -1.55e-05
2.1586 2.41e-05 -2.42e-05
2.1686 3.73e-05 -3.74e-05
2.1786 5.7e-05 -5.72e-05
2.1886 8.62e-05 -8.64e-05
2.1986 0.000129 -0.000129
2.2086 0.000191 -0.000191
2.2186 0.000279 -0.00028
2.2286 0.000405 -0.000406
2.2386 0.00058 -0.000581
2.2486 0.000822 -0.000824
2.2586 0.00115 -0.00115
2.2686 0.0016 -0.0016
2.2786 0.00219 -0.0022
2.2886 0.00298 -0.00298
2.2986 0.004 -0.004
2.3086 0.00531 -0.00532
2.3186 0.00698 -0.00699
2.3286 0.00907 -0.00908
2.3386 0.0117 -0.0117
2.3486 0.0148 -0.0149
2.3586 0.0187 -0.0187
2.3686 0.0232 -0.0233
2.3786 0.0286 -0.0287
2.3886 0.0349 -0.0349
2.3986 0.042 -0.0421
2.4086 0.0501 -0.0502
2.4186 0.0591 -0.0592
2.4286 0.069 -0.069
2.4386 0.0796 -0.0797
2.4486 0.0909 -0.091
2.4586 0.103 -0.103
2.4686 0.115 -0.115
2.4786 0.127 -0.127
2.4886 0.139 -0.139
2.4986 0.15 -0.15
2.5086 0.161 -0.161
2.5186 0.17 -0.17
2.5286 0.178 -0.178
2.5386 0.184 -0.185
2.5486 0.189 -0.189
2.5586 0.192 -0.192
2.5686 0.192 -0.192
2.5786 0.191 -0.191
2.5886 0.187 -0.187
2.5986 0.182 -0.182
2.6086 0.175 -0.175
2.6186 0.166 -0.166
2.6286 0.156 -0.156
2.6386 0.145 -0.145
2.6486 0.134 -0.133
2.6586 0.122 -0.121
2.6686 0.109 -0.109
2.6786 0.0974 -0.0974
2.6886 0.0858 -0.0858
2.6986 0.0748 -0.0748
2.7086 0.0645 -0.0644
2.7186 0.055 -0.055
2.7286 0.0464 -0.0464
2.7386 0.0388 -0.0387
2.7486 0.032 -0.032
2.7586 0.0261 -0.0261
2.7686 0.0211 -0.0211
2.7786 0.0169 -0.0169
2.7886 0.0134 -0.0133
2.7986 0.0104 -0.0104
2.8086 0.00809 -0.00807
2.8186 0.00619 -0.00618
2.8286 0.00469 -0.00468
2.8386 0.00351 -0.00351
2.8486 0.0026 -0.0026
2.8586 0.00191 -0.00191
2.8686 0.00138 -0.00138
2.8786 0.000994 -0.000992
2.8886 0.000705 -0.000704
2.8986 0.000495 -0.000494
2.9086 0.000344 -0.000343
2.9186 0.000236 -0.000236
2.9286 0.000161 -0.00016
2.9386 0.000108 -0.000108
2.9486 7.19e-05 -7.17e-05
2.9586 4.73e-05 -4.72e-05
2.9686 3.08e-05 -3.07e-05
2.9786 1.98e-05 -1.98e-05
2.9886 1.26e-05 -1.26e-05
2.9986 7.97e-06 -7.95e-06
3.0086 4.97e-06 -4.95e-06
3.0186 3.07e-06 -3.06e-06
3.0286 1.87e-06 -1.86e-06
3.0386 1.13e-06 -1.13e-06
3.0486 6.74e-07 -6.72e-07
3.0586 3.98e-07 -3.97e-07
3.0686 2.33e-07 -2.32e-07
3.0786 1.35e-07 -1.34e-07
3.0886 7.7e-08 -7.67e-08
3.0986 4.35e-08 -4.34e-08
3.1086 2.44e-08 -2.43e-08
3.1186 1.35e-08 -1.34e-08
3.1286 7.39e-09 -7.36e-09
3.1386 4e-09 -3.99e-09
3.1486 2.15e-09 -2.14e-09
3.1586 1.14e-09 -1.13e-09
3.1686 5.97e-10 -5.94e-10
3.1786 3.1e-10 -3.08e-10
3.1886 1.59e-10 -1.58e-10
3.1986 8.07e-11 -8.04e-11
3.2086 4.06e-11 -4.04e-11
3.2186 2.02e-11 -2.01e-11
3.2286 9.91e-12 -9.86e-12
3.2386 4.82e-12 -4.8e-12
3.2486 2.32e-12 -2.31e-12
3.2586 1.1e-12 -1.1e-12
3.2686 0.0 0
3.2786 0.0 0
3.2886 0.0 0
3.2986 0.0 0
3.3086 0.0 0
3.3186 0.0 0
3.3286 0.0 0
3.3386 0.0 0
3.3486 0.0 0
3.3586 0.0 0
3.3686 0.0 0
3.3786 0.0 0
3.3886 0.0 0
3.3986 0.0 0
3.4086 0.0 0
3.4186 0.0 0
3.4286 0.0 0
3.4386 0.0 0
3.4486 0.0 0
3.4586 0.0 0
3.4686 0.0 0
3.4786 0.0 0
3.4886 0.0 0
3.4986 0.0 0
3.5086 0.0 0
3.5186 0.0 0
3.5286 0.0 0
3.5386 0.0 0
3.5486 0.0 0
3.5586 0.0 0
3.5686 0.0 0
3.5786 0.0 0
3.5886 0.0 0
3.5986 0.0 0
3.6086 0.0 0
3.6186 0.0 0
3.6286 0.0 0
3.6386 0.0 0
3.6486 0.0 0
3.6586 0.0 0
3.6686 0.0 0
3.6786 0.0 0
3.6886 0.0 0
3.6986 0.0 0
3.7086 0.0 0
3.7186 0.0 0
3.7286 0.0 0
3.7386 0.0 0
3.7486 0.0 0
3.7586 0.0 0
3.7686 0.0 0
3.7786 0.0 0
3.7886 0.0 0
3.7986 0.0 0
3.8086 0.0 0
3.8186 0.0 0
3.8286 0.0 0
3.8386 0.0 0
3.8486 0.0 0
3.8586 0.0 0
3.8686 0.0 0
3.8786 0.0 0
3.8886 0.0 0
3.8986 0.0 0
3.9086 0.0 0
3.9186 0.0 0
3.9286 0.0 0
3.9386 0.0 0
3.9486 0.0 0
3.9586 0.0 0
3.9686 0.0 0
3.9786 0.0 0
3.9886 0.0 0
3.9986 0.0 0
4.0086 0.0 0
4.0186 0.0 0
4.0286 0.0 0
4.0386 0.0 0
4.0486 0.0 0
4.0586 0.0 0
4.0686 0.0 0
4.0786 0.0 0
4.0886 0.0 0
4.0986 0.0 0
4.1086 0.0 0
4.1186 0.0 0
4.1286 0.0 0
4.1386 0.0 0
4.1486 0.0 0
4.1586 0.0 0
4.1686 0.0 0
4.1786 0.0 0
4.1886 0.0 0
4.1986 0.0 0
4.2086 0.0 0
4.2186 0.0 0
4.2286 0.0 0
4.2386 0.0 0
4.2486 0.0 0
4.2586 0.0 0
4.2686 0.0 0
4.2786 0.0 0
4.2886 0.0 0
4.2986 0.0 0
4.3086 0.0 0
4.3186 0.0 0
4.3286 0.0 0
4.3386 0.0 0
4.3486 0.0 0
4.3586 0.0 0
4.3686 0.0 0
4.3786 0.0 0
4.3886 0.0 0
4.3986 0.0 0
4.4086 0.0 0
4.4186 0.0 0
4.4286 0.0 0
4.4386 0.0 0
4.4486 0.0 0
4.4586 0.0 0
4.4686 0.0 0
4.4786 0.0 0
4.4886 0.0 0
4.4986 0.0 0
4.5086 0.0 0
4.5186 0.0 0
4.5286 0.0 0
4.5386 0.0 0
4.5486 0.0 0
4.5586 0.0 0
4.5686 0.0 0
4.5786 0.0 0
4.5886 0.0 0
4.5986 0.0 0
4.6086 0.0 0
4.6186 0.0 0
4.6286 0.0 0
4.6386 0.0 0
4.6486 0.0 0
4.6586 0.0 0
4.6686 0.0 0
4.6786 0.0 0
4.6886 0.0 0
4.6986 0.0 0
4.7086 0.0 0
4.7186 0.0 0
4.7286 0.0 0
4.7386 0.0 0
4.7486 0.0 0
4.7586 0.0 0
4.7686 0.0 0
4.7786 0.0 0
4.7886 0.0 0
4.7986 0.0 0
4.8086 0.0 0
4.8186 0.0 0
4.8286 0.0 0
4.8386 0.0 0
4.8486 0.0 0
4.8586 0.0 0
4.8686 0.0 0
4.8786 0.0 0
4.8886 0.0 0
4.8986 0.0 0
4.9086 0.0 0
4.9186 0.0 0
4.9286 0.0 0
4.9386 0.0 0
4.9486 0.0 0
4.9586 0.0 0
4.9686 0.0 0
4.9786 0.0 0
4.9886 0.0 0
4.9986 0.0 0
5.0086 0.0 0
5.0186 0.0 0
5.0286 0.0 0
5.0386 0.0 0
5.0486 0.0 0
5.0586 0.0 0
5.0686 0.0 0
5.0786 0.0 0
5.0886 0.0 0
5.0986 0.0 0
5.1086 0.0 0
5.1186 0.0 0
5.1286 0.0 0
5.1386 0.0 0
5.1486 0.0 0
5.1586 0.0 0
5.1686 0.0 0
5.1786 0.0 0
5.1886 0.0 0
5.1986 0.0 0
5.2086 6.6e-13 -6.64e-13
5.2186 1.39e-12 -1.4e-12
5.2286 2.89e-12 -2.91e-12
5.2386 5.96e-12 -5.99e-12
5.2486 1.21e-11 -1.22e-11
5.2586 2.45e-11 -2.46e-11
5.2686 4.88e-11 -4.91e-11
5.2786 9.63e-11 -9.68e-11
5.2886 1.88e-10 -1.89e-10
5.2986 3.65e-10 -3.67e-10
5.3086 6.98e-10 -7.01e-10
5.3186 1.32e-09 -1.33e-09
5.3286 2.47e-09 -2.48e-09
5.3386 4.57e-09 -4.59e-09
5.3486 8.36e-09 -8.4e-09
5.3586 1.52e-08 -1.52e-08
5.3686 2.72e-08 -2.73e-08
5.3786 4.81e-08 -4.83e-08
5.3886 8.44e-08 -8.48e-08
5.3986 1.47e-07 -1.47e-07
5.4086 2.52e-07 -2.53e-07
5.4186 4.28e-07 -4.29e-07
5.4286 7.19e-07 -7.21e-07
5.4386 1.2e-06 -1.2e-06
5.4486 1.97e-06 -1.97e-06
5.4586 3.2e-06 -3.21e-06
5.4686 5.16e-06 -5.18e-06
5.4786 8.23e-06 -8.25e-06
5.4886 1.3e-05 -1.3e-05
5.4986 2.03e-05 -2.03e-05
5.5086 3.13e-05 -3.14e-05
5.5186 4.79e-05 -4.8e-05
5.5286 7.24e-05 -7.26e-05
5.5386 0.000108 -0.000109
5.5486 0.000161 -0.000161
5.5586 0.000236 -0.000236
5.5686 0.000342 -0.000343
5.5786 0.000492 -0.000493
5.5886 0.000701 -0.000702
5.5986 0.000987 -0.000989
5.6086 0.00138 -0.00138
5.6186 0.0019 -0.0019
5.6286 0.0026 -0.0026
5.6386 0.00352 -0.00353
5.6486 0.00472 -0.00473
5.6586 0.00627 -0.00628
5.6686 0.00825 -0.00826
5.6786 0.0108 -0.0108
5.6886 0.0139 -0.0139
5.6986 0.0178 -0.0178
5.7086 0.0225 -0.0225
5.7186 0.0283 -0.0283
5.7286 0.0352 -0.0352
5.7386 0.0434 -0.0434
5.7486 0.053 -0.0531
5.7586 0.0643 -0.0643
5.7686 0.0772 -0.0772
5.7786 0.092 -0.092
5.7886 0.109 -0.109
5.7986 0.127 -0.127
5.8086 0.148 -0.148
5.8186 0.17 -0.17
5.8286 0.194 -0.194
5.8386 0.219 -0.219
5.8486 0.246 -0.246
5.8586 0.274 -0.274
5.8686 0.302 -0.302
5.8786 0.331 -0.33
5.8886 0.359 -0.358
5.8986 0.385 -0.385
5.9086 0.411 -0.41
5.9186 0.434 -0.433
5.9286 0.455 -0.454
5.9386 0.472 -0.471
5.9486 0.485 -0.484
5.9586 0.495 -0.494
5.9686 0.5 -0.499
5.9786 0.5 -0.499
5.9886 0.496 -0.495
5.9986 0.487 -0.486
6.0086 0.474 -0.473
6.0186 0.456 -0.455
6.0286 0.435 -0.434
6.0386 0.411 -0.41
6.0486 0.385 -0.384
6.0586 0.357 -0.356
6.0686 0.327 -0.326
6.0786 0.297 -0.296
6.0886 0.267 -0.266
6.0986 0.238 -0.237
6.1086 0.209 -0.209
6.1186 0.183 -0.182
6.1286 0.158 -0.157
6.1386 0.135 -0.134
6.1486 0.114 -0.114
6.1586 0.0956 -0.0953
6.1686 0.0793 -0.0791
6.1786 0.0652 -0.065
6.1886 0.0531 -0.0529
6.1986 0.0429 -0.0428
6.2086 0.0344 -0.0343
6.2186 0.0275 -0.0274
6.2286 0.0219 -0.0218
6.2386 0.0174 -0.0174
6.2486 0.0139 -0.0139
6.2586 0.0112 -0.0112
6.2686 0.00921 -0.00919
6.2786 0.00772 -0.0077
6.2886 0.00664 -0.00663
6.2986 0.00588 -0.00587
6.3086 0.00536 -0.00535
6.3186 0.00501 -0.00501
6.3286 0.00478 -0.00478
6.3386 0.00463 -0.00463
6.3486 0.00452 -0.00452
6.3586 0.00443 -0.00443
6.3686 0.00434 -0.00434
6.3786 0.00424 -0.00424
6.3886 0.00412 -0.00412
6.3986 0.00399 -0.00399
6.4086 0.00384 -0.00384
6.4186 0.00367 -0.00367
6.4286 0.0035 -0.0035
6.4386 0.00333 -0.00333
6.4486 0.00317 -0.00316
6.4586 0.00302 -0.00302
6.4686 0.00291 -0.00291
6.4786 0.00284 -0.00284
6.4886 0.00281 -0.00281
6.4986 0.00284 -0.00284
6.5086 0.00294 -0.00294
6.5186 0.00311 -0.00311
6.5286 0.00335 -0.00335
6.5386 0.00367 -0.00367
6.5486 0.00406 -0.00407
6.5586 0.00454 -0.00454
6.5686 0.00508 -0.00509
6.5786 0.00568 -0.00569
6.5886 0.00634 -0.00635
6.5986 0.00704 -0.00705
6.6086 0.00776 -0.00777
6.6186 0.00849 -0.0085
6.6286 0.00921 -0.00922
6.6386 0.00991 -0.00992
6.6486 0.0106 -0.0106
6.6586 0.0111 -0.0112
6.6686 0.0117 -0.0117
6.6786 0.0121 -0.0121
6.6886 0.0124 -0.0124
6.6986 0.0126 -0.0126
6.7086 0.0127 -0.0127
6.7186 0.0127 -0.0127
6.7286 0.0125 -0.0125
6.7386 0.0123 -0.0123
6.7486 0.012 -0.012
6.7586 0.0116 -0.0116
6.7686 0.0111 -0.0111
6.7786 0.0105 -0.0105
6.7886 0.00993 -0.00995
6.7986 0.00931 -0.00933
6.8086 0.00868 -0.0087
6.8186 0.00804 -0.00806
6.8286 0.0074 -0.00742
6.8386 0.00677 -0.00679
6.8486 0.00617 -0.00619
6.8586 0.00559 -0.00561
6.8686 0.00504 -0.00505
6.8786 0.00451 -0.00453
6.8886 0.00403 -0.00404
6.8986 0.00357 -0.00359
6.9086 0.00315 -0.00317
6.9186 0.00277 -0.00278
6.9286 0.00241 -0.00243
6.9386 0.00209 -0.00211
6.9486 0.0018 -0.00181
6.9586 0.00154 -0.00155
6.9686 0.00131 -0.00132
6.9786 0.00111 -0.00111
6.9886 0.000925 -0.000931
6.9986 0.000768 -0.000773
7.0086 0.000632 -0.000636
7.0186 0.000516 -0.000519
7.0286 0.000417 -0.00042
7.0386 0.000334 -0.000337
7.0486 0.000266 -0.000267
7.0586 0.000209 -0.00021
7.0686 0.000163 -0.000164
7.0786 0.000126 -0.000126
7.0886 9.59e-05 -9.65e-05
7.0986 7.25e-05 -7.3e-05
7.1086 5.43e-05 -5.46e-05
7.1186 4.02e-05 -4.05e-05
7.1286 2.95e-05 -2.97e-05
7.1386 2.14e-05 -2.15e-05
7.1486 1.54e-05 -1.55e-05
7.1586 1.09e-05 -1.1e-05
7.1686 7.68e-06 -7.73e-06
7.1786 5.35e-06 -5.38e-06
7.1886 3.68e-06 -3.7e-06
7.1986 2.51e-06 -2.52e-06
7.2086 1.69e-06 -1.7e-06
7.2186 1.13e-06 -1.13e-06
7.2286 7.44e-07 -7.48e-07
7.2386 4.86e-07 -4.88e-07
7.2486 3.14e-07 -3.15e-07
