-21.4614 0.000564 -0.000564
-21.4514 0.000862 -0.000862
-21.4414 0.0013 -0.0013
-21.4314 0.00195 -0.00195
-21.4214 0.00289 -0.00289
-21.4114 0.00423 -0.00423
-21.4014 0.00613 -0.00613
-21.3914 0.00879 -0.00879
-21.3814 0.0125 -0.0125
-21.3714 0.0175 -0.0175
-21.3614 0.0243 -0.0243
-21.3514 0.0333 -0.0333
-21.3414 0.0452 -0.0452
-21.3314 0.0607 -0.0607
-21.3214 0.0807 -0.0807
-21.3114 0.106 -0.106
-21.3014 0.138 -0.138
-21.2914 0.178 -0.178
-21.2814 0.226 -0.226
-21.2714 0.284 -0.284
-21.2614 0.354 -0.354
-21.2514 0.437 -0.436
-21.2414 0.532 -0.532
-21.2314 0.642 -0.641
-21.2214 0.765 -0.765
-21.2114 0.903 -0.903
-21.2014 1.05 -1.05
-21.1914 1.22 -1.22
-21.1814 1.39 -1.39
-21.1714 1.57 -1.57
-21.1614 1.76 -1.76
-21.1514 1.94 -1.94
-21.1414 2.13 -2.12
-21.1314 2.3 -2.3
-21.1214 2.46 -2.46
-21.1114 2.61 -2.61
-21.1014 2.73 -2.73
-21.0914 2.83 -2.83
-21.0814 2.9 -2.9
-21.0714 2.95 -2.95
-21.0614 2.96 -2.96
-21.0514 2.93 -2.93
-21.0414 2.88 -2.88
-21.0314 2.8 -2.8
-21.0214 2.69 -2.69
-21.0114 2.56 -2.56
-21.0014 2.4 -2.4
-20.9914 2.24 -2.24
-20.9814 2.06 -2.06
-20.9714 1.87 -1.87
-20.9614 1.69 -1.69
-20.9514 1.5 -1.5
-20.9414 1.33 -1.33
-20.9314 1.16 -1.16
-20.9214 0.997 -0.997
-20.9114 0.851 -0.851
-20.9014 0.718 -0.718
-20.8914 0.6 -0.6
-20.8814 0.496 -0.496
-20.8714 0.405 -0.405
-20.8614 0.327 -0.327
-20.8514 0.262 -0.262
-20.8414 0.207 -0.207
-20.8314 0.162 -0.162
-20.8214 0.126 -0.126
-20.8114 0.0961 -0.0962
-20.8014 0.0728 -0.0729
-20.7914 0.0546 -0.0546
-20.7814 0.0405 -0.0405
-20.7714 0.0297 -0.0297
-20.7614 0.0215 -0.0216
-20.7514 0.0155 -0.0155
-20.7414 0.011 -0.011
-20.7314 0.00772 -0.00772
-20.7214 0.00536 -0.00536
-20.7114 0.00369 -0.00369
-20.7014 0.00251 -0.00251
-20.6914 0.00169 -0.00169
-20.6814 0.00112 -0.00112
-20.6714 0.000739 -0.00074
-20.6614 0.000481 -0.000482
-20.6514 0.00031 -0.00031
-20.6414 0.000198 -0.000198
-20.6314 0.000125 -0.000125
-20.6214 7.78e-05 -7.78e-05
-20.6114 4.8e-05 -4.8e-05
-20.6014 2.93e-05 -2.93e-05
-20.5914 1.77e-05 -1.77e-05
-20.5814 1.06e-05 -1.06e-05
-20.5714 6.25e-06 -6.25e-06
-20.5614 3.65e-06 -3.65e-06
-20.5514 2.11e-06 -2.11e-06
-20.5414 1.21e-06 -1.21e-06
-20.5314 6.84e-07 -6.84e-07
-20.5214 3.83e-07 -3.83e-07
-20.5114 2.12e-07 -2.12e-07
-20.5014 1.16e-07 -1.16e-07
-20.4914 6.3e-08 -6.3e-08
-20.4814 3.38e-08 -3.38e-08
-20.4714 1.79e-08 -1.79e-08
-20.4614 9.4e-09 -9.41e-09
-20.4514 4.88e-09 -4.88e-09
-20.4414 2.51e-09 -2.51e-09
-20.4314 1.27e-09 -1.27e-09
-20.4214 6.4e-10 -6.4e-10
-20.4114 3.18e-10 -3.18e-10
-20.4014 1.56e-10 -1.57e-10
-20.3914 7.61e-11 -7.62e-11
-20.3814 3.66e-11 -3.67e-11
-20.3714 1.74e-11 -1.75e-11
-20.3614 0.0 0
-20.3514 0.0 0
-20.3414 0.0 0
-20.3314 0.0 0
-20.3214 0.0 0
-20.3114 0.0 0
-20.3014 0.0 0
-20.2914 0.0 0
-20.2814 0.0 0
-20.2714 0.0 0
-20.2614 0.0 0
-20.2514 0.0 0
-20.2414 0.0 0
-20.2314 0.0 0
-20.2214 0.0 0
-20.2114 0.0 0
-20.2014 0.0 0
-20.1914 0.0 0
-20.1814 0.0 0
-20.1714 0.0 0
-20.1614 0.0 0
-20.1514 0.0 0
-20.1414 0.0 0
-20.1314 0.0 0
-20.1214 0.0 0
-20.1114 0.0 0
-20.1014 0.0 0
-20.0914 0.0 0
-20.0814 0.0 0
-20.0714 0.0 0
-20.0614 0.0 0
-20.0514 0.0 0
-20.0414 0.0 0
-20.0314 0.0 0
-20.0214 0.0 0
-20.0114 0.0 0
-20.0014 0.0 0
-19.9914 0.0 0
-19.9814 0.0 0
-19.9714 0.0 0
-19.9614 0.0 0
-19.9514 0.0 0
-19.9414 0.0 0
-19.9314 0.0 0
-19.9214 0.0 0
-19.9114 0.0 0
-19.9014 0.0 0
-19.8914 0.0 0
-19.8814 0.0 0
-19.8714 0.0 0
-19.8614 0.0 0
-19.8514 0.0 0
-19.8414 0.0 0
-19.8314 0.0 0
-19.8214 0.0 0
-19.8114 0.0 0
-19.8014 0.0 0
-19.7914 0.0 0
-19.7814 0.0 0
-19.7714 0.0 0
-19.7614 0.0 0
-19.7514 0.0 0
-19.7414 0.0 0
-19.7314 0.0 0
-19.7214 0.0 0
-19.7114 0.0 0
-19.7014 0.0 0
-19.6914 0.0 0
-19.6814 0.0 0
-19.6714 0.0 0
-19.6614 0.0 0
-19.6514 0.0 0
-19.6414 0.0 0
-19.6314 0.0 0
-19.6214 0.0 0
-19.6114 0.0 0
-19.6014 0.0 0
-19.5914 0.0 0
-19.5814 0.0 0
-19.5714 0.0 0
-19.5614 0.0 0
-19.5514 0.0 0
-19.5414 0.0 0
-19.5314 0.0 0
-19.5214 0.0 0
-19.5114 0.0 0
-19.5014 0.0 0
-19.4914 0.0 0
-19.4814 0.0 0
-19.4714 0.0 0
-19.4614 0.0 0
-19.4514 0.0 0
-19.4414 0.0 0
-19.4314 0.0 0
-19.4214 0.0 0
-19.4114 0.0 0
-19.4014 0.0 0
-19.3914 0.0 0
-19.3814 0.0 0
-19.3714 0.0 0
-19.3614 0.0 0
-19.3514 0.0 0
-19.3414 0.0 0
-19.3314 0.0 0
-19.3214 0.0 0
-19.3114 0.0 0
-19.3014 0.0 0
-19.2914 0.0 0
-19.2814 0.0 0
-19.2714 0.0 0
-19.2614 0.0 0
-19.2514 0.0 0
-19.2414 0.0 0
-19.2314 0.0 0
-19.2214 0.0 0
-19.2114 0.0 0
-19.2014 0.0 0
-19.1914 0.0 0
-19.1814 0.0 0
-19.1714 0.0 0
-19.1614 0.0 0
-19.1514 0.0 0
-19.1414 0.0 0
-19.1314 0.0 0
-19.1214 0.0 0
-19.1114 0.0 0
-19.1014 0.0 0
-19.0914 0.0 0
-19.0814 0.0 0
-19.0714 0.0 0
-19.0614 0.0 0
-19.0514 0.0 0
-19.0414 0.0 0
-19.0314 0.0 0
-19.0214 0.0 0
-19.0114 0.0 0
-19.0014 0.0 0
-18.9914 0.0 0
-18.9814 0.0 0
-18.9714 0.0 0
-18.9614 0.0 0
-18.9514 0.0 0
-18.9414 0.0 0
-18.9314 0.0 0
-18.9214 0.0 0
-18.9114 0.0 0
-18.9014 0.0 0
-18.8914 0.0 0
-18.8814 0.0 0
-18.8714 0.0 0
-18.8614 0.0 0
-18.8514 0.0 0
-18.8414 0.0 0
-18.8314 0.0 0
-18.8214 0.0 0
-18.8114 0.0 0
-18.8014 0.0 0
-18.7914 0.0 0
-18.7814 0.0 0
-18.7714 0.0 0
-18.7614 0.0 0
-18.7514 0.0 0
-18.7414 0.0 0
-18.7314 0.0 0
-18.7214 0.0 0
-18.7114 0.0 0
-18.7014 0.0 0
-18.6914 0.0 0
-18.6814 0.0 0
-18.6714 0.0 0
-18.6614 0.0 0
-18.6514 0.0 0
-18.6414 0.0 0
-18.6314 0.0 0
-18.6214 0.0 0
-18.6114 0.0 0
-18.6014 0.0 0
-18.5914 0.0 0
-18.5814 0.0 0
-18.5714 0.0 0
-18.5614 0.0 0
-18.5514 0.0 0
-18.5414 0.0 0
-18.5314 0.0 0
-18.5214 0.0 0
-18.5114 0.0 0
-18.5014 0.0 0
-18.4914 0.0 0
-18.4814 0.0 0
-18.4714 0.0 0
-18.4614 0.0 0
-18.4514 0.0 0
-18.4414 0.0 0
-18.4314 0.0 0
-18.4214 0.0 0
-18.4114 0.0 0
-18.4014 0.0 0
-18.3914 0.0 0
-18.3814 0.0 0
-18.3714 0.0 0
-18.3614 0.0 0
-18.3514 0.0 0
-18.3414 0.0 0
-18.3314 0.0 0
-18.3214 0.0 0
-18.3114 0.0 0
-18.3014 0.0 0
-18.2914 0.0 0
-18.2814 0.0 0
-18.2714 0.0 0
-18.2614 0.0 0
-18.2514 0.0 0
-18.2414 0.0 0
-18.2314 0.0 0
-18.2214 0.0 0
-18.2114 0.0 0
-18.2014 0.0 0
-18.1914 0.0 0
-18.1814 0.0 0
-18.1714 0.0 0
-18.1614 0.0 0
-18.1514 0.0 0
-18.1414 0.0 0
-18.1314 0.0 0
-18.1214 0.0 0
-18.1114 0.0 0
-18.1014 0.0 0
-18.0914 0.0 0
-18.0814 0.0 0
-18.0714 0.0 0
-18.0614 0.0 0
-18.0514 0.0 0
-18.0414 0.0 0
-18.0314 0.0 0
-18.0214 0.0 0
-18.0114 0.0 0
-18.0014 0.0 0
-17.9914 0.0 0
-17.9814 0.0 0
-17.9714 0.0 0
-17.9614 0.0 0
-17.9514 0.0 0
-17.9414 0.0 0
-17.9314 0.0 0
-17.9214 0.0 0
-17.9114 0.0 0
-17.9014 0.0 0
-17.8914 0.0 0
-17.8814 0.0 0
-17.8714 0.0 0
-17.8614 0.0 0
-17.8514 0.0 0
-17.8414 0.0 0
-17.8314 0.0 0
-17.8214 0.0 0
-17.8114 0.0 0
-17.8014 0.0 0
-17.7914 0.0 0
-17.7814 0.0 0
-17.7714 0.0 0
-17.7614 0.0 0
-17.7514 0.0 0
-17.7414 0.0 0
-17.7314 0.0 0
-17.7214 0.0 0
-17.7114 0.0 0
-17.7014 0.0 0
-17.6914 0.0 0
-17.6814 0.0 0
-17.6714 0.0 0
-17.6614 0.0 0
-17.6514 0.0 0
-17.6414 0.0 0
-17.6314 0.0 0
-17.6214 0.0 0
-17.6114 0.0 0
-17.6014 0.0 0
-17.5914 0.0 0
-17.5814 0.0 0
-17.5714 0.0 0
-17.5614 0.0 0
-17.5514 0.0 0
-17.5414 0.0 0
-17.5314 0.0 0
-17.5214 0.0 0
-17.5114 0.0 0
-17.5014 0.0 0
-17.4914 0.0 0
-17.4814 0.0 0
-17.4714 0.0 0
-17.4614 0.0 0
-17.4514 0.0 0
-17.4414 0.0 0
-17.4314 0.0 0
-17.4214 0.0 0
-17.4114 0.0 0
-17.4014 0.0 0
-17.3914 0.0 0
-17.3814 0.0 0
-17.3714 0.0 0
-17.3614 0.0 0
-17.3514 0.0 0
-17.3414 0.0 0
-17.3314 0.0 0
-17.3214 0.0 0
-17.3114 0.0 0
-17.3014 0.0 0
-17.2914 0.0 0
-17.2814 0.0 0
-17.2714 0.0 0
-17.2614 0.0 0
-17.2514 0.0 0
-17.2414 0.0 0
-17.2314 0.0 0
-17.2214 0.0 0
-17.2114 0.0 0
-17.2014 0.0 0
-17.1914 0.0 0
-17.1814 0.0 0
-17.1714 0.0 0
-17.1614 0.0 0
-17.1514 0.0 0
-17.1414 0.0 0
-17.1314 0.0 0
-17.1214 0.0 0
-17.1114 0.0 0
-17.1014 0.0 0
-17.0914 0.0 0
-17.0814 0.0 0
-17.0714 0.0 0
-17.0614 0.0 0
-17.0514 0.0 0
-17.0414 0.0 0
-17.0314 0.0 0
-17.0214 0.0 0
-17.0114 0.0 0
-17.0014 0.0 0
-16.9914 0.0 0
-16.9814 0.0 0
-16.9714 0.0 0
-16.9614 0.0 0
-16.9514 0.0 0
-16.9414 0.0 0
-16.9314 0.0 0
-16.9214 0.0 0
-16.9114 0.0 0
-16.9014 0.0 0
-16.8914 0.0 0
-16.8814 0.0 0
-16.8714 0.0 0
-16.8614 0.0 0
-16.8514 0.0 0
-16.8414 0.0 0
-16.8314 0.0 0
-16.8214 0.0 0
-16.8114 0.0 0
-16.8014 0.0 0
-16.7914 0.0 0
-16.7814 0.0 0
-16.7714 0.0 0
-16.7614 0.0 0
-16.7514 0.0 0
-16.7414 0.0 0
-16.7314 0.0 0
-16.7214 0.0 0
-16.7114 0.0 0
-16.7014 0.0 0
-16.6914 0.0 0
-16.6814 0.0 0
-16.6714 0.0 0
-16.6614 0.0 0
-16.6514 0.0 0
-16.6414 0.0 0
-16.6314 0.0 0
-16.6214 0.0 0
-16.6114 0.0 0
-16.6014 0.0 0
-16.5914 0.0 0
-16.5814 0.0 0
-16.5714 0.0 0
-16.5614 0.0 0
-16.5514 0.0 0
-16.5414 0.0 0
-16.5314 0.0 0
-16.5214 0.0 0
-16.5114 0.0 0
-16.5014 0.0 0
-16.4914 0.0 0
-16.4814 0.0 0
-16.4714 0.0 0
-16.4614 0.0 0
-16.4514 0.0 0
-16.4414 0.0 0
-16.4314 0.0 0
-16.4214 0.0 0
-16.4114 0.0 0
-16.4014 0.0 0
-16.3914 0.0 0
-16.3814 0.0 0
-16.3714 0.0 0
-16.3614 0.0 0
-16.3514 0.0 0
-16.3414 0.0 0
-16.3314 0.0 0
-16.3214 0.0 0
-16.3114 0.0 0
-16.3014 0.0 0
-16.2914 0.0 0
-16.2814 0.0 0
-16.2714 0.0 0
-16.2614 0.0 0
-16.2514 0.0 0
-16.2414 0.0 0
-16.2314 0.0 0
-16.2214 0.0 0
-16.2114 0.0 0
-16.2014 0.0 0
-16.1914 0.0 0
-16.1814 0.0 0
-16.1714 0.0 0
-16.1614 0.0 0
-16.1514 0.0 0
-16.1414 0.0 0
-16.1314 0.0 0
-16.1214 0.0 0
-16.1114 0.0 0
-16.1014 0.0 0
-16.0914 0.0 0
-16.0814 0.0 0
-16.0714 0.0 0
-16.0614 0.0 0
-16.0514 0.0 0
-16.0414 0.0 0
-16.0314 0.0 0
-16.0214 0.0 0
-16.0114 0.0 0
-16.0014 0.0 0
-15.9914 0.0 0
-15.9814 0.0 0
-15.9714 0.0 0
-15.9614 0.0 0
-15.9514 0.0 0
-15.9414 0.0 0
-15.9314 0.0 0
-15.9214 0.0 0
-15.9114 0.0 0
-15.9014 0.0 0
-15.8914 0.0 0
-15.8814 0.0 0
-15.8714 0.0 0
-15.8614 0.0 0
-15.8514 0.0 0
-15.8414 0.0 0
-15.8314 0.0 0
-15.8214 0.0 0
-15.8114 0.0 0
-15.8014 0.0 0
-15.7914 0.0 0
-15.7814 0.0 0
-15.7714 0.0 0
-15.7614 0.0 0
-15.7514 0.0 0
-15.7414 0.0 0
-15.7314 0.0 0
-15.7214 0.0 0
-15.7114 0.0 0
-15.7014 0.0 0
-15.6914 0.0 0
-15.6814 0.0 0
-15.6714 0.0 0
-15.6614 0.0 0
-15.6514 0.0 0
-15.6414 0.0 0
-15.6314 0.0 0
-15.6214 0.0 0
-15.6114 0.0 0
-15.6014 0.0 0
-15.5914 0.0 0
-15.5814 0.0 0
-15.5714 0.0 0
-15.5614 0.0 0
-15.5514 0.0 0
-15.5414 0.0 0
-15.5314 0.0 0
-15.5214 0.0 0
-15.5114 0.0 0
-15.5014 0.0 0
-15.4914 0.0 0
-15.4814 0.0 0
-15.4714 0.0 0
-15.4614 0.0 0
-15.4514 0.0 0
-15.4414 0.0 0
-15.4314 0.0 0
-15.4214 0.0 0
-15.4114 0.0 0
-15.4014 0.0 0
-15.3914 0.0 0
-15.3814 0.0 0
-15.3714 0.0 0
-15.3614 0.0 0
-15.3514 0.0 0
-15.3414 0.0 0
-15.3314 0.0 0
-15.3214 0.0 0
-15.3114 0.0 0
-15.3014 0.0 0
-15.2914 0.0 0
-15.2814 0.0 0
-15.2714 0.0 0
-15.2614 0.0 0
-15.2514 0.0 0
-15.2414 0.0 0
-15.2314 0.0 0
-15.2214 0.0 0
-15.2114 0.0 0
-15.2014 0.0 0
-15.1914 0.0 0
-15.1814 0.0 0
-15.1714 0.0 0
-15.1614 0.0 0
-15.1514 0.0 0
-15.1414 0.0 0
-15.1314 0.0 0
-15.1214 0.0 0
-15.1114 0.0 0
-15.1014 0.0 0
-15.0914 0.0 0
-15.0814 0.0 0
-15.0714 0.0 0
-15.0614 0.0 0
-15.0514 0.0 0
-15.0414 0.0 0
-15.0314 0.0 0
-15.0214 0.0 0
-15.0114 0.0 0
-15.0014 0.0 0
-14.9914 0.0 0
-14.9814 0.0 0
-14.9714 0.0 0
-14.9614 0.0 0
-14.9514 0.0 0
-14.9414 0.0 0
-14.9314 0.0 0
-14.9214 0.0 0
-14.9114 0.0 0
-14.9014 0.0 0
-14.8914 0.0 0
-14.8814 0.0 0
-14.8714 0.0 0
-14.8614 0.0 0
-14.8514 0.0 0
-14.8414 0.0 0
-14.8314 0.0 0
-14.8214 0.0 0
-14.8114 0.0 0
-14.8014 0.0 0
-14.7914 0.0 0
-14.7814 0.0 0
-14.7714 0.0 0
-14.7614 0.0 0
-14.7514 0.0 0
-14.7414 0.0 0
-14.7314 0.0 0
-14.7214 0.0 0
-14.7114 0.0 0
-14.7014 0.0 0
-14.6914 0.0 0
-14.6814 0.0 0
-14.6714 0.0 0
-14.6614 0.0 0
-14.6514 0.0 0
-14.6414 0.0 0
-14.6314 0.0 0
-14.6214 0.0 0
-14.6114 0.0 0
-14.6014 0.0 0
-14.5914 0.0 0
-14.5814 0.0 0
-14.5714 0.0 0
-14.5614 0.0 0
-14.5514 0.0 0
-14.5414 0.0 0
-14.5314 0.0 0
-14.5214 0.0 0
-14.5114 0.0 0
-14.5014 0.0 0
-14.4914 0.0 0
-14.4814 0.0 0
-14.4714 0.0 0
-14.4614 0.0 0
-14.4514 0.0 0
-14.4414 0.0 0
-14.4314 0.0 0
-14.4214 0.0 0
-14.4114 0.0 0
-14.4014 0.0 0
-14.3914 0.0 0
-14.3814 0.0 0
-14.3714 0.0 0
-14.3614 0.0 0
-14.3514 0.0 0
-14.3414 0.0 0
-14.3314 0.0 0
-14.3214 0.0 0
-14.3114 0.0 0
-14.3014 0.0 0
-14.2914 0.0 0
-14.2814 0.0 0
-14.2714 0.0 0
-14.2614 0.0 0
-14.2514 0.0 0
-14.2414 0.0 0
-14.2314 0.0 0
-14.2214 0.0 0
-14.2114 0.0 0
-14.2014 0.0 0
-14.1914 0.0 0
-14.1814 0.0 0
-14.1714 0.0 0
-14.1614 0.0 0
-14.1514 0.0 0
-14.1414 0.0 0
-14.1314 0.0 0
-14.1214 0.0 0
-14.1114 0.0 0
-14.1014 0.0 0
-14.0914 0.0 0
-14.0814 0.0 0
-14.0714 0.0 0
-14.0614 0.0 0
-14.0514 0.0 0
-14.0414 0.0 0
-14.0314 0.0 0
-14.0214 0.0 0
-14.0114 0.0 0
-14.0014 0.0 0
-13.9914 0.0 0
-13.9814 0.0 0
-13.9714 0.0 0
-13.9614 0.0 0
-13.9514 0.0 0
-13.9414 0.0 0
-13.9314 0.0 0
-13.9214 0.0 0
-13.9114 0.0 0
-13.9014 0.0 0
-13.8914 0.0 0
-13.8814 0.0 0
-13.8714 0.0 0
-13.8614 0.0 0
-13.8514 0.0 0
-13.8414 0.0 0
-13.8314 0.0 0
-13.8214 0.0 0
-13.8114 0.0 0
-13.8014 0.0 0
-13.7914 0.0 0
-13.7814 0.0 0
-13.7714 0.0 0
-13.7614 0.0 0
-13.7514 0.0 0
-13.7414 0.0 0
-13.7314 0.0 0
-13.7214 0.0 0
-13.7114 0.0 0
-13.7014 0.0 0
-13.6914 0.0 0
-13.6814 0.0 0
-13.6714 0.0 0
-13.6614 0.0 0
-13.6514 0.0 0
-13.6414 0.0 0
-13.6314 0.0 0
-13.6214 0.0 0
-13.6114 0.0 0
-13.6014 0.0 0
-13.5914 0.0 0
-13.5814 0.0 0
-13.5714 0.0 0
-13.5614 0.0 0
-13.5514 0.0 0
-13.5414 0.0 0
-13.5314 0.0 0
-13.5214 0.0 0
-13.5114 0.0 0
-13.5014 0.0 0
-13.4914 0.0 0
-13.4814 0.0 0
-13.4714 0.0 0
-13.4614 0.0 0
-13.4514 0.0 0
-13.4414 0.0 0
-13.4314 0.0 0
-13.4214 0.0 0
-13.4114 0.0 0
-13.4014 0.0 0
-13.3914 0.0 0
-13.3814 0.0 0
-13.3714 0.0 0
-13.3614 0.0 0
-13.3514 0.0 0
-13.3414 0.0 0
-13.3314 0.0 0
-13.3214 0.0 0
-13.3114 0.0 0
-13.3014 0.0 0
-13.2914 0.0 0
-13.2814 0.0 0
-13.2714 0.0 0
-13.2614 0.0 0
-13.2514 0.0 0
-13.2414 0.0 0
-13.2314 0.0 0
-13.2214 0.0 0
-13.2114 0.0 0
-13.2014 0.0 0
-13.1914 0.0 0
-13.1814 0.0 0
-13.1714 0.0 0
-13.1614 0.0 0
-13.1514 0.0 0
-13.1414 0.0 0
-13.1314 0.0 0
-13.1214 0.0 0
-13.1114 0.0 0
-13.1014 0.0 0
-13.0914 0.0 0
-13.0814 0.0 0
-13.0714 0.0 0
-13.0614 0.0 0
-13.0514 0.0 0
-13.0414 0.0 0
-13.0314 0.0 0
-13.0214 0.0 0
-13.0114 0.0 0
-13.0014 0.0 0
-12.9914 0.0 0
-12.9814 0.0 0
-12.9714 0.0 0
-12.9614 0.0 0
-12.9514 0.0 0
-12.9414 0.0 0
-12.9314 0.0 0
-12.9214 0.0 0
-12.9114 0.0 0
-12.9014 0.0 0
-12.8914 0.0 0
-12.8814 0.0 0
-12.8714 0.0 0
-12.8614 0.0 0
-12.8514 0.0 0
-12.8414 0.0 0
-12.8314 0.0 0
-12.8214 0.0 0
-12.8114 0.0 0
-12.8014 0.0 0
-12.7914 0.0 0
-12.7814 0.0 0
-12.7714 0.0 0
-12.7614 0.0 0
-12.7514 0.0 0
-12.7414 0.0 0
-12.7314 0.0 0
-12.7214 0.0 0
-12.7114 0.0 0
-12.7014 0.0 0
-12.6914 0.0 0
-12.6814 0.0 0
-12.6714 0.0 0
-12.6614 0.0 0
-12.6514 0.0 0
-12.6414 0.0 0
-12.6314 0.0 0
-12.6214 0.0 0
-12.6114 0.0 0
-12.6014 0.0 0
-12.5914 0.0 0
-12.5814 0.0 0
-12.5714 0.0 0
-12.5614 0.0 0
-12.5514 0.0 0
-12.5414 0.0 0
-12.5314 0.0 0
-12.5214 0.0 0
-12.5114 0.0 0
-12.5014 0.0 0
-12.4914 0.0 0
-12.4814 0.0 0
-12.4714 0.0 0
-12.4614 0.0 0
-12.4514 0.0 0
-12.4414 0.0 0
-12.4314 0.0 0
-12.4214 0.0 0
-12.4114 0.0 0
-12.4014 0.0 0
-12.3914 0.0 0
-12.3814 0.0 0
-12.3714 0.0 0
-12.3614 0.0 0
-12.3514 0.0 0
-12.3414 0.0 0
-12.3314 0.0 0
-12.3214 0.0 0
-12.3114 0.0 0
-12.3014 0.0 0
-12.2914 0.0 0
-12.2814 0.0 0
-12.2714 0.0 0
-12.2614 0.0 0
-12.2514 0.0 0
-12.2414 0.0 0
-12.2314 0.0 0
-12.2214 0.0 0
-12.2114 0.0 0
-12.2014 0.0 0
-12.1914 0.0 0
-12.1814 0.0 0
-12.1714 0.0 0
-12.1614 0.0 0
-12.1514 0.0 0
-12.1414 0.0 0
-12.1314 0.0 0
-12.1214 0.0 0
-12.1114 0.0 0
-12.1014 0.0 0
-12.0914 0.0 0
-12.0814 0.0 0
-12.0714 0.0 0
-12.0614 0.0 0
-12.0514 0.0 0
-12.0414 0.0 0
-12.0314 0.0 0
-12.0214 0.0 0
-12.0114 0.0 0
-12.0014 0.0 0
-11.9914 0.0 0
-11.9814 0.0 0
-11.9714 0.0 0
-11.9614 0.0 0
-11.9514 0.0 0
-11.9414 0.0 0
-11.9314 0.0 0
-11.9214 0.0 0
-11.9114 0.0 0
-11.9014 0.0 0
-11.8914 0.0 0
-11.8814 0.0 0
-11.8714 0.0 0
-11.8614 0.0 0
-11.8514 0.0 0
-11.8414 0.0 0
-11.8314 0.0 0
-11.8214 0.0 0
-11.8114 0.0 0
-11.8014 0.0 0
-11.7914 0.0 0
-11.7814 0.0 0
-11.7714 0.0 0
-11.7614 0.0 0
-11.7514 0.0 0
-11.7414 0.0 0
-11.7314 0.0 0
-11.7214 0.0 0
-11.7114 0.0 0
-11.7014 0.0 0
-11.6914 0.0 0
-11.6814 0.0 0
-11.6714 0.0 0
-11.6614 0.0 0
-11.6514 0.0 0
-11.6414 0.0 0
-11.6314 0.0 0
-11.6214 0.0 0
-11.6114 0.0 0
-11.6014 0.0 0
-11.5914 0.0 0
-11.5814 0.0 0
-11.5714 0.0 0
-11.5614 0.0 0
-11.5514 0.0 0
-11.5414 0.0 0
-11.5314 0.0 0
-11.5214 0.0 0
-11.5114 0.0 0
-11.5014 0.0 0
-11.4914 0.0 0
-11.4814 0.0 0
-11.4714 0.0 0
-11.4614 0.0 0
-11.4514 0.0 0
-11.4414 0.0 0
-11.4314 0.0 0
-11.4214 0.0 0
-11.4114 0.0 0
-11.4014 0.0 0
-11.3914 0.0 0
-11.3814 0.0 0
-11.3714 0.0 0
-11.3614 0.0 0
-11.3514 0.0 0
-11.3414 0.0 0
-11.3314 0.0 0
-11.3214 0.0 0
-11.3114 0.0 0
-11.3014 0.0 0
-11.2914 0.0 0
-11.2814 0.0 0
-11.2714 0.0 0
-11.2614 0.0 0
-11.2514 0.0 0
-11.2414 0.0 0
-11.2314 0.0 0
-11.2214 0.0 0
-11.2114 0.0 0
-11.2014 0.0 0
-11.1914 0.0 0
-11.1814 0.0 0
-11.1714 0.0 0
-11.1614 0.0 0
-11.1514 0.0 0
-11.1414 0.0 0
-11.1314 0.0 0
-11.1214 0.0 0
-11.1114 0.0 0
-11.1014 0.0 0
-11.0914 0.0 0
-11.0814 0.0 0
-11.0714 0.0 0
-11.0614 0.0 0
-11.0514 0.0 0
-11.0414 0.0 0
-11.0314 0.0 0
-11.0214 0.0 0
-11.0114 0.0 0
-11.0014 0.0 0
-10.9914 0.0 0
-10.9814 0.0 0
-10.9714 0.0 0
-10.9614 0.0 0
-10.9514 0.0 0
-10.9414 0.0 0
-10.9314 0.0 0
-10.9214 0.0 0
-10.9114 0.0 0
-10.9014 0.0 0
-10.8914 0.0 0
-10.8814 0.0 0
-10.8714 0.0 0
-10.8614 0.0 0
-10.8514 0.0 0
-10.8414 0.0 0
-10.8314 0.0 0
-10.8214 0.0 0
-10.8114 0.0 0
-10.8014 0.0 0
-10.7914 0.0 0
-10.7814 0.0 0
-10.7714 0.0 0
-10.7614 0.0 0
-10.7514 0.0 0
-10.7414 0.0 0
-10.7314 0.0 0
-10.7214 0.0 0
-10.7114 0.0 0
-10.7014 0.0 0
-10.6914 0.0 0
-10.6814 0.0 0
-10.6714 0.0 0
-10.6614 0.0 0
-10.6514 0.0 0
-10.6414 0.0 0
-10.6314 0.0 0
-10.6214 0.0 0
-10.6114 0.0 0
-10.6014 0.0 0
-10.5914 0.0 0
-10.5814 0.0 0
-10.5714 0.0 0
-10.5614 0.0 0
-10.5514 0.0 0
-10.5414 0.0 0
-10.5314 0.0 0
-10.5214 0.0 0
-10.5114 0.0 0
-10.5014 0.0 0
-10.4914 0.0 0
-10.4814 0.0 0
-10.4714 0.0 0
-10.4614 0.0 0
-10.4514 0.0 0
-10.4414 0.0 0
-10.4314 0.0 0
-10.4214 0.0 0
-10.4114 0.0 0
-10.4014 0.0 0
-10.3914 0.0 0
-10.3814 0.0 0
-10.3714 0.0 0
-10.3614 0.0 0
-10.3514 0.0 0
-10.3414 0.0 0
-10.3314 0.0 0
-10.3214 0.0 0
-10.3114 0.0 0
-10.3014 0.0 0
-10.2914 0.0 0
-10.2814 0.0 0
-10.2714 0.0 0
-10.2614 0.0 0
-10.2514 0.0 0
-10.2414 0.0 0
-10.2314 0.0 0
-10.2214 0.0 0
-10.2114 0.0 0
-10.2014 0.0 0
-10.1914 0.0 0
-10.1814 0.0 0
-10.1714 0.0 0
-10.1614 0.0 0
-10.1514 0.0 0
-10.1414 0.0 0
-10.1314 0.0 0
-10.1214 0.0 0
-10.1114 0.0 0
-10.1014 0.0 0
-10.0914 0.0 0
-10.0814 0.0 0
-10.0714 0.0 0
-10.0614 0.0 0
-10.0514 0.0 0
-10.0414 0.0 0
-10.0314 0.0 0
-10.0214 0.0 0
-10.0114 0.0 0
-10.0014 0.0 0
-9.9914 0.0 0
-9.9814 0.0 0
-9.9714 0.0 0
-9.9614 0.0 0
-9.9514 0.0 0
-9.9414 0.0 0
-9.9314 0.0 0
-9.9214 0.0 0
-9.9114 0.0 0
-9.9014 0.0 0
-9.8914 0.0 0
-9.8814 0.0 0
-9.8714 0.0 0
-9.8614 0.0 0
-9.8514 0.0 0
-9.8414 0.0 0
-9.8314 0.0 0
-9.8214 0.0 0
-9.8114 0.0 0
-9.8014 0.0 0
-9.7914 0.0 0
-9.7814 0.0 0
-9.7714 0.0 0
-9.7614 0.0 0
-9.7514 0.0 0
-9.7414 0.0 0
-9.7314 0.0 0
-9.7214 0.0 0
-9.7114 0.0 0
-9.7014 0.0 0
-9.6914 0.0 0
-9.6814 0.0 0
-9.6714 0.0 0
-9.6614 0.0 0
-9.6514 0.0 0
-9.6414 0.0 0
-9.6314 0.0 0
-9.6214 0.0 0
-9.6114 0.0 0
-9.6014 0.0 0
-9.5914 0.0 0
-9.5814 0.0 0
-9.5714 0.0 0
-9.5614 0.0 0
-9.5514 0.0 0
-9.5414 8.67e-30 -3.69e-27
-9.5314 1.83e-29 -7.77e-27
-9.5214 3.81e-29 -1.62e-26
-9.5114 7.85e-29 -3.34e-26
-9.5014 1.6e-28 -6.81e-26
-9.4914 3.23e-28 -1.37e-25
-9.4814 6.45e-28 -2.74e-25
-9.4714 1.27e-27 -5.42e-25
-9.4614 2.49e-27 -1.06e-24
-9.4514 4.81e-27 -2.04e-24
-9.4414 9.19e-27 -3.91e-24
-9.4314 1.74e-26 -7.39e-24
-9.4214 3.25e-26 -1.38e-23
-9.4114 6.02e-26 -2.56e-23
-9.4014 1.1e-25 -4.68e-23
-9.3914 2e-25 -8.48e-23
-9.3814 3.58e-25 -1.52e-22
-9.3714 6.34e-25 -2.69e-22
-9.3614 1.11e-24 -4.72e-22
-9.3514 1.93e-24 -8.19e-22
-9.3414 3.31e-24 -1.41e-21
-9.3314 5.61e-24 -2.39e-21
-9.3214 9.42e-24 -4.01e-21
-9.3114 1.57e-23 -6.66e-21
-9.3014 2.57e-23 -1.09e-20
-9.2914 4.18e-23 -1.78e-20
-9.2814 6.73e-23 -2.86e-20
-9.2714 1.07e-22 -4.55e-20
-9.2614 1.68e-22 -7.16e-20
-9.2514 2.62e-22 -1.11e-19
-9.2414 4.04e-22 -1.72e-19
-9.2314 6.15e-22 -2.62e-19
-9.2214 9.27e-22 -3.94e-19
-9.2114 1.38e-21 -5.88e-19
-9.2014 2.04e-21 -8.67e-19
-9.1914 2.98e-21 -1.26e-18
-9.1814 4.29e-21 -1.83e-18
-9.1714 6.13e-21 -2.61e-18
-9.1614 8.66e-21 -3.68e-18
-9.1514 1.21e-20 -5.15e-18
-9.1414 1.67e-20 -7.11e-18
-9.1314 2.29e-20 -9.73e-18
-9.1214 3.1e-20 -1.32e-17
-9.1114 4.14e-20 -1.76e-17
-9.1014 5.49e-20 -2.33e-17
-9.0914 7.19e-20 -3.05e-17
-9.0814 9.31e-20 -3.96e-17
-9.0714 1.19e-19 -5.07e-17
-9.0614 1.51e-19 -6.43e-17
-9.0514 1.9e-19 -8.07e-17
-9.0414 2.35e-19 -1e-16
-9.0314 2.89e-19 -1.23e-16
-9.0214 3.51e-19 -1.49e-16
-9.0114 4.22e-19 -1.79e-16
-9.0014 5.01e-19 -2.13e-16
-8.9914 5.89e-19 -2.5e-16
-8.9814 6.85e-19 -2.91e-16
-8.9714 7.88e-19 -3.35e-16
-8.9614 8.97e-19 -3.81e-16
-8.9514 1.01e-18 -4.29e-16
-8.9414 1.12e-18 -4.78e-16
-8.9314 1.24e-18 -5.27e-16
-8.9214 1.35e-18 -5.74e-16
-8.9114 1.46e-18 -6.19e-16
-8.9014 1.55e-18 -6.6e-16
-8.8914 1.64e-18 -6.97e-16
-8.8814 1.71e-18 -7.27e-16
-8.8714 1.77e-18 -7.51e-16
-8.8614 1.81e-18 -7.67e-16
-8.8514 1.82e-18 -7.75e-16
-8.8414 1.82e-18 -7.75e-16
-8.8314 1.8e-18 -7.66e-16
-8.8214 1.76e-18 -7.5e-16
-8.8114 1.71e-18 -7.25e-16
-8.8014 1.64e-18 -6.95e-16
-8.7914 1.55e-18 -6.58e-16
-8.7814 1.45e-18 -6.16e-16
-8.7714 1.34e-18 -5.71e-16
-8.7614 1.23e-18 -5.24e-16
-8.7514 1.12e-18 -4.75e-16
-8.7414 1e-18 -4.26e-16
-8.7314 8.91e-19 -3.78e-16
-8.7214 7.82e-19 -3.32e-16
-8.7114 6.8e-19 -2.89e-16
-8.7014 5.84e-19 -2.48e-16
-8.6914 4.97e-19 -2.11e-16
-8.6814 4.18e-19 -1.77e-16
-8.6714 3.47e-19 -1.48e-16
-8.6614 2.86e-19 -1.21e-16
-8.6514 2.33e-19 -9.89e-17
-8.6414 1.88e-19 -7.96e-17
-8.6314 1.49e-19 -6.35e-17
-8.6214 1.18e-19 -5e-17
-8.6114 9.18e-20 -3.9e-17
-8.6014 7.08e-20 -3.01e-17
-8.5914 5.41e-20 -2.3e-17
-8.5814 4.08e-20 -1.73e-17
-8.5714 3.05e-20 -1.29e-17
-8.5614 2.25e-20 -9.56e-18
-8.5514 1.65e-20 -6.99e-18
-8.5414 1.19e-20 -5.05e-18
-8.5314 8.51e-21 -3.61e-18
-8.5214 6.02e-21 -2.56e-18
-8.5114 4.21e-21 -1.79e-18
-8.5014 2.92e-21 -1.24e-18
-8.4914 2e-21 -8.48e-19
-8.4814 1.35e-21 -5.75e-19
-8.4714 9.07e-22 -3.85e-19
-8.4614 6.02e-22 -2.55e-19
-8.4514 3.95e-22 -1.68e-19
-8.4414 2.56e-22 -1.09e-19
-8.4314 1.64e-22 -6.98e-20
-8.4214 1.04e-22 -4.43e-20
-8.4114 6.56e-23 -2.78e-20
-8.4014 4.08e-23 -1.73e-20
-8.3914 2.51e-23 -1.06e-20
-8.3814 1.52e-23 -6.47e-21
-8.3714 9.17e-24 -3.89e-21
-8.3614 5.46e-24 -2.32e-21
-8.3514 3.21e-24 -1.36e-21
-8.3414 1.87e-24 -7.94e-22
-8.3314 1.08e-24 -4.58e-22
-8.3214 6.15e-25 -2.61e-22
-8.3114 3.47e-25 -1.47e-22
-8.3014 1.93e-25 -8.21e-23
-8.2914 1.07e-25 -4.53e-23
-8.2814 5.82e-26 -2.47e-23
-8.2714 3.14e-26 -1.33e-23
-8.2614 1.68e-26 -7.13e-24
-8.2514 8.88e-27 -3.77e-24
-8.2414 4.64e-27 -1.97e-24
-8.2314 2.4e-27 -1.02e-24
-8.2214 1.23e-27 -5.21e-25
-8.2114 6.22e-28 -2.64e-25
-8.2014 3.11e-28 -1.32e-25
-8.1914 1.54e-28 -6.54e-26
-8.1814 7.55e-29 -3.21e-26
-8.1714 3.66e-29 -1.55e-26
-8.1614 1.76e-29 -7.45e-27
-8.1514 0.0 0
-8.1414 0.0 0
-8.1314 0.0 0
-8.1214 0.0 0
-8.1114 0.0 0
-8.1014 0.0 0
-8.0914 0.0 0
-8.0814 0.0 0
-8.0714 0.0 0
-8.0614 0.0 0
-8.0514 0.0 0
-8.0414 0.0 0
-8.0314 0.0 0
-8.0214 0.0 0
-8.0114 0.0 0
-8.0014 0.0 0
-7.9914 0.0 0
-7.9814 0.0 0
-7.9714 0.0 0
-7.9614 0.0 0
-7.9514 0.0 0
-7.9414 0.0 0
-7.9314 0.0 0
-7.9214 0.0 0
-7.9114 0.0 0
-7.9014 0.0 0
-7.8914 0.0 0
-7.8814 0.0 0
-7.8714 0.0 0
-7.8614 0.0 0
-7.8514 0.0 0
-7.8414 0.0 0
-7.8314 0.0 0
-7.8214 0.0 0
-7.8114 0.0 0
-7.8014 0.0 0
-7.7914 0.0 0
-7.7814 0.0 0
-7.7714 0.0 0
-7.7614 0.0 0
-7.7514 0.0 0
-7.7414 0.0 0
-7.7314 0.0 0
-7.7214 0.0 0
-7.7114 0.0 0
-7.7014 0.0 0
-7.6914 0.0 0
-7.6814 0.0 0
-7.6714 0.0 0
-7.6614 0.0 0
-7.6514 0.0 0
-7.6414 0.0 0
-7.6314 0.0 0
-7.6214 0.0 0
-7.6114 0.0 0
-7.6014 0.0 0
-7.5914 0.0 0
-7.5814 0.0 0
-7.5714 0.0 0
-7.5614 0.0 0
-7.5514 0.0 0
-7.5414 0.0 0
-7.5314 0.0 0
-7.5214 0.0 0
-7.5114 0.0 0
-7.5014 0.0 0
-7.4914 0.0 0
-7.4814 0.0 0
-7.4714 0.0 0
-7.4614 0.0 0
-7.4514 0.0 0
-7.4414 0.0 0
-7.4314 0.0 0
-7.4214 0.0 0
-7.4114 0.0 0
-7.4014 0.0 0
-7.3914 0.0 0
-7.3814 0.0 0
-7.3714 0.0 0
-7.3614 0.0 0
-7.3514 0.0 0
-7.3414 0.0 0
-7.3314 0.0 0
-7.3214 0.0 0
-7.3114 0.0 0
-7.3014 0.0 0
-7.2914 0.0 0
-7.2814 0.0 0
-7.2714 0.0 0
-7.2614 0.0 0
-7.2514 0.0 0
-7.2414 0.0 0
-7.2314 0.0 0
-7.2214 0.0 0
-7.2114 0.0 0
-7.2014 0.0 0
-7.1914 0.0 0
-7.1814 0.0 0
-7.1714 0.0 0
-7.1614 0.0 0
-7.1514 0.0 0
-7.1414 0.0 0
-7.1314 0.0 0
-7.1214 0.0 0
-7.1114 0.0 0
-7.1014 0.0 0
-7.0914 0.0 0
-7.0814 0.0 0
-7.0714 0.0 0
-7.0614 0.0 0
-7.0514 0.0 0
-7.0414 0.0 0
-7.0314 0.0 0
-7.0214 0.0 0
-7.0114 0.0 0
-7.0014 0.0 0
-6.9914 0.0 0
-6.9814 0.0 0
-6.9714 0.0 0
-6.9614 0.0 0
-6.9514 0.0 0
-6.9414 0.0 0
-6.9314 0.0 0
-6.9214 0.0 0
-6.9114 0.0 0
-6.9014 0.0 0
-6.8914 0.0 0
-6.8814 0.0 0
-6.8714 0.0 0
-6.8614 0.0 0
-6.8514 0.0 0
-6.8414 0.0 0
-6.8314 0.0 0
-6.8214 0.0 0
-6.8114 0.0 0
-6.8014 0.0 0
-6.7914 0.0 0
-6.7814 0.0 0
-6.7714 0.0 0
-6.7614 0.0 0
-6.7514 0.0 0
-6.7414 0.0 0
-6.7314 0.0 0
-6.7214 0.0 0
-6.7114 0.0 0
-6.7014 0.0 0
-6.6914 0.0 0
-6.6814 0.0 0
-6.6714 0.0 0
-6.6614 0.0 0
-6.6514 0.0 0
-6.6414 0.0 0
-6.6314 0.0 0
-6.6214 0.0 0
-6.6114 0.0 0
-6.6014 0.0 0
-6.5914 0.0 0
-6.5814 0.0 0
-6.5714 0.0 0
-6.5614 0.0 0
-6.5514 0.0 0
-6.5414 0.0 0
-6.5314 0.0 0
-6.5214 0.0 0
-6.5114 0.0 0
-6.5014 0.0 0
-6.4914 0.0 0
-6.4814 0.0 0
-6.4714 0.0 0
-6.4614 0.0 0
-6.4514 0.0 0
-6.4414 0.0 0
-6.4314 0.0 0
-6.4214 0.0 0
-6.4114 0.0 0
-6.4014 0.0 0
-6.3914 0.0 0
-6.3814 0.0 0
-6.3714 0.0 0
-6.3614 0.0 0
-6.3514 0.0 0
-6.3414 0.0 0
-6.3314 0.0 0
-6.3214 0.0 0
-6.3114 0.0 0
-6.3014 0.0 0
-6.2914 0.0 0
-6.2814 0.0 0
-6.2714 0.0 0
-6.2614 0.0 0
-6.2514 0.0 0
-6.2414 0.0 0
-6.2314 0.0 0
-6.2214 0.0 0
-6.2114 0.0 0
-6.2014 0.0 0
-6.1914 0.0 0
-6.1814 0.0 0
-6.1714 0.0 0
-6.1614 0.0 0
-6.1514 0.0 0
-6.1414 0.0 0
-6.1314 0.0 0
-6.1214 0.0 0
-6.1114 0.0 0
-6.1014 0.0 0
-6.0914 0.0 0
-6.0814 0.0 0
-6.0714 0.0 0
-6.0614 0.0 0
-6.0514 0.0 0
-6.0414 0.0 0
-6.0314 0.0 0
-6.0214 0.0 0
-6.0114 0.0 0
-6.0014 0.0 0
-5.9914 0.0 0
-5.9814 0.0 0
-5.9714 0.0 0
-5.9614 0.0 0
-5.9514 0.0 0
-5.9414 0.0 0
-5.9314 0.0 0
-5.9214 0.0 0
-5.9114 0.0 0
-5.9014 0.0 0
-5.8914 0.0 0
-5.8814 0.0 0
-5.8714 0.0 0
-5.8614 0.0 0
-5.8514 0.0 0
-5.8414 0.0 0
-5.8314 0.0 0
-5.8214 0.0 0
-5.8114 0.0 0
-5.8014 2.95e-12 -2.96e-12
-5.7914 6.2e-12 -6.21e-12
-5.7814 1.29e-11 -1.29e-11
-5.7714 2.65e-11 -2.65e-11
-5.7614 5.39e-11 -5.39e-11
-5.7514 1.08e-10 -1.08e-10
-5.7414 2.16e-10 -2.16e-10
-5.7314 4.24e-10 -4.25e-10
-5.7214 8.26e-10 -8.27e-10
-5.7114 1.59e-09 -1.59e-09
-5.7014 3.03e-09 -3.04e-09
-5.6914 5.72e-09 -5.72e-09
-5.6814 1.07e-08 -1.07e-08
-5.6714 1.97e-08 -1.97e-08
-5.6614 3.59e-08 -3.59e-08
-5.6514 6.48e-08 -6.49e-08
-5.6414 1.16e-07 -1.16e-07
-5.6314 2.05e-07 -2.05e-07
-5.6214 3.58e-07 -3.58e-07
-5.6114 6.18e-07 -6.19e-07
-5.6014 1.06e-06 -1.06e-06
-5.5914 1.79e-06 -1.79e-06
-5.5814 3e-06 -3e-06
-5.5714 4.96e-06 -4.96e-06
-5.5614 8.13e-06 -8.13e-06
-5.5514 1.32e-05 -1.32e-05
-5.5414 2.11e-05 -2.11e-05
-5.5314 3.35e-05 -3.35e-05
-5.5214 5.25e-05 -5.26e-05
-5.5114 8.16e-05 -8.16e-05
-5.5014 0.000125 -0.000125
-5.4914 0.00019 -0.00019
-5.4814 0.000286 -0.000286
-5.4714 0.000425 -0.000425
-5.4614 0.000625 -0.000625
-5.4514 0.000908 -0.000909
-5.4414 0.00131 -0.00131
-5.4314 0.00186 -0.00186
-5.4214 0.00262 -0.00262
-5.4114 0.00365 -0.00365
-5.4014 0.00503 -0.00503
-5.3914 0.00686 -0.00686
-5.3814 0.00925 -0.00925
-5.3714 0.0123 -0.0123
-5.3614 0.0163 -0.0163
-5.3514 0.0213 -0.0213
-5.3414 0.0275 -0.0275
-5.3314 0.0351 -0.0351
-5.3214 0.0444 -0.0444
-5.3114 0.0555 -0.0555
-5.3014 0.0686 -0.0686
-5.2914 0.084 -0.084
-5.2814 0.102 -0.102
-5.2714 0.122 -0.122
-5.2614 0.144 -0.144
-5.2514 0.169 -0.169
-5.2414 0.196 -0.196
-5.2314 0.225 -0.225
-5.2214 0.255 -0.255
-5.2114 0.286 -0.286
-5.2014 0.318 -0.318
-5.1914 0.349 -0.349
-5.1814 0.379 -0.379
-5.1714 0.408 -0.408
-5.1614 0.433 -0.433
-5.1514 0.456 -0.456
-5.1414 0.474 -0.474
-5.1314 0.488 -0.488
-5.1214 0.497 -0.497
-5.1114 0.501 -0.501
-5.1014 0.499 -0.499
-5.0914 0.492 -0.492
-5.0814 0.48 -0.48
-5.0714 0.463 -0.463
-5.0614 0.442 -0.442
-5.0514 0.417 -0.417
-5.0414 0.39 -0.39
-5.0314 0.36 -0.36
-5.0214 0.329 -0.329
-5.0114 0.298 -0.298
-5.0014 0.266 -0.266
-4.9914 0.236 -0.236
-4.9814 0.206 -0.206
-4.9714 0.179 -0.179
-4.9614 0.153 -0.153
-4.9514 0.13 -0.13
-4.9414 0.109 -0.109
-4.9314 0.0902 -0.0902
-4.9214 0.074 -0.074
-4.9114 0.0601 -0.0601
-4.9014 0.0482 -0.0482
-4.8914 0.0383 -0.0383
-4.8814 0.0301 -0.0301
-4.8714 0.0234 -0.0234
-4.8614 0.018 -0.018
-4.8514 0.0137 -0.0137
-4.8414 0.0103 -0.0103
-4.8314 0.00767 -0.00767
-4.8214 0.00565 -0.00565
-4.8114 0.00411 -0.00411
-4.8014 0.00297 -0.00296
-4.7914 0.00211 -0.00211
-4.7814 0.00149 -0.00149
-4.7714 0.00104 -0.00104
-4.7614 0.000718 -0.000718
-4.7514 0.00049 -0.00049
-4.7414 0.000331 -0.000331
-4.7314 0.000221 -0.000221
-4.7214 0.000146 -0.000146
-4.7114 9.57e-05 -9.56e-05
-4.7014 6.19e-05 -6.19e-05
-4.6914 3.96e-05 -3.96e-05
-4.6814 2.51e-05 -2.51e-05
-4.6714 1.57e-05 -1.57e-05
-4.6614 9.73e-06 -9.72e-06
-4.6514 5.96e-06 -5.96e-06
-4.6414 3.61e-06 -3.61e-06
-4.6314 2.17e-06 -2.17e-06
-4.6214 1.29e-06 -1.29e-06
-4.6114 7.55e-07 -7.55e-07
-4.6014 4.38e-07 -4.38e-07
-4.5914 2.52e-07 -2.52e-07
-4.5814 1.43e-07 -1.43e-07
-4.5714 8.04e-08 -8.04e-08
-4.5614 4.47e-08 -4.47e-08
-4.5514 2.46e-08 -2.46e-08
-4.5414 1.34e-08 -1.34e-08
-4.5314 7.21e-09 -7.21e-09
-4.5214 3.84e-09 -3.84e-09
-4.5114 2.02e-09 -2.02e-09
-4.5014 1.05e-09 -1.05e-09
-4.4914 5.44e-10 -5.43e-10
-4.4814 2.77e-10 -2.77e-10
-4.4714 1.4e-10 -1.4e-10
-4.4614 6.98e-11 -6.98e-11
-4.4514 3.45e-11 -3.45e-11
-4.4414 1.68e-11 -1.68e-11
-4.4314 8.14e-12 -8.13e-12
-4.4214 3.89e-12 -3.89e-12
-4.4114 0.0 0
-4.4014 0.0 0
-4.3914 0.0 0
-4.3814 0.0 0
-4.3714 0.0 0
-4.3614 0.0 0
-4.3514 0.0 0
-4.3414 0.0 0
-4.3314 0.0 0
-4.3214 0.0 0
-4.3114 0.0 0
-4.3014 0.0 0
-4.2914 0.0 0
-4.2814 0.0 0
-4.2714 0.0 0
-4.2614 0.0 0
-4.2514 0.0 0
-4.2414 0.0 0
-4.2314 0.0 0
-4.2214 0.0 0
-4.2114 0.0 0
-4.2014 0.0 0
-4.1914 0.0 0
-4.1814 0.0 0
-4.1714 0.0 0
-4.1614 0.0 0
-4.1514 0.0 0
-4.1414 0.0 0
-4.1314 0.0 0
-4.1214 0.0 0
-4.1114 0.0 0
-4.1014 0.0 0
-4.0914 0.0 0
-4.0814 0.0 0
-4.0714 0.0 0
-4.0614 0.0 0
-4.0514 0.0 0
-4.0414 0.0 0
-4.0314 0.0 0
-4.0214 0.0 0
-4.0114 0.0 0
-4.0014 0.0 0
-3.9914 0.0 0
-3.9814 0.0 0
-3.9714 0.0 0
-3.9614 0.0 0
-3.9514 0.0 0
-3.9414 0.0 0
-3.9314 0.0 0
-3.9214 0.0 0
-3.9114 0.0 0
-3.9014 0.0 0
-3.8914 0.0 0
-3.8814 0.0 0
-3.8714 0.0 0
-3.8614 0.0 0
-3.8514 0.0 0
-3.8414 0.0 0
-3.8314 0.0 0
-3.8214 0.0 0
-3.8114 0.0 0
-3.8014 0.0 0
-3.7914 0.0 0
-3.7814 0.0 0
-3.7714 0.0 0
-3.7614 0.0 0
-3.7514 0.0 0
-3.7414 0.0 0
-3.7314 0.0 0
-3.7214 0.0 0
-3.7114 0.0 0
-3.7014 0.0 0
-3.6914 0.0 0
-3.6814 4.61e-28 -3.97e-27
-3.6714 9.64e-28 -8.29e-27
-3.6614 1.99e-27 -1.72e-26
-3.6514 4.08e-27 -3.51e-26
-3.6414 8.25e-27 -7.1e-26
-3.6314 1.65e-26 -1.42e-25
-3.6214 3.27e-26 -2.82e-25
-3.6114 6.41e-26 -5.52e-25
-3.6014 1.24e-25 -1.07e-24
-3.5914 2.38e-25 -2.05e-24
-3.5814 4.52e-25 -3.89e-24
-3.5714 8.48e-25 -7.31e-24
-3.5614 1.57e-24 -1.36e-23
-3.5514 2.89e-24 -2.49e-23
-3.5414 5.25e-24 -4.53e-23
-3.5314 9.44e-24 -8.14e-23
-3.5214 1.68e-23 -1.45e-22
-3.5114 2.95e-23 -2.54e-22
-3.5014 5.14e-23 -4.43e-22
-3.4914 8.84e-23 -7.62e-22
-3.4814 1.5e-22 -1.3e-21
-3.4714 2.53e-22 -2.19e-21
-3.4614 4.22e-22 -3.64e-21
-3.4514 6.96e-22 -6.01e-21
-3.4414 1.14e-21 -9.79e-21
-3.4314 1.83e-21 -1.58e-20
-3.4214 2.92e-21 -2.52e-20
-3.4114 4.61e-21 -3.98e-20
-3.4014 7.2e-21 -6.22e-20
-3.3914 1.11e-20 -9.61e-20
-3.3814 1.7e-20 -1.47e-19
-3.3714 2.57e-20 -2.22e-19
-3.3614 3.85e-20 -3.32e-19
-3.3514 5.69e-20 -4.91e-19
-3.3414 8.33e-20 -7.19e-19
-3.3314 1.21e-19 -1.04e-18
-3.3214 1.73e-19 -1.49e-18
-3.3114 2.45e-19 -2.11e-18
-3.3014 3.43e-19 -2.96e-18
-3.2914 4.76e-19 -4.11e-18
-3.2814 6.52e-19 -5.64e-18
-3.2714 8.85e-19 -7.65e-18
-3.2614 1.19e-18 -1.03e-17
-3.2514 1.58e-18 -1.36e-17
-3.2414 2.07e-18 -1.79e-17
-3.2314 2.69e-18 -2.33e-17
-3.2214 3.46e-18 -3e-17
-3.2114 4.41e-18 -3.81e-17
-3.2014 5.54e-18 -4.79e-17
-3.1914 6.9e-18 -5.97e-17
-3.1814 8.49e-18 -7.35e-17
-3.1714 1.03e-17 -8.95e-17
-3.1614 1.25e-17 -1.08e-16
-3.1514 1.49e-17 -1.29e-16
-3.1414 1.75e-17 -1.52e-16
-3.1314 2.04e-17 -1.77e-16
-3.1214 2.36e-17 -2.04e-16
-3.1114 2.69e-17 -2.33e-16
-3.1014 3.04e-17 -2.63e-16
-3.0914 3.4e-17 -2.94e-16
-3.0814 3.75e-17 -3.25e-16
-3.0714 4.1e-17 -3.56e-16
-3.0614 4.44e-17 -3.85e-16
-3.0514 4.75e-17 -4.11e-16
-3.0414 5.03e-17 -4.36e-16
-3.0314 5.26e-17 -4.56e-16
-3.0214 5.45e-17 -4.72e-16
-3.0114 5.59e-17 -4.84e-16
-3.0014 5.66e-17 -4.91e-16
-2.9914 5.68e-17 -4.92e-16
-2.9814 5.63e-17 -4.88e-16
-2.9714 5.53e-17 -4.79e-16
-2.9614 5.37e-17 -4.65e-16
-2.9514 5.15e-17 -4.47e-16
-2.9414 4.9e-17 -4.25e-16
-2.9314 4.6e-17 -3.99e-16
-2.9214 4.28e-17 -3.71e-16
-2.9114 3.93e-17 -3.41e-16
-2.9014 3.58e-17 -3.11e-16
-2.8914 3.22e-17 -2.8e-16
-2.8814 2.87e-17 -2.49e-16
-2.8714 2.53e-17 -2.19e-16
-2.8614 2.2e-17 -1.91e-16
-2.8514 1.9e-17 -1.65e-16
-2.8414 1.62e-17 -1.41e-16
-2.8314 1.37e-17 -1.19e-16
-2.8214 1.14e-17 -9.9e-17
-2.8114 9.41e-18 -8.17e-17
-2.8014 7.68e-18 -6.67e-17
-2.7914 6.21e-18 -5.39e-17
-2.7814 4.96e-18 -4.31e-17
-2.7714 3.92e-18 -3.41e-17
-2.7614 3.07e-18 -2.67e-17
-2.7514 2.37e-18 -2.06e-17
-2.7414 1.82e-18 -1.58e-17
-2.7314 1.38e-18 -1.2e-17
-2.7214 1.03e-18 -8.96e-18
-2.7114 7.64e-19 -6.64e-18
-2.7014 5.6e-19 -4.87e-18
-2.6914 4.06e-19 -3.53e-18
-2.6814 2.91e-19 -2.53e-18
-2.6714 2.07e-19 -1.8e-18
-2.6614 1.45e-19 -1.26e-18
-2.6514 1.01e-19 -8.76e-19
-2.6414 6.92e-20 -6.02e-19
-2.6314 4.7e-20 -4.09e-19
-2.6214 3.16e-20 -2.75e-19
-2.6114 2.1e-20 -1.83e-19
-2.6014 1.38e-20 -1.2e-19
-2.5914 9.01e-21 -7.84e-20
-2.5814 5.8e-21 -5.05e-20
-2.5714 3.69e-21 -3.22e-20
-2.5614 2.33e-21 -2.03e-20
-2.5514 1.45e-21 -1.26e-20
-2.5414 8.95e-22 -7.8e-21
-2.5314 5.46e-22 -4.76e-21
-2.5214 3.3e-22 -2.87e-21
-2.5114 1.97e-22 -1.71e-21
-2.5014 1.16e-22 -1.01e-21
-2.4914 6.79e-23 -5.92e-22
-2.4814 3.92e-23 -3.42e-22
-2.4714 2.24e-23 -1.96e-22
-2.4614 1.27e-23 -1.11e-22
-2.4514 7.1e-24 -6.19e-23
-2.4414 3.93e-24 -3.43e-23
-2.4314 2.15e-24 -1.88e-23
-2.4214 1.17e-24 -1.02e-23
-2.4114 6.24e-25 -5.45e-24
-2.4014 3.31e-25 -2.89e-24
-2.3914 1.74e-25 -1.51e-24
-2.3814 9.01e-26 -7.86e-25
-2.3714 4.62e-26 -4.03e-25
-2.3614 2.35e-26 -2.05e-25
-2.3514 1.18e-26 -1.03e-25
-2.3414 5.85e-27 -5.11e-26
-2.3314 2.88e-27 -2.51e-26
-2.3214 1.4e-27 -1.22e-26
-2.3114 6.73e-28 -5.88e-27
-2.3014 3.2e-28 -2.8e-27
-2.2914 0.0 0
-2.2814 0.0 0
-2.2714 0.0 0
-2.2614 0.0 0
-2.2514 0.0 0
-2.2414 0.0 0
-2.2314 0.0 0
-2.2214 0.0 0
-2.2114 0.0 0
-2.2014 0.0 0
-2.1914 0.0 0
-2.1814 0.0 0
-2.1714 0.0 0
-2.1614 0.0 0
-2.1514 0.0 0
-2.1414 0.0 0
-2.1314 0.0 0
-2.1214 0.0 0
-2.1114 0.0 0
-2.1014 0.0 0
-2.0914 0.0 0
-2.0814 0.0 0
-2.0714 0.0 0
-2.0614 0.0 0
-2.0514 0.0 0
-2.0414 0.0 0
-2.0314 0.0 0
-2.0214 0.0 0
-2.0114 0.0 0
-2.0014 0.0 0
-1.9914 0.0 0
-1.9814 0.0 0
-1.9714 0.0 0
-1.9614 0.0 0
-1.9514 0.0 0
-1.9414 0.0 0
-1.9314 0.0 0
-1.9214 0.0 0
-1.9114 0.0 0
-1.9014 0.0 0
-1.8914 0.0 0
-1.8814 0.0 0
-1.8714 0.0 0
-1.8614 0.0 0
-1.8514 0.0 0
-1.8414 0.0 0
-1.8314 0.0 0
-1.8214 0.0 0
-1.8114 0.0 0
-1.8014 0.0 0
-1.7914 0.0 0
-1.7814 0.0 0
-1.7714 0.0 0
-1.7614 0.0 0
-1.7514 0.0 0
-1.7414 0.0 0
-1.7314 0.0 0
-1.7214 0.0 0
-1.7114 0.0 0
-1.7014 0.0 0
-1.6914 0.0 0
-1.6814 0.0 0
-1.6714 0.0 0
-1.6614 0.0 0
-1.6514 0.0 0
-1.6414 0.0 0
-1.6314 0.0 0
-1.6214 0.0 0
-1.6114 0.0 0
-1.6014 0.0 0
-1.5914 0.0 0
-1.5814 0.0 0
-1.5714 0.0 0
-1.5614 0.0 0
-1.5514 0.0 0
-1.5414 0.0 0
-1.5314 0.0 0
-1.5214 0.0 0
-1.5114 0.0 0
-1.5014 0.0 0
-1.4914 0.0 0
-1.4814 0.0 0
-1.4714 0.0 0
-1.4614 0.0 0
-1.4514 0.0 0
-1.4414 0.0 0
-1.4314 0.0 0
-1.4214 0.0 0
-1.4114 0.0 0
-1.4014 0.0 0
-1.3914 0.0 0
-1.3814 0.0 0
-1.3714 0.0 0
-1.3614 0.0 0
-1.3514 0.0 0
-1.3414 0.0 0
-1.3314 0.0 0
-1.3214 0.0 0
-1.3114 0.0 0
-1.3014 0.0 0
-1.2914 0.0 0
-1.2814 0.0 0
-1.2714 0.0 0
-1.2614 0.0 0
-1.2514 0.0 0
-1.2414 0.0 0
-1.2314 0.0 0
-1.2214 0.0 0
-1.2114 0.0 0
-1.2014 0.0 0
-1.1914 0.0 0
-1.1814 0.0 0
-1.1714 0.0 0
-1.1614 0.0 0
-1.1514 0.0 0
-1.1414 0.0 0
-1.1314 0.0 0
-1.1214 0.0 0
-1.1114 0.0 0
-1.1014 0.0 0
-1.0914 0.0 0
-1.0814 0.0 0
-1.0714 0.0 0
-1.0614 0.0 0
-1.0514 0.0 0
-1.0414 0.0 0
-1.0314 0.0 0
-1.0214 0.0 0
-1.0114 0.0 0
-1.0014 0.0 0
-0.9914 0.0 0
-0.9814 0.0 0
-0.9714 0.0 0
-0.9614 0.0 0
-0.9514 0.0 0
-0.9414 0.0 0
-0.9314 0.0 0
-0.9214 0.0 0
-0.9114 0.0 0
-0.9014 0.0 0
-0.8914 0.0 0
-0.8814 0.0 0
-0.8714 0.0 0
-0.8614 0.0 0
-0.8514 0.0 0
-0.8414 0.0 0
-0.8314 0.0 0
-0.8214 0.0 0
-0.8114 0.0 0
-0.8014 0.0 0
-0.7914 0.0 0
-0.7814 0.0 0
-0.7714 0.0 0
-0.7614 0.0 0
-0.7514 0.0 0
-0.7414 0.0 0
-0.7314 0.0 0
-0.7214 0.0 0
-0.7114 0.0 0
-0.7014 0.0 0
-0.6914 0.0 0
-0.6814 0.0 0
-0.6714 0.0 0
-0.6614 0.0 0
-0.6514 0.0 0
-0.6414 0.0 0
-0.6314 0.0 0
-0.6214 0.0 0
-0.6114 0.0 0
-0.6014 0.0 0
-0.5914 0.0 0
-0.5814 0.0 0
-0.5714 0.0 0
-0.5614 0.0 0
-0.5514 0.0 0
-0.5414 0.0 0
-0.5314 0.0 0
-0.5214 0.0 0
-0.5114 0.0 0
-0.5014 0.0 0
-0.4914 0.0 0
-0.4814 0.0 0
-0.4714 0.0 0
-0.4614 0.0 0
-0.4514 0.0 0
-0.4414 0.0 0
-0.4314 0.0 0
-0.4214 0.0 0
-0.4114 0.0 0
-0.4014 0.0 0
-0.3914 0.0 0
-0.3814 0.0 0
-0.3714 0.0 0
-0.3614 0.0 0
-0.3514 0.0 0
-0.3414 0.0 0
-0.3314 0.0 0
-0.3214 0.0 0
-0.3114 0.0 0
-0.3014 0.0 0
-0.2914 0.0 0
-0.2814 0.0 0
-0.2714 0.0 0
-0.2614 0.0 0
-0.2514 0.0 0
-0.2414 0.0 0
-0.2314 0.0 0
-0.2214 0.0 0
-0.2114 0.0 0
-0.2014 0.0 0
-0.1914 0.0 0
-0.1814 0.0 0
-0.1714 0.0 0
-0.1614 0.0 0
-0.1514 0.0 0
-0.1414 0.0 0
-0.1314 0.0 0
-0.1214 0.0 0
-0.1114 0.0 0
-0.1014 0.0 0
-0.0914 0.0 0
-0.0814 0.0 0
-0.0714 0.0 0
-0.0614 0.0 0
-0.0514 0.0 0
-0.0414 0.0 0
-0.0314 0.0 0
-0.0214 0.0 0
-0.0114 0.0 0
-0.0014 0.0 0
0.0086 0.0 0
0.0186 0.0 0
0.0286 0.0 0
0.0386 0.0 0
0.0486 0.0 0
0.0586 0.0 0
0.0686 0.0 0
0.0786 0.0 0
0.0886 0.0 0
0.0986 0.0 0
0.1086 0.0 0
0.1186 0.0 0
0.1286 0.0 0
0.1386 0.0 0
0.1486 0.0 0
0.1586 0.0 0
0.1686 0.0 0
0.1786 0.0 0
0.1886 0.0 0
0.1986 0.0 0
0.2086 0.0 0
0.2186 0.0 0
0.2286 0.0 0
0.2386 0.0 0
0.2486 0.0 0
0.2586 0.0 0
0.2686 0.0 0
0.2786 0.0 0
0.2886 0.0 0
0.2986 0.0 0
0.3086 0.0 0
0.3186 0.0 0
0.3286 0.0 0
0.3386 0.0 0
0.3486 0.0 0
0.3586 0.0 0
0.3686 0.0 0
0.3786 0.0 0
0.3886 0.0 0
0.3986 0.0 0
0.4086 0.0 0
0.4186 0.0 0
0.4286 0.0 0
0.4386 0.0 0
0.4486 0.0 0
0.4586 0.0 0
0.4686 0.0 0
0.4786 0.0 0
0.4886 0.0 0
0.4986 0.0 0
0.5086 0.0 0
0.5186 0.0 0
0.5286 0.0 0
0.5386 0.0 0
0.5486 0.0 0
0.5586 0.0 0
0.5686 0.0 0
0.5786 0.0 0
0.5886 0.0 0
0.5986 0.0 0
0.6086 0.0 0
0.6186 0.0 0
0.6286 0.0 0
0.6386 0.0 0
0.6486 0.0 0
0.6586 0.0 0
0.6686 0.0 0
0.6786 0.0 0
0.6886 0.0 0
0.6986 0.0 0
0.7086 0.0 0
0.7186 0.0 0
0.7286 0.0 0
0.7386 0.0 0
0.7486 0.0 0
0.7586 0.0 0
0.7686 0.0 0
0.7786 0.0 0
0.7886 0.0 0
0.7986 0.0 0
0.8086 0.0 0
0.8186 0.0 0
0.8286 0.0 0
0.8386 0.0 0
0.8486 0.0 0
0.8586 0.0 0
0.8686 0.0 0
0.8786 0.0 0
0.8886 0.0 0
0.8986 0.0 0
0.9086 0.0 0
0.9186 0.0 0
0.9286 0.0 0
0.9386 0.0 0
0.9486 0.0 0
0.9586 0.0 0
0.9686 0.0 0
0.9786 0.0 0
0.9886 0.0 0
0.9986 0.0 0
1.0086 0.0 0
1.0186 0.0 0
1.0286 0.0 0
1.0386 0.0 0
1.0486 0.0 0
1.0586 0.0 0
1.0686 0.0 0
1.0786 0.0 0
1.0886 0.0 0
1.0986 0.0 0
1.1086 0.0 0
1.1186 0.0 0
1.1286 0.0 0
1.1386 0.0 0
1.1486 0.0 0
1.1586 0.0 0
1.1686 0.0 0
1.1786 0.0 0
1.1886 0.0 0
1.1986 0.0 0
1.2086 0.0 0
1.2186 0.0 0
1.2286 0.0 0
1.2386 0.0 0
1.2486 0.0 0
1.2586 0.0 0
1.2686 0.0 0
1.2786 0.0 0
1.2886 0.0 0
1.2986 0.0 0
1.3086 0.0 0
1.3186 0.0 0
1.3286 0.0 0
1.3386 0.0 0
1.3486 0.0 0
1.3586 0.0 0
1.3686 0.0 0
1.3786 0.0 0
1.3886 0.0 0
1.3986 0.0 0
1.4086 0.0 0
1.4186 0.0 0
1.4286 0.0 0
1.4386 0.0 0
1.4486 0.0 0
1.4586 0.0 0
1.4686 0.0 0
1.4786 0.0 0
1.4886 0.0 0
1.4986 0.0 0
1.5086 0.0 0
1.5186 0.0 0
1.5286 0.0 0
1.5386 0.0 0
1.5486 0.0 0
1.5586 0.0 0
1.5686 0.0 0
1.5786 0.0 0
1.5886 0.0 0
1.5986 0.0 0
1.6086 0.0 0
1.6186 0.0 0
1.6286 0.0 0
1.6386 0.0 0
1.6486 0.0 0
1.6586 0.0 0
1.6686 0.0 0
1.6786 0.0 0
1.6886 0.0 0
1.6986 0.0 0
1.7086 0.0 0
1.7186 0.0 0
1.7286 0.0 0
1.7386 0.0 0
1.7486 0.0 0
1.7586 0.0 0
1.7686 0.0 0
1.7786 0.0 0
1.7886 0.0 0
1.7986 0.0 0
1.8086 0.0 0
1.8186 0.0 0
1.8286 0.0 0
1.8386 0.0 0
1.8486 0.0 0
1.8586 0.0 0
1.8686 0.0 0
1.8786 2.41e-12 -2.42e-12
1.8886 5.04e-12 -5.07e-12
1.8986 1.04e-11 -1.05e-11
1.9086 2.13e-11 -2.14e-11
1.9186 4.32e-11 -4.34e-11
1.9286 8.65e-11 -8.69e-11
1.9386 1.71e-10 -1.72e-10
1.9486 3.36e-10 -3.37e-10
1.9586 6.51e-10 -6.54e-10
1.9686 1.25e-09 -1.25e-09
1.9786 2.37e-09 -2.38e-09
1.9886 4.45e-09 -4.47e-09
1.9986 8.26e-09 -8.29e-09
2.0086 1.52e-08 -1.52e-08
2.0186 2.76e-08 -2.77e-08
2.0286 4.96e-08 -4.97e-08
2.0386 8.81e-08 -8.85e-08
2.0486 1.55e-07 -1.56e-07
2.0586 2.7e-07 -2.71e-07
2.0686 4.64e-07 -4.66e-07
2.0786 7.91e-07 -7.94e-07
2.0886 1.33e-06 -1.34e-06
2.0986 2.22e-06 -2.23e-06
2.1086 3.66e-06 -3.67e-06
2.1186 5.97e-06 -5.99e-06
2.1286 9.64e-06 -9.67e-06
2.1386 1.54e-05 -1.54e-05
2.1486 2.43e-05 -2.44e-05
2.1586 3.79e-05 -3.8e-05
2.1686 5.86e-05 -5.88e-05
2.1786 8.96e-05 -8.99e-05
2.1886 0.000136 -0.000136
2.1986 0.000203 -0.000203
2.2086 0.0003 -0.000301
2.2186 0.000439 -0.00044
2.2286 0.000636 -0.000638
2.2386 0.000911 -0.000913
2.2486 0.00129 -0.00129
2.2586 0.00181 -0.00181
2.2686 0.00251 -0.00252
2.2786 0.00345 -0.00345
2.2886 0.00468 -0.00469
2.2986 0.00628 -0.00629
2.3086 0.00834 -0.00836
2.3186 0.011 -0.011
2.3286 0.0143 -0.0143
2.3386 0.0183 -0.0184
2.3486 0.0233 -0.0234
2.3586 0.0293 -0.0294
2.3686 0.0365 -0.0366
2.3786 0.045 -0.045
2.3886 0.0548 -0.0549
2.3986 0.0661 -0.0661
2.4086 0.0788 -0.0789
2.4186 0.0929 -0.093
2.4286 0.108 -0.109
2.4386 0.125 -0.125
2.4486 0.143 -0.143
2.4586 0.161 -0.162
2.4686 0.18 -0.18
2.4786 0.199 -0.199
2.4886 0.218 -0.218
2.4986 0.236 -0.236
2.5086 0.252 -0.253
2.5186 0.267 -0.267
2.5286 0.28 -0.28
2.5386 0.29 -0.29
2.5486 0.297 -0.297
2.5586 0.301 -0.301
2.5686 0.302 -0.302
2.5786 0.3 -0.3
2.5886 0.294 -0.294
2.5986 0.286 -0.286
2.6086 0.275 -0.275
2.6186 0.261 -0.261
2.6286 0.245 -0.245
2.6386 0.228 -0.228
2.6486 0.21 -0.21
2.6586 0.191 -0.191
2.6686 0.172 -0.172
2.6786 0.153 -0.153
2.6886 0.135 -0.135
2.6986 0.118 -0.117
2.7086 0.101 -0.101
2.7186 0.0865 -0.0864
2.7286 0.073 -0.0729
2.7386 0.0609 -0.0608
2.7486 0.0503 -0.0502
2.7586 0.0411 -0.041
2.7686 0.0332 -0.0332
2.7786 0.0265 -0.0265
2.7886 0.021 -0.021
2.7986 0.0164 -0.0164
2.8086 0.0127 -0.0127
2.8186 0.00973 -0.00971
2.8286 0.00737 -0.00736
2.8386 0.00552 -0.00551
2.8486 0.00409 -0.00408
2.8586 0.003 -0.00299
2.8686 0.00218 -0.00217
2.8786 0.00156 -0.00156
2.8886 0.00111 -0.00111
2.8986 0.000779 -0.000777
2.9086 0.000541 -0.00054
2.9186 0.000372 -0.000371
2.9286 0.000253 -0.000252
2.9386 0.00017 -0.000169
2.9486 0.000113 -0.000113
2.9586 7.44e-05 -7.42e-05
2.9686 4.84e-05 -4.83e-05
2.9786 3.12e-05 -3.11e-05
2.9886 1.99e-05 -1.98e-05
2.9986 1.25e-05 -1.25e-05
3.0086 7.81e-06 -7.79e-06
3.0186 4.82e-06 -4.8e-06
3.0286 2.94e-06 -2.93e-06
3.0386 1.77e-06 -1.77e-06
3.0486 1.06e-06 -1.06e-06
3.0586 6.26e-07 -6.24e-07
3.0686 3.66e-07 -3.65e-07
3.0786 2.12e-07 -2.11e-07
3.0886 1.21e-07 -1.21e-07
3.0986 6.84e-08 -6.82e-08
3.1086 3.83e-08 -3.82e-08
3.1186 2.12e-08 -2.11e-08
3.1286 1.16e-08 -1.16e-08
3.1386 6.29e-09 -6.27e-09
3.1486 3.37e-09 -3.36e-09
3.1586 1.79e-09 -1.78e-09
3.1686 9.38e-10 -9.34e-10
3.1786 4.87e-10 -4.85e-10
3.1886 2.5e-10 -2.49e-10
3.1986 1.27e-10 -1.26e-10
3.2086 6.38e-11 -6.35e-11
3.2186 3.17e-11 -3.15e-11
3.2286 1.56e-11 -1.55e-11
3.2386 7.57e-12 -7.54e-12
3.2486 3.64e-12 -3.63e-12
3.2586 1.73e-12 -1.73e-12
3.2686 0.0 0
3.2786 0.0 0
3.2886 0.0 0
3.2986 0.0 0
3.3086 0.0 0
3.3186 0.0 0
3.3286 0.0 0
3.3386 0.0 0
3.3486 0.0 0
3.3586 0.0 0
3.3686 0.0 0
3.3786 0.0 0
3.3886 0.0 0
3.3986 0.0 0
3.4086 0.0 0
3.4186 0.0 0
3.4286 0.0 0
3.4386 0.0 0
3.4486 0.0 0
3.4586 0.0 0
3.4686 0.0 0
3.4786 0.0 0
3.4886 0.0 0
3.4986 0.0 0
3.5086 0.0 0
3.5186 0.0 0
3.5286 0.0 0
3.5386 0.0 0
3.5486 0.0 0
3.5586 0.0 0
3.5686 0.0 0
3.5786 0.0 0
3.5886 0.0 0
3.5986 0.0 0
3.6086 0.0 0
3.6186 0.0 0
3.6286 0.0 0
3.6386 0.0 0
3.6486 0.0 0
3.6586 0.0 0
3.6686 0.0 0
3.6786 0.0 0
3.6886 0.0 0
3.6986 0.0 0
3.7086 0.0 0
3.7186 0.0 0
3.7286 0.0 0
3.7386 0.0 0
3.7486 0.0 0
3.7586 0.0 0
3.7686 0.0 0
3.7786 0.0 0
3.7886 0.0 0
3.7986 0.0 0
3.8086 0.0 0
3.8186 0.0 0
3.8286 0.0 0
3.8386 0.0 0
3.8486 0.0 0
3.8586 0.0 0
3.8686 0.0 0
3.8786 0.0 0
3.8886 0.0 0
3.8986 0.0 0
3.9086 0.0 0
3.9186 0.0 0
3.9286 0.0 0
3.9386 0.0 0
3.9486 0.0 0
3.9586 0.0 0
3.9686 0.0 0
3.9786 0.0 0
3.9886 0.0 0
3.9986 0.0 0
4.0086 0.0 0
4.0186 0.0 0
4.0286 0.0 0
4.0386 0.0 0
4.0486 0.0 0
4.0586 0.0 0
4.0686 0.0 0
4.0786 0.0 0
4.0886 0.0 0
4.0986 0.0 0
4.1086 0.0 0
4.1186 0.0 0
4.1286 0.0 0
4.1386 0.0 0
4.1486 0.0 0
4.1586 0.0 0
4.1686 0.0 0
4.1786 0.0 0
4.1886 0.0 0
4.1986 0.0 0
4.2086 0.0 0
4.2186 0.0 0
4.2286 0.0 0
4.2386 0.0 0
4.2486 0.0 0
4.2586 0.0 0
4.2686 0.0 0
4.2786 0.0 0
4.2886 0.0 0
4.2986 0.0 0
4.3086 0.0 0
4.3186 0.0 0
4.3286 0.0 0
4.3386 0.0 0
4.3486 0.0 0
4.3586 0.0 0
4.3686 0.0 0
4.3786 0.0 0
4.3886 0.0 0
4.3986 0.0 0
4.4086 0.0 0
4.4186 0.0 0
4.4286 0.0 0
4.4386 0.0 0
4.4486 0.0 0
4.4586 0.0 0
4.4686 0.0 0
4.4786 0.0 0
4.4886 0.0 0
4.4986 0.0 0
4.5086 0.0 0
4.5186 0.0 0
4.5286 0.0 0
4.5386 0.0 0
4.5486 0.0 0
4.5586 0.0 0
4.5686 0.0 0
4.5786 0.0 0
4.5886 0.0 0
4.5986 0.0 0
4.6086 0.0 0
4.6186 0.0 0
4.6286 0.0 0
4.6386 0.0 0
4.6486 0.0 0
4.6586 0.0 0
4.6686 0.0 0
4.6786 0.0 0
4.6886 0.0 0
4.6986 0.0 0
4.7086 0.0 0
4.7186 0.0 0
4.7286 0.0 0
4.7386 0.0 0
4.7486 0.0 0
4.7586 0.0 0
4.7686 0.0 0
4.7786 0.0 0
4.7886 0.0 0
4.7986 0.0 0
4.8086 0.0 0
4.8186 0.0 0
4.8286 0.0 0
4.8386 0.0 0
4.8486 0.0 0
4.8586 0.0 0
4.8686 0.0 0
4.8786 0.0 0
4.8886 0.0 0
4.8986 0.0 0
4.9086 0.0 0
4.9186 0.0 0
4.9286 0.0 0
4.9386 0.0 0
4.9486 0.0 0
4.9586 0.0 0
4.9686 0.0 0
4.9786 0.0 0
4.9886 0.0 0
4.9986 0.0 0
5.0086 0.0 0
5.0186 0.0 0
5.0286 0.0 0
5.0386 0.0 0
5.0486 0.0 0
5.0586 0.0 0
5.0686 0.0 0
5.0786 0.0 0
5.0886 0.0 0
5.0986 0.0 0
5.1086 0.0 0
5.1186 0.0 0
5.1286 0.0 0
5.1386 0.0 0
5.1486 0.0 0
5.1586 0.0 0
5.1686 0.0 0
5.1786 0.0 0
5.1886 0.0 0
5.1986 0.0 0
5.2086 5.54e-13 -5.57e-13
5.2186 1.17e-12 -1.17e-12
5.2286 2.43e-12 -2.44e-12
5.2386 5e-12 -5.03e-12
5.2486 1.02e-11 -1.03e-11
5.2586 2.06e-11 -2.07e-11
5.2686 4.1e-11 -4.12e-11
5.2786 8.09e-11 -8.13e-11
5.2886 1.58e-10 -1.59e-10
5.2986 3.05e-10 -3.06e-10
5.3086 5.82e-10 -5.85e-10
5.3186 1.1e-09 -1.11e-09
5.3286 2.06e-09 -2.07e-09
5.3386 3.8e-09 -3.82e-09
5.3486 6.96e-09 -6.99e-09
5.3586 1.26e-08 -1.26e-08
5.3686 2.25e-08 -2.26e-08
5.3786 3.99e-08 -4.01e-08
5.3886 6.99e-08 -7.02e-08
5.3986 1.21e-07 -1.22e-07
5.4086 2.08e-07 -2.09e-07
5.4186 3.52e-07 -3.54e-07
5.4286 5.91e-07 -5.94e-07
5.4386 9.81e-07 -9.85e-07
5.4486 1.61e-06 -1.62e-06
5.4586 2.62e-06 -2.63e-06
5.4686 4.2e-06 -4.22e-06
5.4786 6.68e-06 -6.71e-06
5.4886 1.05e-05 -1.05e-05
5.4986 1.63e-05 -1.64e-05
5.5086 2.52e-05 -2.52e-05
5.5186 3.83e-05 -3.84e-05
5.5286 5.77e-05 -5.79e-05
5.5386 8.59e-05 -8.62e-05
5.5486 0.000127 -0.000127
5.5586 0.000185 -0.000185
5.5686 0.000266 -0.000267
5.5786 0.00038 -0.000381
5.5886 0.000536 -0.000538
5.5986 0.000749 -0.000751
5.6086 0.00103 -0.00104
5.6186 0.00141 -0.00142
5.6286 0.00191 -0.00192
5.6386 0.00255 -0.00256
5.6486 0.00338 -0.00339
5.6586 0.00442 -0.00443
5.6686 0.00573 -0.00574
5.6786 0.00733 -0.00735
5.6886 0.00929 -0.00931
5.6986 0.0116 -0.0117
5.7086 0.0144 -0.0145
5.7186 0.0177 -0.0177
5.7286 0.0215 -0.0215
5.7386 0.0258 -0.0258
5.7486 0.0306 -0.0307
5.7586 0.036 -0.036
5.7686 0.0418 -0.0419
5.7786 0.048 -0.0481
5.7886 0.0546 -0.0547
5.7986 0.0615 -0.0615
5.8086 0.0684 -0.0685
5.8186 0.0753 -0.0754
5.8286 0.082 -0.0821
5.8386 0.0883 -0.0884
5.8486 0.0942 -0.0942
5.8586 0.0993 -0.0993
5.8686 0.104 -0.104
5.8786 0.107 -0.107
5.8886 0.109 -0.109
5.8986 0.11 -0.11
5.9086 0.11 -0.11
5.9186 0.109 -0.109
5.9286 0.106 -0.106
5.9386 0.103 -0.103
5.9486 0.0983 -0.0983
5.9586 0.093 -0.093
5.9686 0.0871 -0.0871
5.9786 0.0807 -0.0806
5.9886 0.0739 -0.0739
5.9986 0.067 -0.0669
6.0086 0.06 -0.06
6.0186 0.0533 -0.0532
6.0286 0.0467 -0.0467
6.0386 0.0406 -0.0405
6.0486 0.0348 -0.0348
6.0586 0.0296 -0.0296
6.0686 0.0249 -0.0248
6.0786 0.0207 -0.0206
6.0886 0.017 -0.017
6.0986 0.0138 -0.0138
6.1086 0.0111 -0.0111
6.1186 0.00886 -0.00885
6.1286 0.00698 -0.00697
6.1386 0.00544 -0.00543
6.1486 0.00419 -0.00418
6.1586 0.00319 -0.00319
6.1686 0.00241 -0.00241
6.1786 0.0018 -0.00179
6.1886 0.00133 -0.00132
6.1986 0.000969 -0.000967
6.2086 0.0007 -0.000698
6.2186 0.0005 -0.000499
6.2286 0.000354 -0.000353
6.2386 0.000247 -0.000247
6.2486 0.000171 -0.000171
6.2586 0.000117 -0.000117
6.2686 7.93e-05 -7.91e-05
6.2786 5.31e-05 -5.29e-05
6.2886 3.52e-05 -3.51e-05
6.2986 2.31e-05 -2.3e-05
6.3086 1.5e-05 -1.49e-05
6.3186 9.59e-06 -9.56e-06
6.3286 6.09e-06 -6.07e-06
6.3386 3.83e-06 -3.82e-06
6.3486 2.39e-06 -2.38e-06
6.3586 1.48e-06 -1.48e-06
6.3686 9.24e-07 -9.21e-07
6.3786 5.95e-07 -5.94e-07
6.3886 4.19e-07 -4.19e-07
6.3986 3.51e-07 -3.53e-07
6.4086 3.72e-07 -3.75e-07
6.4186 4.8e-07 -4.84e-07
6.4286 6.89e-07 -6.97e-07
6.4386 1.03e-06 -1.04e-06
6.4486 1.56e-06 -1.58e-06
6.4586 2.36e-06 -2.39e-06
6.4686 3.53e-06 -3.58e-06
6.4786 5.24e-06 -5.31e-06
6.4886 7.7e-06 -7.8e-06
6.4986 1.12e-05 -1.13e-05
6.5086 1.61e-05 -1.63e-05
6.5186 2.28e-05 -2.31e-05
6.5286 3.21e-05 -3.25e-05
6.5386 4.47e-05 -4.53e-05
6.5486 6.16e-05 -6.23e-05
6.5586 8.38e-05 -8.49e-05
6.5686 0.000113 -0.000114
6.5786 0.000151 -0.000152
6.5886 0.000198 -0.000201
6.5986 0.000259 -0.000262
6.6086 0.000334 -0.000338
6.6186 0.000426 -0.000431
6.6286 0.000538 -0.000544
6.6386 0.000672 -0.00068
6.6486 0.00083 -0.00084
6.6586 0.00102 -0.00103
6.6686 0.00123 -0.00124
6.6786 0.00147 -0.00148
6.6886 0.00174 -0.00176
6.6986 0.00203 -0.00206
6.7086 0.00236 -0.00238
6.7186 0.0027 -0.00273
6.7286 0.00306 -0.00309
6.7386 0.00343 -0.00346
6.7486 0.0038 -0.00384
6.7586 0.00417 -0.00421
6.7686 0.00453 -0.00457
6.7786 0.00486 -0.00491
6.7886 0.00516 -0.00522
6.7986 0.00543 -0.00548
6.8086 0.00564 -0.0057
6.8186 0.0058 -0.00586
6.8286 0.0059 -0.00596
6.8386 0.00594 -0.00599
6.8486 0.00591 -0.00597
6.8586 0.00582 -0.00587
6.8686 0.00567 -0.00572
6.8786 0.00547 -0.00551
6.8886 0.00521 -0.00526
6.8986 0.00492 -0.00496
6.9086 0.00459 -0.00462
6.9186 0.00423 -0.00427
6.9286 0.00387 -0.0039
6.9386 0.00349 -0.00352
6.9486 0.00312 -0.00314
6.9586 0.00276 -0.00278
6.9686 0.00241 -0.00243
6.9786 0.00209 -0.0021
6.9886 0.00179 -0.0018
6.9986 0.00151 -0.00152
7.0086 0.00127 -0.00127
7.0186 0.00105 -0.00106
7.0286 0.000859 -0.000865
7.0386 0.000697 -0.000702
7.0486 0.000559 -0.000563
7.0586 0.000443 -0.000446
7.0686 0.000348 -0.00035
7.0786 0.00027 -0.000272
7.0886 0.000208 -0.000209
7.0986 0.000158 -0.000159
7.1086 0.000119 -0.000119
7.1186 8.82e-05 -8.87e-05
7.1286 6.49e-05 -6.52e-05
7.1386 4.72e-05 -4.75e-05
7.1486 3.4e-05 -3.42e-05
7.1586 2.42e-05 -2.43e-05
7.1686 1.71e-05 -1.71e-05
7.1786 1.19e-05 -1.19e-05
7.1886 8.19e-06 -8.23e-06
7.1986 5.59e-06 -5.62e-06
7.2086 3.77e-06 -3.79e-06
7.2186 2.52e-06 -2.53e-06
7.2286 1.66e-06 -1.67e-06
7.2386 1.09e-06 -1.09e-06
7.2486 7.01e-07 -7.05e-07
