-21.4614 0.0005942 -0.0005941
-21.4514 0.0009081 -0.0009081
-21.4414 0.0013698 -0.0013697
-21.4314 0.002054 -0.002054
-21.4214 0.003045 -0.003045
-21.4114 0.004456 -0.004456
-21.4014 0.006458 -0.006458
-21.3914 0.00926 -0.00926
-21.3814 0.013167 -0.013166
-21.3714 0.018435 -0.018435
-21.3614 0.0256 -0.0256
-21.3514 0.03508 -0.03508
-21.3414 0.04762 -0.04762
-21.3314 0.06395 -0.06395
-21.3214 0.08502 -0.08502
-21.3114 0.11167 -0.11167
-21.3014 0.14538 -0.14538
-21.2914 0.18749 -0.18749
-21.2814 0.2381 -0.2381
-21.2714 0.2992 -0.2992
-21.2614 0.3729 -0.3729
-21.2514 0.4603 -0.4593
-21.2414 0.5604 -0.5604
-21.2314 0.6763 -0.6753
-21.2214 0.8059 -0.8059
-21.2114 0.9513 -0.9513
-21.2014 1.1064 -1.1063
-21.1914 1.2851 -1.2851
-21.1814 1.4643 -1.4643
-21.1714 1.654 -1.654
-21.1614 1.8539 -1.8539
-21.1514 2.044 -2.044
-21.1414 2.244 -2.234
-21.1314 2.423 -2.423
-21.1214 2.592 -2.592
-21.1114 2.749 -2.749
-21.1014 2.876 -2.876
-21.0914 2.981 -2.981
-21.0814 3.055 -3.055
-21.0714 3.107 -3.107
-21.0614 3.118 -3.118
-21.0514 3.087 -3.087
-21.0414 3.034 -3.034
-21.0314 2.95 -2.95
-21.0214 2.834 -2.834
-21.0114 2.697 -2.697
-21.0014 2.529 -2.529
-20.9914 2.36 -2.36
-20.9814 2.17 -2.17
-20.9714 1.97 -1.97
-20.9614 1.7803 -1.7803
-20.9514 1.5804 -1.5804
-20.9414 1.4009 -1.4009
-20.9314 1.2218 -1.2218
-20.9214 1.0503 -1.0503
-20.9114 0.8965 -0.8965
-20.9014 0.7564 -0.7564
-20.8914 0.6321 -0.6321
-20.8814 0.5225 -0.5225
-20.8714 0.4267 -0.4267
-20.8614 0.3445 -0.3445
-20.8514 0.276 -0.276
-20.8414 0.2181 -0.2181
-20.8314 0.17067 -0.17067
-20.8214 0.13271 -0.13271
-20.8114 0.10124 -0.10134
-20.8014 0.07669 -0.0768
-20.7914 0.05752 -0.05752
-20.7814 0.04266 -0.04267
-20.7714 0.03129 -0.03129
-20.7614 0.02265 -0.02275
-20.7514 0.016327 -0.016327
-20.7414 0.011587 -0.011588
-20.7314 0.008133 -0.008133
-20.7214 0.005647 -0.005647
-20.7114 0.003887 -0.003887
-20.7014 0.002644 -0.002644
-20.6914 0.0017802 -0.0017802
-20.6814 0.00118 -0.0011801
-20.6714 0.0007785 -0.0007795
-20.6614 0.0005067 -0.0005078
-20.6514 0.0003266 -0.0003266
-20.6414 0.0002086 -0.0002086
-20.6314 0.00013167 -0.00013167
-20.6214 8.196e-05 -8.196e-05
-20.6114 5.057e-05 -5.057e-05
-20.6014 3.087e-05 -3.087e-05
-20.5914 1.8646e-05 -1.8647e-05
-20.5814 1.1165e-05 -1.1165e-05
-20.5714 6.584e-06 -6.584e-06
-20.5614 3.845e-06 -3.845e-06
-20.5514 2.223e-06 -2.223e-06
-20.5414 1.2746e-06 -1.2746e-06
-20.5314 7.206e-07 -7.206e-07
-20.5214 4.035e-07 -4.035e-07
-20.5114 2.233e-07 -2.233e-07
-20.5014 1.2221e-07 -1.2222e-07
-20.4914 6.637e-08 -6.637e-08
-20.4814 3.561e-08 -3.561e-08
-20.4714 1.8858e-08 -1.8859e-08
-20.4614 9.903e-09 -9.913e-09
-20.4514 5.141e-09 -5.141e-09
-20.4414 2.644e-09 -2.644e-09
-20.4314 1.3381e-09 -1.3381e-09
-20.4214 6.742e-10 -6.742e-10
-20.4114 3.35e-10 -3.35e-10
-20.4014 1.6437e-10 -1.6537e-10
-20.3914 8.017e-11 -8.027e-11
-20.3814 3.856e-11 -3.866e-11
-20.3714 1.8333e-11 -1.8434e-11
-20.3614 0.0 0
-20.3514 0.0 0
-20.3414 0.0 0
-20.3314 0.0 0
-20.3214 0.0 0
-20.3114 0.0 0
-20.3014 0.0 0
-20.2914 0.0 0
-20.2814 0.0 0
-20.2714 0.0 0
-20.2614 0.0 0
-20.2514 0.0 0
-20.2414 0.0 0
-20.2314 0.0 0
-20.2214 0.0 0
-20.2114 0.0 0
-20.2014 0.0 0
-20.1914 0.0 0
-20.1814 0.0 0
-20.1714 0.0 0
-20.1614 0.0 0
-20.1514 0.0 0
-20.1414 0.0 0
-20.1314 0.0 0
-20.1214 0.0 0
-20.1114 0.0 0
-20.1014 0.0 0
-20.0914 0.0 0
-20.0814 0.0 0
-20.0714 0.0 0
-20.0614 0.0 0
-20.0514 0.0 0
-20.0414 0.0 0
-20.0314 0.0 0
-20.0214 0.0 0
-20.0114 0.0 0
-20.0014 0.0 0
-19.9914 0.0 0
-19.9814 0.0 0
-19.9714 0.0 0
-19.9614 0.0 0
-19.9514 0.0 0
-19.9414 0.0 0
-19.9314 0.0 0
-19.9214 0.0 0
-19.9114 0.0 0
-19.9014 0.0 0
-19.8914 0.0 0
-19.8814 0.0 0
-19.8714 0.0 0
-19.8614 0.0 0
-19.8514 0.0 0
-19.8414 0.0 0
-19.8314 0.0 0
-19.8214 0.0 0
-19.8114 0.0 0
-19.8014 0.0 0
-19.7914 0.0 0
-19.7814 0.0 0
-19.7714 0.0 0
-19.7614 0.0 0
-19.7514 0.0 0
-19.7414 0.0 0
-19.7314 0.0 0
-19.7214 0.0 0
-19.7114 0.0 0
-19.7014 0.0 0
-19.6914 0.0 0
-19.6814 0.0 0
-19.6714 0.0 0
-19.6614 0.0 0
-19.6514 0.0 0
-19.6414 0.0 0
-19.6314 0.0 0
-19.6214 0.0 0
-19.6114 0.0 0
-19.6014 0.0 0
-19.5914 0.0 0
-19.5814 0.0 0
-19.5714 0.0 0
-19.5614 0.0 0
-19.5514 0.0 0
-19.5414 0.0 0
-19.5314 0.0 0
-19.5214 0.0 0
-19.5114 0.0 0
-19.5014 0.0 0
-19.4914 0.0 0
-19.4814 0.0 0
-19.4714 0.0 0
-19.4614 0.0 0
-19.4514 0.0 0
-19.4414 0.0 0
-19.4314 0.0 0
-19.4214 0.0 0
-19.4114 0.0 0
-19.4014 0.0 0
-19.3914 0.0 0
-19.3814 0.0 0
-19.3714 0.0 0
-19.3614 0.0 0
-19.3514 0.0 0
-19.3414 0.0 0
-19.3314 0.0 0
-19.3214 0.0 0
-19.3114 0.0 0
-19.3014 0.0 0
-19.2914 0.0 0
-19.2814 0.0 0
-19.2714 0.0 0
-19.2614 0.0 0
-19.2514 0.0 0
-19.2414 0.0 0
-19.2314 0.0 0
-19.2214 0.0 0
-19.2114 0.0 0
-19.2014 0.0 0
-19.1914 0.0 0
-19.1814 0.0 0
-19.1714 0.0 0
-19.1614 0.0 0
-19.1514 0.0 0
-19.1414 0.0 0
-19.1314 0.0 0
-19.1214 0.0 0
-19.1114 0.0 0
-19.1014 0.0 0
-19.0914 0.0 0
-19.0814 0.0 0
-19.0714 0.0 0
-19.0614 0.0 0
-19.0514 0.0 0
-19.0414 0.0 0
-19.0314 0.0 0
-19.0214 0.0 0
-19.0114 0.0 0
-19.0014 0.0 0
-18.9914 0.0 0
-18.9814 0.0 0
-18.9714 0.0 0
-18.9614 0.0 0
-18.9514 0.0 0
-18.9414 0.0 0
-18.9314 0.0 0
-18.9214 0.0 0
-18.9114 0.0 0
-18.9014 0.0 0
-18.8914 0.0 0
-18.8814 0.0 0
-18.8714 0.0 0
-18.8614 0.0 0
-18.8514 0.0 0
-18.8414 0.0 0
-18.8314 0.0 0
-18.8214 0.0 0
-18.8114 0.0 0
-18.8014 0.0 0
-18.7914 0.0 0
-18.7814 0.0 0
-18.7714 0.0 0
-18.7614 0.0 0
-18.7514 0.0 0
-18.7414 0.0 0
-18.7314 0.0 0
-18.7214 0.0 0
-18.7114 0.0 0
-18.7014 0.0 0
-18.6914 0.0 0
-18.6814 0.0 0
-18.6714 0.0 0
-18.6614 0.0 0
-18.6514 0.0 0
-18.6414 0.0 0
-18.6314 0.0 0
-18.6214 0.0 0
-18.6114 0.0 0
-18.6014 0.0 0
-18.5914 0.0 0
-18.5814 0.0 0
-18.5714 0.0 0
-18.5614 0.0 0
-18.5514 0.0 0
-18.5414 0.0 0
-18.5314 0.0 0
-18.5214 0.0 0
-18.5114 0.0 0
-18.5014 0.0 0
-18.4914 0.0 0
-18.4814 0.0 0
-18.4714 0.0 0
-18.4614 0.0 0
-18.4514 0.0 0
-18.4414 0.0 0
-18.4314 0.0 0
-18.4214 0.0 0
-18.4114 0.0 0
-18.4014 0.0 0
-18.3914 0.0 0
-18.3814 0.0 0
-18.3714 0.0 0
-18.3614 0.0 0
-18.3514 0.0 0
-18.3414 0.0 0
-18.3314 0.0 0
-18.3214 0.0 0
-18.3114 0.0 0
-18.3014 0.0 0
-18.2914 0.0 0
-18.2814 0.0 0
-18.2714 0.0 0
-18.2614 0.0 0
-18.2514 0.0 0
-18.2414 0.0 0
-18.2314 0.0 0
-18.2214 0.0 0
-18.2114 0.0 0
-18.2014 0.0 0
-18.1914 0.0 0
-18.1814 0.0 0
-18.1714 0.0 0
-18.1614 0.0 0
-18.1514 0.0 0
-18.1414 0.0 0
-18.1314 0.0 0
-18.1214 0.0 0
-18.1114 0.0 0
-18.1014 0.0 0
-18.0914 0.0 0
-18.0814 0.0 0
-18.0714 0.0 0
-18.0614 0.0 0
-18.0514 0.0 0
-18.0414 0.0 0
-18.0314 0.0 0
-18.0214 0.0 0
-18.0114 0.0 0
-18.0014 0.0 0
-17.9914 0.0 0
-17.9814 0.0 0
-17.9714 0.0 0
-17.9614 0.0 0
-17.9514 0.0 0
-17.9414 0.0 0
-17.9314 0.0 0
-17.9214 0.0 0
-17.9114 0.0 0
-17.9014 0.0 0
-17.8914 0.0 0
-17.8814 0.0 0
-17.8714 0.0 0
-17.8614 0.0 0
-17.8514 0.0 0
-17.8414 0.0 0
-17.8314 0.0 0
-17.8214 0.0 0
-17.8114 0.0 0
-17.8014 0.0 0
-17.7914 0.0 0
-17.7814 0.0 0
-17.7714 0.0 0
-17.7614 0.0 0
-17.7514 0.0 0
-17.7414 0.0 0
-17.7314 0.0 0
-17.7214 0.0 0
-17.7114 0.0 0
-17.7014 0.0 0
-17.6914 0.0 0
-17.6814 0.0 0
-17.6714 0.0 0
-17.6614 0.0 0
-17.6514 0.0 0
-17.6414 0.0 0
-17.6314 0.0 0
-17.6214 0.0 0
-17.6114 0.0 0
-17.6014 0.0 0
-17.5914 0.0 0
-17.5814 0.0 0
-17.5714 0.0 0
-17.5614 0.0 0
-17.5514 0.0 0
-17.5414 0.0 0
-17.5314 0.0 0
-17.5214 0.0 0
-17.5114 0.0 0
-17.5014 0.0 0
-17.4914 0.0 0
-17.4814 0.0 0
-17.4714 0.0 0
-17.4614 0.0 0
-17.4514 0.0 0
-17.4414 0.0 0
-17.4314 0.0 0
-17.4214 0.0 0
-17.4114 0.0 0
-17.4014 0.0 0
-17.3914 0.0 0
-17.3814 0.0 0
-17.3714 0.0 0
-17.3614 0.0 0
-17.3514 0.0 0
-17.3414 0.0 0
-17.3314 0.0 0
-17.3214 0.0 0
-17.3114 0.0 0
-17.3014 0.0 0
-17.2914 0.0 0
-17.2814 0.0 0
-17.2714 0.0 0
-17.2614 0.0 0
-17.2514 0.0 0
-17.2414 0.0 0
-17.2314 0.0 0
-17.2214 0.0 0
-17.2114 0.0 0
-17.2014 0.0 0
-17.1914 0.0 0
-17.1814 0.0 0
-17.1714 0.0 0
-17.1614 0.0 0
-17.1514 0.0 0
-17.1414 0.0 0
-17.1314 0.0 0
-17.1214 0.0 0
-17.1114 0.0 0
-17.1014 0.0 0
-17.0914 0.0 0
-17.0814 0.0 0
-17.0714 0.0 0
-17.0614 0.0 0
-17.0514 0.0 0
-17.0414 0.0 0
-17.0314 0.0 0
-17.0214 0.0 0
-17.0114 0.0 0
-17.0014 0.0 0
-16.9914 0.0 0
-16.9814 0.0 0
-16.9714 0.0 0
-16.9614 0.0 0
-16.9514 0.0 0
-16.9414 0.0 0
-16.9314 0.0 0
-16.9214 0.0 0
-16.9114 0.0 0
-16.9014 0.0 0
-16.8914 0.0 0
-16.8814 0.0 0
-16.8714 0.0 0
-16.8614 0.0 0
-16.8514 0.0 0
-16.8414 0.0 0
-16.8314 0.0 0
-16.8214 0.0 0
-16.8114 0.0 0
-16.8014 0.0 0
-16.7914 0.0 0
-16.7814 0.0 0
-16.7714 0.0 0
-16.7614 0.0 0
-16.7514 0.0 0
-16.7414 0.0 0
-16.7314 0.0 0
-16.7214 0.0 0
-16.7114 0.0 0
-16.7014 0.0 0
-16.6914 0.0 0
-16.6814 0.0 0
-16.6714 0.0 0
-16.6614 0.0 0
-16.6514 0.0 0
-16.6414 0.0 0
-16.6314 0.0 0
-16.6214 0.0 0
-16.6114 0.0 0
-16.6014 0.0 0
-16.5914 0.0 0
-16.5814 0.0 0
-16.5714 0.0 0
-16.5614 0.0 0
-16.5514 0.0 0
-16.5414 0.0 0
-16.5314 0.0 0
-16.5214 0.0 0
-16.5114 0.0 0
-16.5014 0.0 0
-16.4914 0.0 0
-16.4814 0.0 0
-16.4714 0.0 0
-16.4614 0.0 0
-16.4514 0.0 0
-16.4414 0.0 0
-16.4314 0.0 0
-16.4214 0.0 0
-16.4114 0.0 0
-16.4014 0.0 0
-16.3914 0.0 0
-16.3814 0.0 0
-16.3714 0.0 0
-16.3614 0.0 0
-16.3514 0.0 0
-16.3414 0.0 0
-16.3314 0.0 0
-16.3214 0.0 0
-16.3114 0.0 0
-16.3014 0.0 0
-16.2914 0.0 0
-16.2814 0.0 0
-16.2714 0.0 0
-16.2614 0.0 0
-16.2514 0.0 0
-16.2414 0.0 0
-16.2314 0.0 0
-16.2214 0.0 0
-16.2114 0.0 0
-16.2014 0.0 0
-16.1914 0.0 0
-16.1814 0.0 0
-16.1714 0.0 0
-16.1614 0.0 0
-16.1514 0.0 0
-16.1414 0.0 0
-16.1314 0.0 0
-16.1214 0.0 0
-16.1114 0.0 0
-16.1014 0.0 0
-16.0914 0.0 0
-16.0814 0.0 0
-16.0714 0.0 0
-16.0614 0.0 0
-16.0514 0.0 0
-16.0414 0.0 0
-16.0314 0.0 0
-16.0214 0.0 0
-16.0114 0.0 0
-16.0014 0.0 0
-15.9914 0.0 0
-15.9814 0.0 0
-15.9714 0.0 0
-15.9614 0.0 0
-15.9514 0.0 0
-15.9414 0.0 0
-15.9314 0.0 0
-15.9214 0.0 0
-15.9114 0.0 0
-15.9014 0.0 0
-15.8914 0.0 0
-15.8814 0.0 0
-15.8714 0.0 0
-15.8614 0.0 0
-15.8514 0.0 0
-15.8414 0.0 0
-15.8314 0.0 0
-15.8214 0.0 0
-15.8114 0.0 0
-15.8014 0.0 0
-15.7914 0.0 0
-15.7814 0.0 0
-15.7714 0.0 0
-15.7614 0.0 0
-15.7514 0.0 0
-15.7414 0.0 0
-15.7314 0.0 0
-15.7214 0.0 0
-15.7114 0.0 0
-15.7014 0.0 0
-15.6914 0.0 0
-15.6814 0.0 0
-15.6714 0.0 0
-15.6614 0.0 0
-15.6514 0.0 0
-15.6414 0.0 0
-15.6314 0.0 0
-15.6214 0.0 0
-15.6114 0.0 0
-15.6014 0.0 0
-15.5914 0.0 0
-15.5814 0.0 0
-15.5714 0.0 0
-15.5614 0.0 0
-15.5514 0.0 0
-15.5414 0.0 0
-15.5314 0.0 0
-15.5214 0.0 0
-15.5114 0.0 0
-15.5014 0.0 0
-15.4914 0.0 0
-15.4814 0.0 0
-15.4714 0.0 0
-15.4614 0.0 0
-15.4514 0.0 0
-15.4414 0.0 0
-15.4314 0.0 0
-15.4214 0.0 0
-15.4114 0.0 0
-15.4014 0.0 0
-15.3914 0.0 0
-15.3814 0.0 0
-15.3714 0.0 0
-15.3614 0.0 0
-15.3514 0.0 0
-15.3414 0.0 0
-15.3314 0.0 0
-15.3214 0.0 0
-15.3114 0.0 0
-15.3014 0.0 0
-15.2914 0.0 0
-15.2814 0.0 0
-15.2714 0.0 0
-15.2614 0.0 0
-15.2514 0.0 0
-15.2414 0.0 0
-15.2314 0.0 0
-15.2214 0.0 0
-15.2114 0.0 0
-15.2014 0.0 0
-15.1914 0.0 0
-15.1814 0.0 0
-15.1714 0.0 0
-15.1614 0.0 0
-15.1514 0.0 0
-15.1414 0.0 0
-15.1314 0.0 0
-15.1214 0.0 0
-15.1114 0.0 0
-15.1014 0.0 0
-15.0914 0.0 0
-15.0814 0.0 0
-15.0714 0.0 0
-15.0614 0.0 0
-15.0514 0.0 0
-15.0414 0.0 0
-15.0314 0.0 0
-15.0214 0.0 0
-15.0114 0.0 0
-15.0014 0.0 0
-14.9914 0.0 0
-14.9814 0.0 0
-14.9714 0.0 0
-14.9614 0.0 0
-14.9514 0.0 0
-14.9414 0.0 0
-14.9314 0.0 0
-14.9214 0.0 0
-14.9114 0.0 0
-14.9014 0.0 0
-14.8914 0.0 0
-14.8814 0.0 0
-14.8714 0.0 0
-14.8614 0.0 0
-14.8514 0.0 0
-14.8414 0.0 0
-14.8314 0.0 0
-14.8214 0.0 0
-14.8114 0.0 0
-14.8014 0.0 0
-14.7914 0.0 0
-14.7814 0.0 0
-14.7714 0.0 0
-14.7614 0.0 0
-14.7514 0.0 0
-14.7414 0.0 0
-14.7314 0.0 0
-14.7214 0.0 0
-14.7114 0.0 0
-14.7014 0.0 0
-14.6914 0.0 0
-14.6814 0.0 0
-14.6714 0.0 0
-14.6614 0.0 0
-14.6514 0.0 0
-14.6414 0.0 0
-14.6314 0.0 0
-14.6214 0.0 0
-14.6114 0.0 0
-14.6014 0.0 0
-14.5914 0.0 0
-14.5814 0.0 0
-14.5714 0.0 0
-14.5614 0.0 0
-14.5514 0.0 0
-14.5414 0.0 0
-14.5314 0.0 0
-14.5214 0.0 0
-14.5114 0.0 0
-14.5014 0.0 0
-14.4914 0.0 0
-14.4814 0.0 0
-14.4714 0.0 0
-14.4614 0.0 0
-14.4514 0.0 0
-14.4414 0.0 0
-14.4314 0.0 0
-14.4214 0.0 0
-14.4114 0.0 0
-14.4014 0.0 0
-14.3914 0.0 0
-14.3814 0.0 0
-14.3714 0.0 0
-14.3614 0.0 0
-14.3514 0.0 0
-14.3414 0.0 0
-14.3314 0.0 0
-14.3214 0.0 0
-14.3114 0.0 0
-14.3014 0.0 0
-14.2914 0.0 0
-14.2814 0.0 0
-14.2714 0.0 0
-14.2614 0.0 0
-14.2514 0.0 0
-14.2414 0.0 0
-14.2314 0.0 0
-14.2214 0.0 0
-14.2114 0.0 0
-14.2014 0.0 0
-14.1914 0.0 0
-14.1814 0.0 0
-14.1714 0.0 0
-14.1614 0.0 0
-14.1514 0.0 0
-14.1414 0.0 0
-14.1314 0.0 0
-14.1214 0.0 0
-14.1114 0.0 0
-14.1014 0.0 0
-14.0914 0.0 0
-14.0814 0.0 0
-14.0714 0.0 0
-14.0614 0.0 0
-14.0514 0.0 0
-14.0414 0.0 0
-14.0314 0.0 0
-14.0214 0.0 0
-14.0114 0.0 0
-14.0014 0.0 0
-13.9914 0.0 0
-13.9814 0.0 0
-13.9714 0.0 0
-13.9614 0.0 0
-13.9514 0.0 0
-13.9414 0.0 0
-13.9314 0.0 0
-13.9214 0.0 0
-13.9114 0.0 0
-13.9014 0.0 0
-13.8914 0.0 0
-13.8814 0.0 0
-13.8714 0.0 0
-13.8614 0.0 0
-13.8514 0.0 0
-13.8414 0.0 0
-13.8314 0.0 0
-13.8214 0.0 0
-13.8114 0.0 0
-13.8014 0.0 0
-13.7914 0.0 0
-13.7814 0.0 0
-13.7714 0.0 0
-13.7614 0.0 0
-13.7514 0.0 0
-13.7414 0.0 0
-13.7314 0.0 0
-13.7214 0.0 0
-13.7114 0.0 0
-13.7014 0.0 0
-13.6914 0.0 0
-13.6814 0.0 0
-13.6714 0.0 0
-13.6614 0.0 0
-13.6514 0.0 0
-13.6414 0.0 0
-13.6314 0.0 0
-13.6214 0.0 0
-13.6114 0.0 0
-13.6014 0.0 0
-13.5914 0.0 0
-13.5814 0.0 0
-13.5714 0.0 0
-13.5614 0.0 0
-13.5514 0.0 0
-13.5414 0.0 0
-13.5314 0.0 0
-13.5214 0.0 0
-13.5114 0.0 0
-13.5014 0.0 0
-13.4914 0.0 0
-13.4814 0.0 0
-13.4714 0.0 0
-13.4614 0.0 0
-13.4514 0.0 0
-13.4414 0.0 0
-13.4314 0.0 0
-13.4214 0.0 0
-13.4114 0.0 0
-13.4014 0.0 0
-13.3914 0.0 0
-13.3814 0.0 0
-13.3714 0.0 0
-13.3614 0.0 0
-13.3514 0.0 0
-13.3414 0.0 0
-13.3314 0.0 0
-13.3214 0.0 0
-13.3114 0.0 0
-13.3014 0.0 0
-13.2914 0.0 0
-13.2814 0.0 0
-13.2714 0.0 0
-13.2614 0.0 0
-13.2514 0.0 0
-13.2414 0.0 0
-13.2314 0.0 0
-13.2214 0.0 0
-13.2114 0.0 0
-13.2014 0.0 0
-13.1914 0.0 0
-13.1814 0.0 0
-13.1714 0.0 0
-13.1614 0.0 0
-13.1514 0.0 0
-13.1414 0.0 0
-13.1314 0.0 0
-13.1214 0.0 0
-13.1114 0.0 0
-13.1014 0.0 0
-13.0914 0.0 0
-13.0814 0.0 0
-13.0714 0.0 0
-13.0614 0.0 0
-13.0514 0.0 0
-13.0414 0.0 0
-13.0314 0.0 0
-13.0214 0.0 0
-13.0114 0.0 0
-13.0014 0.0 0
-12.9914 0.0 0
-12.9814 0.0 0
-12.9714 0.0 0
-12.9614 0.0 0
-12.9514 0.0 0
-12.9414 0.0 0
-12.9314 0.0 0
-12.9214 0.0 0
-12.9114 0.0 0
-12.9014 0.0 0
-12.8914 0.0 0
-12.8814 0.0 0
-12.8714 0.0 0
-12.8614 0.0 0
-12.8514 0.0 0
-12.8414 0.0 0
-12.8314 0.0 0
-12.8214 0.0 0
-12.8114 0.0 0
-12.8014 0.0 0
-12.7914 0.0 0
-12.7814 0.0 0
-12.7714 0.0 0
-12.7614 0.0 0
-12.7514 0.0 0
-12.7414 0.0 0
-12.7314 0.0 0
-12.7214 0.0 0
-12.7114 0.0 0
-12.7014 0.0 0
-12.6914 0.0 0
-12.6814 0.0 0
-12.6714 0.0 0
-12.6614 0.0 0
-12.6514 0.0 0
-12.6414 0.0 0
-12.6314 0.0 0
-12.6214 0.0 0
-12.6114 0.0 0
-12.6014 0.0 0
-12.5914 0.0 0
-12.5814 0.0 0
-12.5714 0.0 0
-12.5614 0.0 0
-12.5514 0.0 0
-12.5414 0.0 0
-12.5314 0.0 0
-12.5214 0.0 0
-12.5114 0.0 0
-12.5014 0.0 0
-12.4914 0.0 0
-12.4814 0.0 0
-12.4714 0.0 0
-12.4614 0.0 0
-12.4514 0.0 0
-12.4414 0.0 0
-12.4314 0.0 0
-12.4214 0.0 0
-12.4114 0.0 0
-12.4014 0.0 0
-12.3914 0.0 0
-12.3814 0.0 0
-12.3714 0.0 0
-12.3614 0.0 0
-12.3514 0.0 0
-12.3414 0.0 0
-12.3314 0.0 0
-12.3214 0.0 0
-12.3114 0.0 0
-12.3014 0.0 0
-12.2914 0.0 0
-12.2814 0.0 0
-12.2714 0.0 0
-12.2614 0.0 0
-12.2514 0.0 0
-12.2414 0.0 0
-12.2314 0.0 0
-12.2214 0.0 0
-12.2114 0.0 0
-12.2014 0.0 0
-12.1914 0.0 0
-12.1814 0.0 0
-12.1714 0.0 0
-12.1614 0.0 0
-12.1514 0.0 0
-12.1414 0.0 0
-12.1314 0.0 0
-12.1214 0.0 0
-12.1114 0.0 0
-12.1014 0.0 0
-12.0914 0.0 0
-12.0814 0.0 0
-12.0714 0.0 0
-12.0614 0.0 0
-12.0514 0.0 0
-12.0414 0.0 0
-12.0314 0.0 0
-12.0214 0.0 0
-12.0114 0.0 0
-12.0014 0.0 0
-11.9914 0.0 0
-11.9814 0.0 0
-11.9714 0.0 0
-11.9614 0.0 0
-11.9514 0.0 0
-11.9414 0.0 0
-11.9314 0.0 0
-11.9214 0.0 0
-11.9114 0.0 0
-11.9014 0.0 0
-11.8914 0.0 0
-11.8814 0.0 0
-11.8714 0.0 0
-11.8614 0.0 0
-11.8514 0.0 0
-11.8414 0.0 0
-11.8314 0.0 0
-11.8214 0.0 0
-11.8114 0.0 0
-11.8014 0.0 0
-11.7914 0.0 0
-11.7814 0.0 0
-11.7714 0.0 0
-11.7614 0.0 0
-11.7514 0.0 0
-11.7414 0.0 0
-11.7314 0.0 0
-11.7214 0.0 0
-11.7114 0.0 0
-11.7014 0.0 0
-11.6914 0.0 0
-11.6814 0.0 0
-11.6714 0.0 0
-11.6614 0.0 0
-11.6514 0.0 0
-11.6414 0.0 0
-11.6314 0.0 0
-11.6214 0.0 0
-11.6114 0.0 0
-11.6014 0.0 0
-11.5914 0.0 0
-11.5814 0.0 0
-11.5714 0.0 0
-11.5614 0.0 0
-11.5514 0.0 0
-11.5414 0.0 0
-11.5314 0.0 0
-11.5214 0.0 0
-11.5114 0.0 0
-11.5014 0.0 0
-11.4914 0.0 0
-11.4814 0.0 0
-11.4714 0.0 0
-11.4614 0.0 0
-11.4514 0.0 0
-11.4414 0.0 0
-11.4314 0.0 0
-11.4214 0.0 0
-11.4114 0.0 0
-11.4014 0.0 0
-11.3914 0.0 0
-11.3814 0.0 0
-11.3714 0.0 0
-11.3614 0.0 0
-11.3514 0.0 0
-11.3414 0.0 0
-11.3314 0.0 0
-11.3214 0.0 0
-11.3114 0.0 0
-11.3014 0.0 0
-11.2914 0.0 0
-11.2814 0.0 0
-11.2714 0.0 0
-11.2614 0.0 0
-11.2514 0.0 0
-11.2414 0.0 0
-11.2314 0.0 0
-11.2214 0.0 0
-11.2114 0.0 0
-11.2014 0.0 0
-11.1914 0.0 0
-11.1814 0.0 0
-11.1714 0.0 0
-11.1614 0.0 0
-11.1514 0.0 0
-11.1414 0.0 0
-11.1314 0.0 0
-11.1214 0.0 0
-11.1114 0.0 0
-11.1014 0.0 0
-11.0914 0.0 0
-11.0814 0.0 0
-11.0714 0.0 0
-11.0614 0.0 0
-11.0514 0.0 0
-11.0414 0.0 0
-11.0314 0.0 0
-11.0214 0.0 0
-11.0114 0.0 0
-11.0014 0.0 0
-10.9914 0.0 0
-10.9814 0.0 0
-10.9714 0.0 0
-10.9614 0.0 0
-10.9514 0.0 0
-10.9414 0.0 0
-10.9314 0.0 0
-10.9214 0.0 0
-10.9114 0.0 0
-10.9014 0.0 0
-10.8914 0.0 0
-10.8814 0.0 0
-10.8714 0.0 0
-10.8614 0.0 0
-10.8514 0.0 0
-10.8414 0.0 0
-10.8314 0.0 0
-10.8214 0.0 0
-10.8114 0.0 0
-10.8014 0.0 0
-10.7914 0.0 0
-10.7814 0.0 0
-10.7714 0.0 0
-10.7614 0.0 0
-10.7514 0.0 0
-10.7414 0.0 0
-10.7314 0.0 0
-10.7214 0.0 0
-10.7114 0.0 0
-10.7014 0.0 0
-10.6914 0.0 0
-10.6814 0.0 0
-10.6714 0.0 0
-10.6614 0.0 0
-10.6514 0.0 0
-10.6414 0.0 0
-10.6314 0.0 0
-10.6214 0.0 0
-10.6114 0.0 0
-10.6014 0.0 0
-10.5914 0.0 0
-10.5814 0.0 0
-10.5714 0.0 0
-10.5614 0.0 0
-10.5514 0.0 0
-10.5414 0.0 0
-10.5314 0.0 0
-10.5214 0.0 0
-10.5114 0.0 0
-10.5014 0.0 0
-10.4914 0.0 0
-10.4814 0.0 0
-10.4714 0.0 0
-10.4614 0.0 0
-10.4514 0.0 0
-10.4414 0.0 0
-10.4314 0.0 0
-10.4214 0.0 0
-10.4114 0.0 0
-10.4014 0.0 0
-10.3914 0.0 0
-10.3814 0.0 0
-10.3714 0.0 0
-10.3614 0.0 0
-10.3514 0.0 0
-10.3414 0.0 0
-10.3314 0.0 0
-10.3214 0.0 0
-10.3114 0.0 0
-10.3014 0.0 0
-10.2914 0.0 0
-10.2814 0.0 0
-10.2714 0.0 0
-10.2614 0.0 0
-10.2514 0.0 0
-10.2414 0.0 0
-10.2314 0.0 0
-10.2214 0.0 0
-10.2114 0.0 0
-10.2014 0.0 0
-10.1914 0.0 0
-10.1814 0.0 0
-10.1714 0.0 0
-10.1614 0.0 0
-10.1514 0.0 0
-10.1414 0.0 0
-10.1314 0.0 0
-10.1214 0.0 0
-10.1114 0.0 0
-10.1014 0.0 0
-10.0914 0.0 0
-10.0814 0.0 0
-10.0714 0.0 0
-10.0614 0.0 0
-10.0514 0.0 0
-10.0414 0.0 0
-10.0314 0.0 0
-10.0214 0.0 0
-10.0114 0.0 0
-10.0014 0.0 0
-9.9914 0.0 0
-9.9814 0.0 0
-9.9714 0.0 0
-9.9614 0.0 0
-9.9514 0.0 0
-9.9414 0.0 0
-9.9314 0.0 0
-9.9214 0.0 0
-9.9114 0.0 0
-9.9014 0.0 0
-9.8914 0.0 0
-9.8814 0.0 0
-9.8714 0.0 0
-9.8614 0.0 0
-9.8514 0.0 0
-9.8414 0.0 0
-9.8314 0.0 0
-9.8214 0.0 0
-9.8114 0.0 0
-9.8014 0.0 0
-9.7914 0.0 0
-9.7814 0.0 0
-9.7714 0.0 0
-9.7614 0.0 0
-9.7514 0.0 0
-9.7414 0.0 0
-9.7314 0.0 0
-9.7214 0.0 0
-9.7114 0.0 0
-9.7014 0.0 0
-9.6914 0.0 0
-9.6814 0.0 0
-9.6714 0.0 0
-9.6614 0.0 0
-9.6514 0.0 0
-9.6414 0.0 0
-9.6314 0.0 0
-9.6214 0.0 0
-9.6114 0.0 0
-9.6014 0.0 0
-9.5914 0.0 0
-9.5814 0.0 0
-9.5714 0.0 0
-9.5614 0.0 0
-9.5514 0.0 0
-9.5414 1.36e-11 -1.36e-11
-9.5314 2.87e-11 -2.87e-11
-9.5214 5.98e-11 -5.98e-11
-9.5114 1.23e-10 -1.23e-10
-9.5014 2.51e-10 -2.52e-10
-9.4914 5.07e-10 -5.08e-10
-9.4814 1.01e-09 -1.01e-09
-9.4714 2e-09 -2e-09
-9.4614 3.9e-09 -3.91e-09
-9.4514 7.55e-09 -7.55e-09
-9.4414 1.44e-08 -1.44e-08
-9.4314 2.73e-08 -2.73e-08
-9.4214 5.1e-08 -5.11e-08
-9.4114 9.44e-08 -9.45e-08
-9.4014 1.73e-07 -1.73e-07
-9.3914 3.13e-07 -3.13e-07
-9.3814 5.61e-07 -5.61e-07
-9.3714 9.94e-07 -9.95e-07
-9.3614 1.74e-06 -1.74e-06
-9.3514 3.02e-06 -3.03e-06
-9.3414 5.19e-06 -5.19e-06
-9.3314 8.81e-06 -8.81e-06
-9.3214 1.48e-05 -1.48e-05
-9.3114 2.46e-05 -2.46e-05
-9.3014 4.04e-05 -4.04e-05
-9.2914 6.56e-05 -6.57e-05
-9.2814 0.000106 -0.000106
-9.2714 0.000168 -0.000168
-9.2614 0.000264 -0.000264
-9.2514 0.000411 -0.000412
-9.2414 0.000634 -0.000634
-9.2314 0.000965 -0.000966
-9.2214 0.00146 -0.00146
-9.2114 0.00217 -0.00217
-9.2014 0.0032 -0.0032
-9.1914 0.00467 -0.00467
-9.1814 0.00674 -0.00674
-9.1714 0.00962 -0.00963
-9.1614 0.0136 -0.0136
-9.1514 0.019 -0.019
-9.1414 0.0263 -0.0263
-9.1314 0.0359 -0.0359
-9.1214 0.0486 -0.0486
-9.1114 0.065 -0.0651
-9.1014 0.0861 -0.0861
-9.0914 0.113 -0.113
-9.0814 0.146 -0.146
-9.0714 0.187 -0.187
-9.0614 0.237 -0.238
-9.0514 0.298 -0.298
-9.0414 0.37 -0.37
-9.0314 0.454 -0.454
-9.0214 0.551 -0.551
-9.0114 0.662 -0.662
-9.0014 0.786 -0.787
-8.9914 0.924 -0.925
-8.9814 1.08 -1.08
-8.9714 1.24 -1.24
-8.9614 1.41 -1.41
-8.9514 1.58 -1.59
-8.9414 1.77 -1.77
-8.9314 1.94 -1.95
-8.9214 2.12 -2.12
-8.9114 2.29 -2.29
-8.9014 2.44 -2.44
-8.8914 2.57 -2.57
-8.8814 2.69 -2.69
-8.8714 2.77 -2.77
-8.8614 2.83 -2.83
-8.8514 2.86 -2.86
-8.8414 2.86 -2.86
-8.8314 2.83 -2.83
-8.8214 2.77 -2.77
-8.8114 2.68 -2.68
-8.8014 2.57 -2.57
-8.7914 2.43 -2.43
-8.7814 2.28 -2.28
-8.7714 2.11 -2.11
-8.7614 1.94 -1.93
-8.7514 1.76 -1.76
-8.7414 1.58 -1.57
-8.7314 1.4 -1.4
-8.7214 1.23 -1.23
-8.7114 1.07 -1.07
-8.7014 0.917 -0.916
-8.6914 0.779 -0.779
-8.6814 0.655 -0.655
-8.6714 0.545 -0.545
-8.6614 0.449 -0.449
-8.6514 0.365 -0.365
-8.6414 0.294 -0.294
-8.6314 0.234 -0.234
-8.6214 0.185 -0.185
-8.6114 0.144 -0.144
-8.6014 0.111 -0.111
-8.5914 0.0848 -0.0848
-8.5814 0.064 -0.064
-8.5714 0.0478 -0.0478
-8.5614 0.0353 -0.0353
-8.5514 0.0258 -0.0258
-8.5414 0.0187 -0.0187
-8.5314 0.0133 -0.0133
-8.5214 0.00944 -0.00944
-8.5114 0.00661 -0.00661
-8.5014 0.00458 -0.00457
-8.4914 0.00313 -0.00313
-8.4814 0.00212 -0.00212
-8.4714 0.00142 -0.00142
-8.4614 0.000944 -0.000943
-8.4514 0.000619 -0.000619
-8.4414 0.000402 -0.000402
-8.4314 0.000258 -0.000258
-8.4214 0.000164 -0.000164
-8.4114 0.000103 -0.000103
-8.4014 6.39e-05 -6.39e-05
-8.3914 3.93e-05 -3.93e-05
-8.3814 2.39e-05 -2.39e-05
-8.3714 1.44e-05 -1.44e-05
-8.3614 8.56e-06 -8.56e-06
-8.3514 5.04e-06 -5.04e-06
-8.3414 2.94e-06 -2.93e-06
-8.3314 1.69e-06 -1.69e-06
-8.3214 9.64e-07 -9.64e-07
-8.3114 5.44e-07 -5.43e-07
-8.3014 3.03e-07 -3.03e-07
-8.2914 1.67e-07 -1.67e-07
-8.2814 9.14e-08 -9.13e-08
-8.2714 4.93e-08 -4.93e-08
-8.2614 2.64e-08 -2.63e-08
-8.2514 1.39e-08 -1.39e-08
-8.2414 7.28e-09 -7.28e-09
-8.2314 3.77e-09 -3.76e-09
-8.2214 1.93e-09 -1.93e-09
-8.2114 9.76e-10 -9.75e-10
-8.2014 4.88e-10 -4.88e-10
-8.1914 2.42e-10 -2.42e-10
-8.1814 1.19e-10 -1.18e-10
-8.1714 5.75e-11 -5.74e-11
-8.1614 2.76e-11 -2.75e-11
-8.1514 0.0 0
-8.1414 0.0 0
-8.1314 0.0 0
-8.1214 0.0 0
-8.1114 0.0 0
-8.1014 0.0 0
-8.0914 0.0 0
-8.0814 0.0 0
-8.0714 0.0 0
-8.0614 0.0 0
-8.0514 0.0 0
-8.0414 0.0 0
-8.0314 0.0 0
-8.0214 0.0 0
-8.0114 0.0 0
-8.0014 0.0 0
-7.9914 0.0 0
-7.9814 0.0 0
-7.9714 0.0 0
-7.9614 0.0 0
-7.9514 0.0 0
-7.9414 0.0 0
-7.9314 0.0 0
-7.9214 0.0 0
-7.9114 0.0 0
-7.9014 0.0 0
-7.8914 0.0 0
-7.8814 0.0 0
-7.8714 0.0 0
-7.8614 0.0 0
-7.8514 0.0 0
-7.8414 0.0 0
-7.8314 0.0 0
-7.8214 0.0 0
-7.8114 0.0 0
-7.8014 0.0 0
-7.7914 0.0 0
-7.7814 0.0 0
-7.7714 0.0 0
-7.7614 0.0 0
-7.7514 0.0 0
-7.7414 0.0 0
-7.7314 0.0 0
-7.7214 0.0 0
-7.7114 0.0 0
-7.7014 0.0 0
-7.6914 0.0 0
-7.6814 0.0 0
-7.6714 0.0 0
-7.6614 0.0 0
-7.6514 0.0 0
-7.6414 0.0 0
-7.6314 0.0 0
-7.6214 0.0 0
-7.6114 0.0 0
-7.6014 0.0 0
-7.5914 0.0 0
-7.5814 0.0 0
-7.5714 0.0 0
-7.5614 0.0 0
-7.5514 0.0 0
-7.5414 0.0 0
-7.5314 0.0 0
-7.5214 0.0 0
-7.5114 0.0 0
-7.5014 0.0 0
-7.4914 0.0 0
-7.4814 0.0 0
-7.4714 0.0 0
-7.4614 0.0 0
-7.4514 0.0 0
-7.4414 0.0 0
-7.4314 0.0 0
-7.4214 0.0 0
-7.4114 0.0 0
-7.4014 0.0 0
-7.3914 0.0 0
-7.3814 0.0 0
-7.3714 0.0 0
-7.3614 0.0 0
-7.3514 0.0 0
-7.3414 0.0 0
-7.3314 0.0 0
-7.3214 0.0 0
-7.3114 0.0 0
-7.3014 0.0 0
-7.2914 0.0 0
-7.2814 0.0 0
-7.2714 0.0 0
-7.2614 0.0 0
-7.2514 0.0 0
-7.2414 0.0 0
-7.2314 0.0 0
-7.2214 0.0 0
-7.2114 0.0 0
-7.2014 0.0 0
-7.1914 0.0 0
-7.1814 0.0 0
-7.1714 0.0 0
-7.1614 0.0 0
-7.1514 0.0 0
-7.1414 0.0 0
-7.1314 0.0 0
-7.1214 0.0 0
-7.1114 0.0 0
-7.1014 0.0 0
-7.0914 0.0 0
-7.0814 0.0 0
-7.0714 0.0 0
-7.0614 0.0 0
-7.0514 0.0 0
-7.0414 0.0 0
-7.0314 0.0 0
-7.0214 0.0 0
-7.0114 0.0 0
-7.0014 0.0 0
-6.9914 0.0 0
-6.9814 0.0 0
-6.9714 0.0 0
-6.9614 0.0 0
-6.9514 0.0 0
-6.9414 0.0 0
-6.9314 0.0 0
-6.9214 0.0 0
-6.9114 0.0 0
-6.9014 0.0 0
-6.8914 0.0 0
-6.8814 0.0 0
-6.8714 0.0 0
-6.8614 0.0 0
-6.8514 0.0 0
-6.8414 0.0 0
-6.8314 0.0 0
-6.8214 0.0 0
-6.8114 0.0 0
-6.8014 0.0 0
-6.7914 0.0 0
-6.7814 0.0 0
-6.7714 0.0 0
-6.7614 0.0 0
-6.7514 0.0 0
-6.7414 0.0 0
-6.7314 0.0 0
-6.7214 0.0 0
-6.7114 0.0 0
-6.7014 0.0 0
-6.6914 0.0 0
-6.6814 0.0 0
-6.6714 0.0 0
-6.6614 0.0 0
-6.6514 0.0 0
-6.6414 0.0 0
-6.6314 0.0 0
-6.6214 0.0 0
-6.6114 0.0 0
-6.6014 0.0 0
-6.5914 0.0 0
-6.5814 0.0 0
-6.5714 0.0 0
-6.5614 0.0 0
-6.5514 0.0 0
-6.5414 0.0 0
-6.5314 0.0 0
-6.5214 0.0 0
-6.5114 0.0 0
-6.5014 0.0 0
-6.4914 0.0 0
-6.4814 0.0 0
-6.4714 0.0 0
-6.4614 0.0 0
-6.4514 0.0 0
-6.4414 0.0 0
-6.4314 0.0 0
-6.4214 0.0 0
-6.4114 0.0 0
-6.4014 0.0 0
-6.3914 0.0 0
-6.3814 0.0 0
-6.3714 0.0 0
-6.3614 0.0 0
-6.3514 0.0 0
-6.3414 0.0 0
-6.3314 0.0 0
-6.3214 0.0 0
-6.3114 0.0 0
-6.3014 0.0 0
-6.2914 0.0 0
-6.2814 0.0 0
-6.2714 0.0 0
-6.2614 0.0 0
-6.2514 0.0 0
-6.2414 0.0 0
-6.2314 0.0 0
-6.2214 0.0 0
-6.2114 0.0 0
-6.2014 0.0 0
-6.1914 0.0 0
-6.1814 0.0 0
-6.1714 0.0 0
-6.1614 0.0 0
-6.1514 0.0 0
-6.1414 0.0 0
-6.1314 0.0 0
-6.1214 0.0 0
-6.1114 0.0 0
-6.1014 0.0 0
-6.0914 0.0 0
-6.0814 0.0 0
-6.0714 0.0 0
-6.0614 0.0 0
-6.0514 0.0 0
-6.0414 0.0 0
-6.0314 0.0 0
-6.0214 0.0 0
-6.0114 0.0 0
-6.0014 0.0 0
-5.9914 0.0 0
-5.9814 0.0 0
-5.9714 0.0 0
-5.9614 0.0 0
-5.9514 0.0 0
-5.9414 0.0 0
-5.9314 0.0 0
-5.9214 0.0 0
-5.9114 0.0 0
-5.9014 0.0 0
-5.8914 0.0 0
-5.8814 0.0 0
-5.8714 0.0 0
-5.8614 0.0 0
-5.8514 0.0 0
-5.8414 0.0 0
-5.8314 0.0 0
-5.8214 0.0 0
-5.8114 0.0 0
-5.8014 2.285e-11 -2.286e-11
-5.7914 4.8e-11 -4.801e-11
-5.7814 9.97e-11 -9.98e-11
-5.7714 2.045e-10 -2.055e-10
-5.7614 4.169e-10 -4.169e-10
-5.7514 8.38e-10 -8.38e-10
-5.7414 1.666e-09 -1.666e-09
-5.7314 3.284e-09 -3.285e-09
-5.7214 6.396e-09 -6.397e-09
-5.7114 1.229e-08 -1.229e-08
-5.7014 2.343e-08 -2.354e-08
-5.6914 4.422e-08 -4.432e-08
-5.6814 8.26e-08 -8.26e-08
-5.6714 1.527e-07 -1.527e-07
-5.6614 2.779e-07 -2.779e-07
-5.6514 5.018e-07 -5.019e-07
-5.6414 8.96e-07 -8.97e-07
-5.6314 1.585e-06 -1.585e-06
-5.6214 2.768e-06 -2.768e-06
-5.6114 4.788e-06 -4.789e-06
-5.6014 8.19e-06 -8.19e-06
-5.5914 1.389e-05 -1.389e-05
-5.5814 2.32e-05 -2.32e-05
-5.5714 3.836e-05 -3.836e-05
-5.5614 6.293e-05 -6.293e-05
-5.5514 0.0001019 -0.000102
-5.5414 0.0001631 -0.0001631
-5.5314 0.0002595 -0.0002595
-5.5214 0.0004065 -0.0004066
-5.5114 0.0006306 -0.0006316
-5.5014 0.000969 -0.000969
-5.4914 0.00147 -0.00147
-5.4814 0.002216 -0.002216
-5.4714 0.003285 -0.003285
-5.4614 0.004835 -0.004835
-5.4514 0.007028 -0.007029
-5.4414 0.01012 -0.01012
-5.4314 0.01436 -0.01436
-5.4214 0.02032 -0.02032
-5.4114 0.02825 -0.02825
-5.4014 0.03893 -0.03893
-5.3914 0.05306 -0.05306
-5.3814 0.07155 -0.07155
-5.3714 0.0954 -0.0955
-5.3614 0.1263 -0.1263
-5.3514 0.1643 -0.1643
-5.3414 0.2125 -0.2125
-5.3314 0.2711 -0.2721
-5.3214 0.3434 -0.3434
-5.3114 0.4295 -0.4295
-5.3014 0.5306 -0.5306
-5.2914 0.65 -0.65
-5.2814 0.787 -0.787
-5.2714 0.942 -0.942
-5.2614 1.115 -1.116
-5.2514 1.309 -1.309
-5.2414 1.516 -1.516
-5.2314 1.735 -1.735
-5.2214 1.975 -1.975
-5.2114 2.216 -2.216
-5.2014 2.458 -2.458
-5.1914 2.699 -2.699
-5.1814 2.929 -2.929
-5.1714 3.158 -3.158
-5.1614 3.353 -3.353
-5.1514 3.526 -3.526
-5.1414 3.674 -3.674
-5.1314 3.778 -3.778
-5.1214 3.847 -3.847
-5.1114 3.881 -3.881
-5.1014 3.859 -3.859
-5.0914 3.812 -3.812
-5.0814 3.71 -3.71
-5.0714 3.583 -3.583
-5.0614 3.422 -3.422
-5.0514 3.227 -3.227
-5.0414 3.02 -3.02
-5.0314 2.79 -2.79
-5.0214 2.549 -2.549
-5.0114 2.308 -2.308
-5.0014 2.056 -2.056
-4.9914 1.826 -1.826
-4.9814 1.596 -1.596
-4.9714 1.379 -1.379
-4.9614 1.183 -1.183
-4.9514 1.004 -1.004
-4.9414 0.842 -0.842
-4.9314 0.6982 -0.6982
-4.9214 0.573 -0.573
-4.9114 0.4651 -0.4651
-4.9014 0.3732 -0.3732
-4.8914 0.2963 -0.2963
-4.8814 0.2331 -0.2331
-4.8714 0.1814 -0.1814
-4.8614 0.139 -0.139
-4.8514 0.1059 -0.1059
-4.8414 0.0797 -0.0797
-4.8314 0.05937 -0.05937
-4.8214 0.04375 -0.04365
-4.8114 0.03181 -0.03181
-4.8014 0.02297 -0.02296
-4.7914 0.01631 -0.01631
-4.7814 0.01149 -0.01149
-4.7714 0.00805 -0.00805
-4.7614 0.005558 -0.005558
-4.7514 0.00379 -0.00379
-4.7414 0.002561 -0.002561
-4.7314 0.001711 -0.001711
-4.7214 0.001132 -0.001131
-4.7114 0.0007407 -0.0007396
-4.7014 0.0004789 -0.0004789
-4.6914 0.0003066 -0.0003066
-4.6814 0.0001941 -0.0001941
-4.6714 0.0001217 -0.0001217
-4.6614 7.523e-05 -7.522e-05
-4.6514 4.616e-05 -4.606e-05
-4.6414 2.801e-05 -2.791e-05
-4.6314 1.677e-05 -1.677e-05
-4.6214 9.96e-06 -9.95e-06
-4.6114 5.845e-06 -5.835e-06
-4.6014 3.388e-06 -3.388e-06
-4.5914 1.952e-06 -1.952e-06
-4.5814 1.107e-06 -1.107e-06
-4.5714 6.224e-07 -6.224e-07
-4.5614 3.457e-07 -3.457e-07
-4.5514 1.906e-07 -1.906e-07
-4.5414 1.036e-07 -1.036e-07
-4.5314 5.581e-08 -5.571e-08
-4.5214 2.974e-08 -2.974e-08
-4.5114 1.562e-08 -1.562e-08
-4.5014 8.15e-09 -8.15e-09
-4.4914 4.204e-09 -4.203e-09
-4.4814 2.147e-09 -2.147e-09
-4.4714 1.082e-09 -1.082e-09
-4.4614 5.398e-10 -5.398e-10
-4.4514 2.665e-10 -2.665e-10
-4.4414 1.298e-10 -1.298e-10
-4.4314 6.294e-11 -6.293e-11
-4.4214 3.009e-11 -3.009e-11
-4.4114 0.0 0
-4.4014 0.0 0
-4.3914 0.0 0
-4.3814 0.0 0
-4.3714 0.0 0
-4.3614 0.0 0
-4.3514 0.0 0
-4.3414 0.0 0
-4.3314 0.0 0
-4.3214 0.0 0
-4.3114 0.0 0
-4.3014 0.0 0
-4.2914 0.0 0
-4.2814 0.0 0
-4.2714 0.0 0
-4.2614 0.0 0
-4.2514 0.0 0
-4.2414 0.0 0
-4.2314 0.0 0
-4.2214 0.0 0
-4.2114 0.0 0
-4.2014 0.0 0
-4.1914 0.0 0
-4.1814 0.0 0
-4.1714 0.0 0
-4.1614 0.0 0
-4.1514 0.0 0
-4.1414 0.0 0
-4.1314 0.0 0
-4.1214 0.0 0
-4.1114 0.0 0
-4.1014 0.0 0
-4.0914 0.0 0
-4.0814 0.0 0
-4.0714 0.0 0
-4.0614 0.0 0
-4.0514 0.0 0
-4.0414 0.0 0
-4.0314 0.0 0
-4.0214 0.0 0
-4.0114 0.0 0
-4.0014 0.0 0
-3.9914 0.0 0
-3.9814 0.0 0
-3.9714 0.0 0
-3.9614 0.0 0
-3.9514 0.0 0
-3.9414 0.0 0
-3.9314 0.0 0
-3.9214 0.0 0
-3.9114 0.0 0
-3.9014 0.0 0
-3.8914 0.0 0
-3.8814 0.0 0
-3.8714 0.0 0
-3.8614 0.0 0
-3.8514 0.0 0
-3.8414 0.0 0
-3.8314 0.0 0
-3.8214 0.0 0
-3.8114 0.0 0
-3.8014 0.0 0
-3.7914 0.0 0
-3.7814 0.0 0
-3.7714 0.0 0
-3.7614 0.0 0
-3.7514 0.0 0
-3.7414 0.0 0
-3.7314 0.0 0
-3.7214 0.0 0
-3.7114 0.0 0
-3.7014 0.0 0
-3.6914 0.0 0
-3.6814 3.33e-11 -3.31e-11
-3.6714 6.96e-11 -6.91e-11
-3.6614 1.44e-10 -1.43e-10
-3.6514 2.95e-10 -2.93e-10
-3.6414 5.96e-10 -5.92e-10
-3.6314 1.19e-09 -1.19e-09
-3.6214 2.36e-09 -2.35e-09
-3.6114 4.63e-09 -4.6e-09
-3.6014 8.98e-09 -8.92e-09
-3.5914 1.72e-08 -1.71e-08
-3.5814 3.27e-08 -3.25e-08
-3.5714 6.13e-08 -6.09e-08
-3.5614 1.14e-07 -1.13e-07
-3.5514 2.09e-07 -2.08e-07
-3.5414 3.8e-07 -3.77e-07
-3.5314 6.82e-07 -6.78e-07
-3.5214 1.21e-06 -1.21e-06
-3.5114 2.13e-06 -2.12e-06
-3.5014 3.71e-06 -3.69e-06
-3.4914 6.39e-06 -6.35e-06
-3.4814 1.09e-05 -1.08e-05
-3.4714 1.83e-05 -1.82e-05
-3.4614 3.05e-05 -3.04e-05
-3.4514 5.03e-05 -5e-05
-3.4414 8.2e-05 -8.16e-05
-3.4314 0.000132 -0.000132
-3.4214 0.000211 -0.00021
-3.4114 0.000333 -0.000332
-3.4014 0.00052 -0.000518
-3.3914 0.000804 -0.000801
-3.3814 0.00123 -0.00122
-3.3714 0.00186 -0.00185
-3.3614 0.00278 -0.00277
-3.3514 0.00411 -0.00409
-3.3414 0.00602 -0.00599
-3.3314 0.00871 -0.00868
-3.3214 0.0125 -0.0124
-3.3114 0.0177 -0.0176
-3.3014 0.0248 -0.0247
-3.2914 0.0344 -0.0342
-3.2814 0.0471 -0.047
-3.2714 0.064 -0.0638
-3.2614 0.0859 -0.0856
-3.2514 0.114 -0.114
-3.2414 0.15 -0.149
-3.2314 0.195 -0.194
-3.2214 0.25 -0.25
-3.2114 0.318 -0.318
-3.2014 0.4 -0.4
-3.1914 0.498 -0.497
-3.1814 0.614 -0.612
-3.1714 0.747 -0.746
-3.1614 0.901 -0.899
-3.1514 1.07 -1.07
-3.1414 1.27 -1.26
-3.1314 1.48 -1.47
-3.1214 1.7 -1.7
-3.1114 1.95 -1.94
-3.1014 2.2 -2.19
-3.0914 2.45 -2.45
-3.0814 2.71 -2.71
-3.0714 2.97 -2.96
-3.0614 3.21 -3.2
-3.0514 3.43 -3.43
-3.0414 3.63 -3.63
-3.0314 3.8 -3.8
-3.0214 3.94 -3.94
-3.0114 4.04 -4.04
-3.0014 4.09 -4.09
-2.9914 4.1 -4.1
-2.9814 4.07 -4.07
-2.9714 3.99 -3.99
-2.9614 3.88 -3.88
-2.9514 3.72 -3.73
-2.9414 3.54 -3.54
-2.9314 3.32 -3.33
-2.9214 3.09 -3.09
-2.9114 2.84 -2.85
-2.9014 2.59 -2.59
-2.8914 2.33 -2.33
-2.8814 2.07 -2.08
-2.8714 1.83 -1.83
-2.8614 1.59 -1.59
-2.8514 1.37 -1.37
-2.8414 1.17 -1.17
-2.8314 0.987 -0.988
-2.8214 0.823 -0.825
-2.8114 0.68 -0.681
-2.8014 0.555 -0.556
-2.7914 0.448 -0.449
-2.7814 0.358 -0.359
-2.7714 0.283 -0.284
-2.7614 0.222 -0.222
-2.7514 0.171 -0.172
-2.7414 0.131 -0.132
-2.7314 0.0994 -0.0997
-2.7214 0.0744 -0.0747
-2.7114 0.0552 -0.0553
-2.7014 0.0404 -0.0406
-2.6914 0.0293 -0.0294
-2.6814 0.021 -0.0211
-2.6714 0.0149 -0.015
-2.6614 0.0105 -0.0105
-2.6514 0.00728 -0.0073
-2.6414 0.005 -0.00502
-2.6314 0.0034 -0.00341
-2.6214 0.00228 -0.00229
-2.6114 0.00152 -0.00153
-2.6014 0.001 -0.001
-2.5914 0.000651 -0.000654
-2.5814 0.000419 -0.000421
-2.5714 0.000267 -0.000268
-2.5614 0.000168 -0.000169
-2.5514 0.000105 -0.000105
-2.5414 6.47e-05 -6.5e-05
-2.5314 3.94e-05 -3.96e-05
-2.5214 2.38e-05 -2.39e-05
-2.5114 1.42e-05 -1.43e-05
-2.5014 8.39e-06 -8.44e-06
-2.4914 4.9e-06 -4.93e-06
-2.4814 2.83e-06 -2.85e-06
-2.4714 1.62e-06 -1.63e-06
-2.4614 9.17e-07 -9.22e-07
-2.4514 5.13e-07 -5.16e-07
-2.4414 2.84e-07 -2.86e-07
-2.4314 1.55e-07 -1.56e-07
-2.4214 8.42e-08 -8.47e-08
-2.4114 4.51e-08 -4.54e-08
-2.4014 2.39e-08 -2.41e-08
-2.3914 1.25e-08 -1.26e-08
-2.3814 6.51e-09 -6.55e-09
-2.3714 3.34e-09 -3.36e-09
-2.3614 1.7e-09 -1.71e-09
-2.3514 8.51e-10 -8.57e-10
-2.3414 4.23e-10 -4.26e-10
-2.3314 2.08e-10 -2.09e-10
-2.3214 1.01e-10 -1.02e-10
-2.3114 4.86e-11 -4.9e-11
-2.3014 2.31e-11 -2.33e-11
-2.2914 0.0 0
-2.2814 0.0 0
-2.2714 0.0 0
-2.2614 0.0 0
-2.2514 0.0 0
-2.2414 0.0 0
-2.2314 0.0 0
-2.2214 0.0 0
-2.2114 0.0 0
-2.2014 0.0 0
-2.1914 0.0 0
-2.1814 0.0 0
-2.1714 0.0 0
-2.1614 0.0 0
-2.1514 0.0 0
-2.1414 0.0 0
-2.1314 0.0 0
-2.1214 0.0 0
-2.1114 0.0 0
-2.1014 0.0 0
-2.0914 0.0 0
-2.0814 0.0 0
-2.0714 0.0 0
-2.0614 0.0 0
-2.0514 0.0 0
-2.0414 0.0 0
-2.0314 0.0 0
-2.0214 0.0 0
-2.0114 0.0 0
-2.0014 0.0 0
-1.9914 0.0 0
-1.9814 0.0 0
-1.9714 0.0 0
-1.9614 0.0 0
-1.9514 0.0 0
-1.9414 0.0 0
-1.9314 0.0 0
-1.9214 0.0 0
-1.9114 0.0 0
-1.9014 0.0 0
-1.8914 0.0 0
-1.8814 0.0 0
-1.8714 0.0 0
-1.8614 0.0 0
-1.8514 0.0 0
-1.8414 0.0 0
-1.8314 0.0 0
-1.8214 0.0 0
-1.8114 0.0 0
-1.8014 0.0 0
-1.7914 0.0 0
-1.7814 0.0 0
-1.7714 0.0 0
-1.7614 0.0 0
-1.7514 0.0 0
-1.7414 0.0 0
-1.7314 0.0 0
-1.7214 0.0 0
-1.7114 0.0 0
-1.7014 0.0 0
-1.6914 0.0 0
-1.6814 0.0 0
-1.6714 0.0 0
-1.6614 0.0 0
-1.6514 0.0 0
-1.6414 0.0 0
-1.6314 0.0 0
-1.6214 0.0 0
-1.6114 0.0 0
-1.6014 0.0 0
-1.5914 0.0 0
-1.5814 0.0 0
-1.5714 0.0 0
-1.5614 0.0 0
-1.5514 0.0 0
-1.5414 0.0 0
-1.5314 0.0 0
-1.5214 0.0 0
-1.5114 0.0 0
-1.5014 0.0 0
-1.4914 0.0 0
-1.4814 0.0 0
-1.4714 0.0 0
-1.4614 0.0 0
-1.4514 0.0 0
-1.4414 0.0 0
-1.4314 0.0 0
-1.4214 0.0 0
-1.4114 0.0 0
-1.4014 0.0 0
-1.3914 0.0 0
-1.3814 0.0 0
-1.3714 0.0 0
-1.3614 0.0 0
-1.3514 0.0 0
-1.3414 0.0 0
-1.3314 0.0 0
-1.3214 0.0 0
-1.3114 0.0 0
-1.3014 0.0 0
-1.2914 0.0 0
-1.2814 0.0 0
-1.2714 0.0 0
-1.2614 0.0 0
-1.2514 0.0 0
-1.2414 0.0 0
-1.2314 0.0 0
-1.2214 0.0 0
-1.2114 0.0 0
-1.2014 0.0 0
-1.1914 0.0 0
-1.1814 0.0 0
-1.1714 0.0 0
-1.1614 0.0 0
-1.1514 0.0 0
-1.1414 0.0 0
-1.1314 0.0 0
-1.1214 0.0 0
-1.1114 0.0 0
-1.1014 0.0 0
-1.0914 0.0 0
-1.0814 0.0 0
-1.0714 0.0 0
-1.0614 0.0 0
-1.0514 0.0 0
-1.0414 0.0 0
-1.0314 0.0 0
-1.0214 0.0 0
-1.0114 0.0 0
-1.0014 0.0 0
-0.9914 0.0 0
-0.9814 0.0 0
-0.9714 0.0 0
-0.9614 0.0 0
-0.9514 0.0 0
-0.9414 0.0 0
-0.9314 0.0 0
-0.9214 0.0 0
-0.9114 0.0 0
-0.9014 0.0 0
-0.8914 0.0 0
-0.8814 0.0 0
-0.8714 0.0 0
-0.8614 0.0 0
-0.8514 0.0 0
-0.8414 0.0 0
-0.8314 0.0 0
-0.8214 0.0 0
-0.8114 0.0 0
-0.8014 0.0 0
-0.7914 0.0 0
-0.7814 0.0 0
-0.7714 0.0 0
-0.7614 0.0 0
-0.7514 0.0 0
-0.7414 0.0 0
-0.7314 0.0 0
-0.7214 0.0 0
-0.7114 0.0 0
-0.7014 0.0 0
-0.6914 0.0 0
-0.6814 0.0 0
-0.6714 0.0 0
-0.6614 0.0 0
-0.6514 0.0 0
-0.6414 0.0 0
-0.6314 0.0 0
-0.6214 0.0 0
-0.6114 0.0 0
-0.6014 0.0 0
-0.5914 0.0 0
-0.5814 0.0 0
-0.5714 0.0 0
-0.5614 0.0 0
-0.5514 0.0 0
-0.5414 0.0 0
-0.5314 0.0 0
-0.5214 0.0 0
-0.5114 0.0 0
-0.5014 0.0 0
-0.4914 0.0 0
-0.4814 0.0 0
-0.4714 0.0 0
-0.4614 0.0 0
-0.4514 0.0 0
-0.4414 0.0 0
-0.4314 0.0 0
-0.4214 0.0 0
-0.4114 0.0 0
-0.4014 0.0 0
-0.3914 0.0 0
-0.3814 0.0 0
-0.3714 0.0 0
-0.3614 0.0 0
-0.3514 0.0 0
-0.3414 0.0 0
-0.3314 0.0 0
-0.3214 0.0 0
-0.3114 0.0 0
-0.3014 0.0 0
-0.2914 0.0 0
-0.2814 0.0 0
-0.2714 0.0 0
-0.2614 0.0 0
-0.2514 0.0 0
-0.2414 0.0 0
-0.2314 0.0 0
-0.2214 0.0 0
-0.2114 0.0 0
-0.2014 0.0 0
-0.1914 0.0 0
-0.1814 0.0 0
-0.1714 0.0 0
-0.1614 0.0 0
-0.1514 0.0 0
-0.1414 0.0 0
-0.1314 0.0 0
-0.1214 0.0 0
-0.1114 0.0 0
-0.1014 0.0 0
-0.0914 0.0 0
-0.0814 0.0 0
-0.0714 0.0 0
-0.0614 0.0 0
-0.0514 0.0 0
-0.0414 0.0 0
-0.0314 0.0 0
-0.0214 0.0 0
-0.0114 0.0 0
-0.0014 0.0 0
0.0086 0.0 0
0.0186 0.0 0
0.0286 0.0 0
0.0386 0.0 0
0.0486 0.0 0
0.0586 0.0 0
0.0686 0.0 0
0.0786 0.0 0
0.0886 0.0 0
0.0986 0.0 0
0.1086 0.0 0
0.1186 0.0 0
0.1286 0.0 0
0.1386 0.0 0
0.1486 0.0 0
0.1586 0.0 0
0.1686 0.0 0
0.1786 0.0 0
0.1886 0.0 0
0.1986 0.0 0
0.2086 0.0 0
0.2186 0.0 0
0.2286 0.0 0
0.2386 0.0 0
0.2486 0.0 0
0.2586 0.0 0
0.2686 0.0 0
0.2786 0.0 0
0.2886 0.0 0
0.2986 0.0 0
0.3086 0.0 0
0.3186 0.0 0
0.3286 0.0 0
0.3386 0.0 0
0.3486 0.0 0
0.3586 0.0 0
0.3686 0.0 0
0.3786 0.0 0
0.3886 0.0 0
0.3986 0.0 0
0.4086 0.0 0
0.4186 0.0 0
0.4286 0.0 0
0.4386 0.0 0
0.4486 0.0 0
0.4586 0.0 0
0.4686 0.0 0
0.4786 0.0 0
0.4886 0.0 0
0.4986 0.0 0
0.5086 0.0 0
0.5186 0.0 0
0.5286 0.0 0
0.5386 0.0 0
0.5486 0.0 0
0.5586 0.0 0
0.5686 0.0 0
0.5786 0.0 0
0.5886 0.0 0
0.5986 0.0 0
0.6086 0.0 0
0.6186 0.0 0
0.6286 0.0 0
0.6386 0.0 0
0.6486 0.0 0
0.6586 0.0 0
0.6686 0.0 0
0.6786 0.0 0
0.6886 0.0 0
0.6986 0.0 0
0.7086 0.0 0
0.7186 0.0 0
0.7286 0.0 0
0.7386 0.0 0
0.7486 0.0 0
0.7586 0.0 0
0.7686 0.0 0
0.7786 0.0 0
0.7886 0.0 0
0.7986 0.0 0
0.8086 0.0 0
0.8186 0.0 0
0.8286 0.0 0
0.8386 0.0 0
0.8486 0.0 0
0.8586 0.0 0
0.8686 0.0 0
0.8786 0.0 0
0.8886 0.0 0
0.8986 0.0 0
0.9086 0.0 0
0.9186 0.0 0
0.9286 0.0 0
0.9386 0.0 0
0.9486 0.0 0
0.9586 0.0 0
0.9686 0.0 0
0.9786 0.0 0
0.9886 0.0 0
0.9986 0.0 0
1.0086 0.0 0
1.0186 0.0 0
1.0286 0.0 0
1.0386 0.0 0
1.0486 0.0 0
1.0586 0.0 0
1.0686 0.0 0
1.0786 0.0 0
1.0886 0.0 0
1.0986 0.0 0
1.1086 0.0 0
1.1186 0.0 0
1.1286 0.0 0
1.1386 0.0 0
1.1486 0.0 0
1.1586 0.0 0
1.1686 0.0 0
1.1786 0.0 0
1.1886 0.0 0
1.1986 0.0 0
1.2086 0.0 0
1.2186 0.0 0
1.2286 0.0 0
1.2386 0.0 0
1.2486 0.0 0
1.2586 0.0 0
1.2686 0.0 0
1.2786 0.0 0
1.2886 0.0 0
1.2986 0.0 0
1.3086 0.0 0
1.3186 0.0 0
1.3286 0.0 0
1.3386 0.0 0
1.3486 0.0 0
1.3586 0.0 0
1.3686 0.0 0
1.3786 0.0 0
1.3886 0.0 0
1.3986 0.0 0
1.4086 0.0 0
1.4186 0.0 0
1.4286 0.0 0
1.4386 0.0 0
1.4486 0.0 0
1.4586 0.0 0
1.4686 0.0 0
1.4786 0.0 0
1.4886 0.0 0
1.4986 0.0 0
1.5086 0.0 0
1.5186 0.0 0
1.5286 0.0 0
1.5386 0.0 0
1.5486 0.0 0
1.5586 0.0 0
1.5686 0.0 0
1.5786 0.0 0
1.5886 0.0 0
1.5986 0.0 0
1.6086 0.0 0
1.6186 0.0 0
1.6286 0.0 0
1.6386 0.0 0
1.6486 0.0 0
1.6586 0.0 0
1.6686 0.0 0
1.6786 0.0 0
1.6886 0.0 0
1.6986 0.0 0
1.7086 0.0 0
1.7186 0.0 0
1.7286 0.0 0
1.7386 0.0 0
1.7486 0.0 0
1.7586 0.0 0
1.7686 0.0 0
1.7786 0.0 0
1.7886 0.0 0
1.7986 0.0 0
1.8086 0.0 0
1.8186 0.0 0
1.8286 0.0 0
1.8386 0.0 0
1.8486 0.0 0
1.8586 0.0 0
1.8686 0.0 0
1.8786 3.94e-12 -3.96e-12
1.8886 8.25e-12 -8.29e-12
1.8986 1.703e-11 -1.717e-11
1.9086 3.49e-11 -3.5e-11
1.9186 7.07e-11 -7.1e-11
1.9286 1.415e-10 -1.422e-10
1.9386 2.8e-10 -2.82e-10
1.9486 5.5e-10 -5.52e-10
1.9586 1.065e-09 -1.07e-09
1.9686 2.045e-09 -2.048e-09
1.9786 3.88e-09 -3.89e-09
1.9886 7.28e-09 -7.31e-09
1.9986 1.352e-08 -1.357e-08
2.0086 2.485e-08 -2.489e-08
2.0186 4.51e-08 -4.53e-08
2.0286 8.11e-08 -8.14e-08
2.0386 1.442e-07 -1.448e-07
2.0486 2.536e-07 -2.55e-07
2.0586 4.42e-07 -4.43e-07
2.0686 7.6e-07 -7.63e-07
2.0786 1.294e-06 -1.299e-06
2.0886 2.178e-06 -2.191e-06
2.0986 3.63e-06 -3.65e-06
2.1086 5.99e-06 -6.01e-06
2.1186 9.77e-06 -9.8e-06
2.1286 1.577e-05 -1.582e-05
2.1386 2.519e-05 -2.522e-05
2.1486 3.98e-05 -3.99e-05
2.1586 6.2e-05 -6.22e-05
2.1686 9.59e-05 -9.62e-05
2.1786 0.0001466 -0.0001471
2.1886 0.0002222 -0.0002224
2.1986 0.000332 -0.000332
2.2086 0.000491 -0.000492
2.2186 0.000718 -0.00072
2.2286 0.001041 -0.001044
2.2386 0.001491 -0.001494
2.2486 0.002112 -0.002114
2.2586 0.00296 -0.00296
2.2686 0.00411 -0.00412
2.2786 0.00564 -0.00565
2.2886 0.00766 -0.00767
2.2986 0.01028 -0.01029
2.3086 0.01365 -0.01368
2.3186 0.01798 -0.01799
2.3286 0.02337 -0.02338
2.3386 0.03 -0.0301
2.3486 0.0381 -0.0383
2.3586 0.048 -0.0481
2.3686 0.0597 -0.0599
2.3786 0.0736 -0.0737
2.3886 0.0897 -0.0898
2.3986 0.1081 -0.1082
2.4086 0.1289 -0.1291
2.4186 0.152 -0.1522
2.4286 0.177 -0.178
2.4386 0.2046 -0.2047
2.4486 0.2339 -0.234
2.4586 0.264 -0.265
2.4686 0.295 -0.295
2.4786 0.326 -0.326
2.4886 0.357 -0.357
2.4986 0.386 -0.386
2.5086 0.413 -0.414
2.5186 0.437 -0.437
2.5286 0.458 -0.458
2.5386 0.474 -0.475
2.5486 0.486 -0.486
2.5586 0.493 -0.493
2.5686 0.494 -0.494
2.5786 0.491 -0.491
2.5886 0.481 -0.481
2.5986 0.468 -0.468
2.6086 0.45 -0.45
2.6186 0.427 -0.427
2.6286 0.401 -0.401
2.6386 0.373 -0.373
2.6486 0.344 -0.343
2.6586 0.313 -0.312
2.6686 0.281 -0.281
2.6786 0.2504 -0.2504
2.6886 0.2208 -0.2208
2.6986 0.1928 -0.1918
2.7086 0.1655 -0.1654
2.7186 0.1415 -0.1414
2.7286 0.1194 -0.1193
2.7386 0.0997 -0.0995
2.7486 0.0823 -0.0822
2.7586 0.0672 -0.0671
2.7686 0.0543 -0.0543
2.7786 0.0434 -0.0434
2.7886 0.0344 -0.0343
2.7986 0.0268 -0.0268
2.8086 0.02079 -0.02077
2.8186 0.01592 -0.01589
2.8286 0.01206 -0.01204
2.8386 0.00903 -0.00902
2.8486 0.00669 -0.00668
2.8586 0.00491 -0.0049
2.8686 0.00356 -0.00355
2.8786 0.002554 -0.002552
2.8886 0.001815 -0.001814
2.8986 0.001274 -0.001271
2.9086 0.000885 -0.000883
2.9186 0.000608 -0.000607
2.9286 0.000414 -0.000412
2.9386 0.000278 -0.000277
2.9486 0.0001849 -0.0001847
2.9586 0.0001217 -0.0001214
2.9686 7.92e-05 -7.9e-05
2.9786 5.1e-05 -5.09e-05
2.9886 3.25e-05 -3.24e-05
2.9986 2.047e-05 -2.045e-05
3.0086 1.278e-05 -1.274e-05
3.0186 7.89e-06 -7.86e-06
3.0286 4.81e-06 -4.79e-06
3.0386 2.9e-06 -2.9e-06
3.0486 1.734e-06 -1.732e-06
3.0586 1.024e-06 -1.021e-06
3.0686 5.99e-07 -5.97e-07
3.0786 3.47e-07 -3.45e-07
3.0886 1.98e-07 -1.977e-07
3.0986 1.119e-07 -1.116e-07
3.1086 6.27e-08 -6.25e-08
3.1186 3.47e-08 -3.45e-08
3.1286 1.899e-08 -1.896e-08
3.1386 1.029e-08 -1.026e-08
3.1486 5.52e-09 -5.5e-09
3.1586 2.93e-09 -2.91e-09
3.1686 1.535e-09 -1.528e-09
3.1786 7.97e-10 -7.93e-10
3.1886 4.09e-10 -4.07e-10
3.1986 2.077e-10 -2.064e-10
3.2086 1.044e-10 -1.039e-10
3.2186 5.19e-11 -5.16e-11
3.2286 2.551e-11 -2.536e-11
3.2386 1.239e-11 -1.234e-11
3.2486 5.96e-12 -5.94e-12
3.2586 2.83e-12 -2.83e-12
3.2686 0.0 0
3.2786 0.0 0
3.2886 0.0 0
3.2986 0.0 0
3.3086 0.0 0
3.3186 0.0 0
3.3286 0.0 0
3.3386 0.0 0
3.3486 0.0 0
3.3586 0.0 0
3.3686 0.0 0
3.3786 0.0 0
3.3886 0.0 0
3.3986 0.0 0
3.4086 0.0 0
3.4186 0.0 0
3.4286 0.0 0
3.4386 0.0 0
3.4486 0.0 0
3.4586 0.0 0
3.4686 0.0 0
3.4786 0.0 0
3.4886 0.0 0
3.4986 0.0 0
3.5086 0.0 0
3.5186 0.0 0
3.5286 0.0 0
3.5386 0.0 0
3.5486 0.0 0
3.5586 0.0 0
3.5686 0.0 0
3.5786 0.0 0
3.5886 0.0 0
3.5986 0.0 0
3.6086 0.0 0
3.6186 0.0 0
3.6286 0.0 0
3.6386 0.0 0
3.6486 0.0 0
3.6586 0.0 0
3.6686 0.0 0
3.6786 0.0 0
3.6886 0.0 0
3.6986 0.0 0
3.7086 0.0 0
3.7186 0.0 0
3.7286 0.0 0
3.7386 0.0 0
3.7486 0.0 0
3.7586 0.0 0
3.7686 0.0 0
3.7786 0.0 0
3.7886 0.0 0
3.7986 0.0 0
3.8086 0.0 0
3.8186 0.0 0
3.8286 0.0 0
3.8386 0.0 0
3.8486 0.0 0
3.8586 0.0 0
3.8686 0.0 0
3.8786 0.0 0
3.8886 0.0 0
3.8986 0.0 0
3.9086 0.0 0
3.9186 0.0 0
3.9286 0.0 0
3.9386 0.0 0
3.9486 0.0 0
3.9586 0.0 0
3.9686 0.0 0
3.9786 0.0 0
3.9886 0.0 0
3.9986 0.0 0
4.0086 0.0 0
4.0186 0.0 0
4.0286 0.0 0
4.0386 0.0 0
4.0486 0.0 0
4.0586 0.0 0
4.0686 0.0 0
4.0786 0.0 0
4.0886 0.0 0
4.0986 0.0 0
4.1086 0.0 0
4.1186 0.0 0
4.1286 0.0 0
4.1386 0.0 0
4.1486 0.0 0
4.1586 0.0 0
4.1686 0.0 0
4.1786 0.0 0
4.1886 0.0 0
4.1986 0.0 0
4.2086 0.0 0
4.2186 0.0 0
4.2286 0.0 0
4.2386 0.0 0
4.2486 0.0 0
4.2586 0.0 0
4.2686 0.0 0
4.2786 0.0 0
4.2886 0.0 0
4.2986 0.0 0
4.3086 0.0 0
4.3186 0.0 0
4.3286 0.0 0
4.3386 0.0 0
4.3486 0.0 0
4.3586 0.0 0
4.3686 0.0 0
4.3786 0.0 0
4.3886 0.0 0
4.3986 0.0 0
4.4086 0.0 0
4.4186 0.0 0
4.4286 0.0 0
4.4386 0.0 0
4.4486 0.0 0
4.4586 0.0 0
4.4686 0.0 0
4.4786 0.0 0
4.4886 0.0 0
4.4986 0.0 0
4.5086 0.0 0
4.5186 0.0 0
4.5286 0.0 0
4.5386 0.0 0
4.5486 0.0 0
4.5586 0.0 0
4.5686 0.0 0
4.5786 0.0 0
4.5886 0.0 0
4.5986 0.0 0
4.6086 0.0 0
4.6186 0.0 0
4.6286 0.0 0
4.6386 0.0 0
4.6486 0.0 0
4.6586 0.0 0
4.6686 0.0 0
4.6786 0.0 0
4.6886 0.0 0
4.6986 0.0 0
4.7086 0.0 0
4.7186 0.0 0
4.7286 0.0 0
4.7386 0.0 0
4.7486 0.0 0
4.7586 0.0 0
4.7686 0.0 0
4.7786 0.0 0
4.7886 0.0 0
4.7986 0.0 0
4.8086 0.0 0
4.8186 0.0 0
4.8286 0.0 0
4.8386 0.0 0
4.8486 0.0 0
4.8586 0.0 0
4.8686 0.0 0
4.8786 0.0 0
4.8886 0.0 0
4.8986 0.0 0
4.9086 0.0 0
4.9186 0.0 0
4.9286 0.0 0
4.9386 0.0 0
4.9486 0.0 0
4.9586 0.0 0
4.9686 0.0 0
4.9786 0.0 0
4.9886 0.0 0
4.9986 0.0 0
5.0086 0.0 0
5.0186 0.0 0
5.0286 0.0 0
5.0386 0.0 0
5.0486 0.0 0
5.0586 0.0 0
5.0686 0.0 0
5.0786 0.0 0
5.0886 0.0 0
5.0986 0.0 0
5.1086 0.0 0
5.1186 0.0 0
5.1286 0.0 0
5.1386 0.0 0
5.1486 0.0 0
5.1586 0.0 0
5.1686 0.0 0
5.1786 0.0 0
5.1886 0.0 0
5.1986 0.0 0
5.2086 1.214e-12 -1.221e-12
5.2186 2.56e-12 -2.57e-12
5.2286 5.32e-12 -5.35e-12
5.2386 1.096e-11 -1.102e-11
5.2486 2.23e-11 -2.25e-11
5.2586 4.51e-11 -4.53e-11
5.2686 8.98e-11 -9.03e-11
5.2786 1.772e-10 -1.781e-10
5.2886 3.46e-10 -3.48e-10
5.2986 6.7e-10 -6.73e-10
5.3086 1.28e-09 -1.286e-09
5.3186 2.42e-09 -2.44e-09
5.3286 4.53e-09 -4.55e-09
5.3386 8.37e-09 -8.41e-09
5.3486 1.532e-08 -1.539e-08
5.3586 2.78e-08 -2.78e-08
5.3686 4.97e-08 -4.99e-08
5.3786 8.8e-08 -8.84e-08
5.3886 1.543e-07 -1.55e-07
5.3986 2.68e-07 -2.69e-07
5.4086 4.6e-07 -4.62e-07
5.4186 7.8e-07 -7.83e-07
5.4286 1.31e-06 -1.315e-06
5.4386 2.181e-06 -2.185e-06
5.4486 3.58e-06 -3.59e-06
5.4586 5.82e-06 -5.84e-06
5.4686 9.36e-06 -9.4e-06
5.4786 1.491e-05 -1.496e-05
5.4886 2.35e-05 -2.35e-05
5.4986 3.66e-05 -3.67e-05
5.5086 5.65e-05 -5.66e-05
5.5186 8.62e-05 -8.64e-05
5.5286 0.0001301 -0.0001305
5.5386 0.0001939 -0.0001952
5.5486 0.000288 -0.000288
5.5586 0.000421 -0.000421
5.5686 0.000608 -0.00061
5.5786 0.000872 -0.000874
5.5886 0.001237 -0.00124
5.5986 0.001736 -0.00174
5.6086 0.00241 -0.00242
5.6186 0.00331 -0.00332
5.6286 0.00451 -0.00452
5.6386 0.00607 -0.00609
5.6486 0.0081 -0.00812
5.6586 0.01069 -0.01071
5.6686 0.01398 -0.014
5.6786 0.01813 -0.01815
5.6886 0.02319 -0.02321
5.6986 0.0294 -0.0295
5.7086 0.0369 -0.037
5.7186 0.046 -0.046
5.7286 0.0567 -0.0567
5.7386 0.0692 -0.0692
5.7486 0.0836 -0.0838
5.7586 0.1003 -0.1003
5.7686 0.119 -0.1191
5.7786 0.14 -0.1401
5.7886 0.1636 -0.1637
5.7986 0.1885 -0.1885
5.8086 0.2164 -0.2165
5.8186 0.2453 -0.2454
5.8286 0.276 -0.2761
5.8386 0.3073 -0.3074
5.8486 0.3402 -0.3402
5.8586 0.3733 -0.3733
5.8686 0.406 -0.406
5.8786 0.438 -0.437
5.8886 0.468 -0.467
5.8986 0.495 -0.495
5.9086 0.521 -0.52
5.9186 0.543 -0.542
5.9286 0.561 -0.56
5.9386 0.575 -0.574
5.9486 0.5833 -0.5823
5.9586 0.588 -0.587
5.9686 0.5871 -0.5861
5.9786 0.5807 -0.5796
5.9886 0.5699 -0.5689
5.9986 0.554 -0.5529
6.0086 0.534 -0.533
6.0186 0.5093 -0.5082
6.0286 0.4817 -0.4807
6.0386 0.4516 -0.4505
6.0486 0.4198 -0.4188
6.0586 0.3866 -0.3856
6.0686 0.3519 -0.3508
6.0786 0.3177 -0.3166
6.0886 0.284 -0.283
6.0986 0.2518 -0.2508
6.1086 0.2201 -0.2201
6.1186 0.19186 -0.19085
6.1286 0.16498 -0.16397
6.1386 0.14044 -0.13943
6.1486 0.11819 -0.11818
6.1586 0.09879 -0.09849
6.1686 0.08171 -0.08151
6.1786 0.067 -0.06679
6.1886 0.05443 -0.05422
6.1986 0.043869 -0.043767
6.2086 0.0351 -0.034998
6.2186 0.028 -0.027899
6.2286 0.022254 -0.022153
6.2386 0.017647 -0.017647
6.2486 0.014071 -0.014071
6.2586 0.011317 -0.011317
6.2686 0.0092893 -0.0092691
6.2786 0.0077731 -0.0077529
6.2886 0.0066752 -0.0066651
6.2986 0.0059031 -0.005893
6.3086 0.005375 -0.0053649
6.3186 0.00501959 -0.00501956
6.3286 0.00478609 -0.00478607
6.3386 0.00463383 -0.00463382
6.3486 0.00452239 -0.00452238
6.3586 0.00443148 -0.00443148
6.3686 0.004340924 -0.00434092
6.3786 0.004240595 -0.00424059
6.3886 0.004120419 -0.00412042
6.3986 0.003990351 -0.00399035
6.4086 0.003840372 -0.00384038
6.4186 0.00367048 -0.00367048
6.4286 0.003500689 -0.0035007
6.4386 0.00333103 -0.00333104
6.4486 0.00317156 -0.00316158
6.4586 0.00302236 -0.00302239
6.4686 0.00291353 -0.00291358
6.4786 0.00284524 -0.00284531
6.4886 0.0028177 -0.0028178
6.4986 0.0028512 -0.0028513
6.5086 0.0029561 -0.0029563
6.5186 0.0031328 -0.0031331
6.5286 0.0033821 -0.0033825
6.5386 0.0037147 -0.0037153
6.5486 0.0041216 -0.0041323
6.5586 0.0046238 -0.0046249
6.5686 0.005193 -0.005204
6.5786 0.005831 -0.005842
6.5886 0.006538 -0.006551
6.5986 0.007299 -0.007312
6.6086 0.008094 -0.008108
6.6186 0.008916 -0.008931
6.6286 0.009748 -0.009764
6.6386 0.010582 -0.0106
6.6486 0.01143 -0.01144
6.6586 0.01212 -0.01223
6.6686 0.01293 -0.01294
6.6786 0.01357 -0.01358
6.6886 0.01414 -0.01416
6.6986 0.01463 -0.01466
6.7086 0.01506 -0.01508
6.7186 0.0154 -0.01543
6.7286 0.01556 -0.01559
6.7386 0.01573 -0.01576
6.7486 0.0158 -0.01584
6.7586 0.01577 -0.01581
6.7686 0.01563 -0.01567
6.7786 0.01536 -0.01541
6.7886 0.01509 -0.01517
6.7986 0.01474 -0.01481
6.8086 0.01432 -0.0144
6.8186 0.01384 -0.01392
6.8286 0.0133 -0.01338
6.8386 0.01271 -0.01278
6.8486 0.01208 -0.01216
6.8586 0.01141 -0.01148
6.8686 0.01071 -0.01077
6.8786 0.00998 -0.01004
6.8886 0.00924 -0.0093
6.8986 0.00849 -0.00855
6.9086 0.00774 -0.00779
6.9186 0.007 -0.00705
6.9286 0.00628 -0.00633
6.9386 0.00558 -0.00563
6.9486 0.00492 -0.00495
6.9586 0.0043 -0.00433
6.9686 0.00372 -0.00375
6.9786 0.0032 -0.00321
6.9886 0.002715 -0.002731
6.9986 0.002278 -0.002293
7.0086 0.001902 -0.001906
7.0186 0.001566 -0.001579
7.0286 0.001276 -0.001285
7.0386 0.001031 -0.001039
7.0486 0.000825 -0.00083
7.0586 0.000652 -0.000656
7.0686 0.000511 -0.000514
7.0786 0.000396 -0.000398
7.0886 0.0003039 -0.0003055
7.0986 0.0002305 -0.000232
7.1086 0.0001733 -0.0001736
7.1186 0.0001284 -0.0001292
7.1286 9.44e-05 -9.49e-05
7.1386 6.86e-05 -6.9e-05
7.1486 4.94e-05 -4.97e-05
7.1586 3.51e-05 -3.53e-05
7.1686 2.478e-05 -2.483e-05
7.1786 1.725e-05 -1.728e-05
7.1886 1.187e-05 -1.193e-05
7.1986 8.1e-06 -8.14e-06
7.2086 5.46e-06 -5.49e-06
7.2186 3.65e-06 -3.66e-06
7.2286 2.404e-06 -2.418e-06
7.2386 1.576e-06 -1.578e-06
7.2486 1.015e-06 -1.02e-06
