-21.4714 0.0001212 0.000121
-21.4614 0.0001872 0.0001872
-21.4514 0.000286 0.000286
-21.4414 0.000434 0.000432
-21.4314 0.000648 0.000648
-21.4214 0.00096 0.00096
-21.4114 0.001406 0.001406
-21.4014 0.00204 0.00204
-21.3914 0.00292 0.00292
-21.3814 0.00414 0.00414
-21.3714 0.0058 0.0058
-21.3614 0.00806 0.00806
-21.3514 0.01106 0.01106
-21.3414 0.01502 0.015
-21.3314 0.0202 0.0202
-21.3214 0.0268 0.0268
-21.3114 0.0352 0.0352
-21.3014 0.0458 0.0458
-21.2914 0.059 0.059
-21.2814 0.075 0.075
-21.2714 0.0944 0.0944
-21.2614 0.1176 0.1176
-21.2514 0.145 0.145
-21.2414 0.1766 0.1766
-21.2314 0.212 0.212
-21.2214 0.254 0.254
-21.2114 0.3 0.3
-21.2014 0.35 0.35
-21.1914 0.404 0.404
-21.1814 0.462 0.462
-21.1714 0.522 0.522
-21.1614 0.584 0.584
-21.1514 0.644 0.644
-21.1414 0.706 0.706
-21.1314 0.764 0.764
-21.1214 0.818 0.818
-21.1114 0.866 0.866
-21.1014 0.908 0.908
-21.0914 0.94 0.94
-21.0814 0.964 0.964
-21.0714 0.978 0.978
-21.0614 0.982 0.982
-21.0514 0.974 0.974
-21.0414 0.956 0.956
-21.0314 0.93 0.93
-21.0214 0.892 0.892
-21.0114 0.848 0.848
-21.0014 0.798 0.798
-20.9914 0.742 0.742
-20.9814 0.684 0.684
-20.9714 0.622 0.622
-20.9614 0.56 0.56
-20.9514 0.5 0.5
-20.9414 0.44 0.44
-20.9314 0.384 0.384
-20.9214 0.332 0.332
-20.9114 0.282 0.282
-20.9014 0.238 0.238
-20.8914 0.1992 0.1992
-20.8814 0.1646 0.1646
-20.8714 0.1344 0.1344
-20.8614 0.1086 0.1088
-20.8514 0.087 0.087
-20.8414 0.0688 0.0688
-20.8314 0.0538 0.0538
-20.8214 0.0416 0.0416
-20.8114 0.032 0.032
-20.8014 0.0242 0.0242
-20.7914 0.01812 0.01814
-20.7814 0.01344 0.01344
-20.7714 0.00986 0.00986
-20.7614 0.00716 0.00716
-20.7514 0.00514 0.00514
-20.7414 0.00364 0.00364
-20.7314 0.00256 0.00256
-20.7214 0.00178 0.001782
-20.7114 0.001224 0.001224
-20.7014 0.000832 0.000832
-20.6914 0.00056 0.00056
-20.6814 0.000372 0.000372
-20.6714 0.000246 0.000246
-20.6614 0.0001598 0.00016
-20.6514 0.000103 0.000103
-20.6414 6.56e-05 6.56e-05
-20.6314 4.14e-05 4.14e-05
-20.6214 2.58e-05 2.58e-05
-20.6114 1.594e-05 1.594e-05
-20.6014 9.72e-06 9.74e-06
-20.5914 5.88e-06 5.88e-06
-20.5814 3.5e-06 3.52e-06
-20.5714 2.08e-06 2.08e-06
-20.5614 1.212e-06 1.214e-06
-20.5514 7.02e-07 7.02e-07
-20.5414 4.02e-07 4.02e-07
-20.5314 2.28e-07 2.28e-07
-20.5214 1.272e-07 1.272e-07
-20.5114 7.04e-08 7.04e-08
-20.5014 3.86e-08 3.86e-08
-20.4914 2.1e-08 2.1e-08
-20.4814 1.122e-08 1.122e-08
-20.4714 5.94e-09 5.96e-09
-20.4614 3.12e-09 3.12e-09
-20.4514 1.62e-09 1.622e-09
-20.4414 8.32e-10 8.32e-10
-20.4314 4.22e-10 4.24e-10
-20.4214 2.12e-10 2.12e-10
-20.4114 1.056e-10 1.058e-10
-20.4014 5.2e-11 5.2e-11
-20.3914 2.52e-11 2.52e-11
-20.3814 1.216e-11 1.218e-11
-20.3714 5.8e-12 5.8e-12
-20.3614 0.0 0.0
-20.3514 0.0 0.0
-20.3414 0.0 0.0
-20.3314 0.0 0.0
-20.3214 0.0 0.0
-20.3114 0.0 0.0
-20.3014 0.0 0.0
-20.2914 0.0 0.0
-20.2814 0.0 0.0
-20.2714 0.0 0.0
-20.2614 0.0 0.0
-20.2514 0.0 0.0
-20.2414 0.0 0.0
-20.2314 0.0 0.0
-20.2214 0.0 0.0
-20.2114 0.0 0.0
-20.2014 0.0 0.0
-20.1914 0.0 0.0
-20.1814 0.0 0.0
-20.1714 0.0 0.0
-20.1614 0.0 0.0
-20.1514 0.0 0.0
-20.1414 0.0 0.0
-20.1314 0.0 0.0
-20.1214 0.0 0.0
-20.1114 0.0 0.0
-20.1014 0.0 0.0
-20.0914 0.0 0.0
-20.0814 0.0 0.0
-20.0714 0.0 0.0
-20.0614 0.0 0.0
-20.0514 0.0 0.0
-20.0414 0.0 0.0
-20.0314 0.0 0.0
-20.0214 0.0 0.0
-20.0114 0.0 0.0
-20.0014 0.0 0.0
-19.9914 0.0 0.0
-19.9814 0.0 0.0
-19.9714 0.0 0.0
-19.9614 0.0 0.0
-19.9514 0.0 0.0
-19.9414 0.0 0.0
-19.9314 0.0 0.0
-19.9214 0.0 0.0
-19.9114 0.0 0.0
-19.9014 0.0 0.0
-19.8914 0.0 0.0
-19.8814 0.0 0.0
-19.8714 0.0 0.0
-19.8614 0.0 0.0
-19.8514 0.0 0.0
-19.8414 0.0 0.0
-19.8314 0.0 0.0
-19.8214 0.0 0.0
-19.8114 0.0 0.0
-19.8014 0.0 0.0
-19.7914 0.0 0.0
-19.7814 0.0 0.0
-19.7714 0.0 0.0
-19.7614 0.0 0.0
-19.7514 0.0 0.0
-19.7414 0.0 0.0
-19.7314 0.0 0.0
-19.7214 0.0 0.0
-19.7114 0.0 0.0
-19.7014 0.0 0.0
-19.6914 0.0 0.0
-19.6814 0.0 0.0
-19.6714 0.0 0.0
-19.6614 0.0 0.0
-19.6514 0.0 0.0
-19.6414 0.0 0.0
-19.6314 0.0 0.0
-19.6214 0.0 0.0
-19.6114 0.0 0.0
-19.6014 0.0 0.0
-19.5914 0.0 0.0
-19.5814 0.0 0.0
-19.5714 0.0 0.0
-19.5614 0.0 0.0
-19.5514 0.0 0.0
-19.5414 0.0 0.0
-19.5314 0.0 0.0
-19.5214 0.0 0.0
-19.5114 0.0 0.0
-19.5014 0.0 0.0
-19.4914 0.0 0.0
-19.4814 0.0 0.0
-19.4714 0.0 0.0
-19.4614 0.0 0.0
-19.4514 0.0 0.0
-19.4414 0.0 0.0
-19.4314 0.0 0.0
-19.4214 0.0 0.0
-19.4114 0.0 0.0
-19.4014 0.0 0.0
-19.3914 0.0 0.0
-19.3814 0.0 0.0
-19.3714 0.0 0.0
-19.3614 0.0 0.0
-19.3514 0.0 0.0
-19.3414 0.0 0.0
-19.3314 0.0 0.0
-19.3214 0.0 0.0
-19.3114 0.0 0.0
-19.3014 0.0 0.0
-19.2914 0.0 0.0
-19.2814 0.0 0.0
-19.2714 0.0 0.0
-19.2614 0.0 0.0
-19.2514 0.0 0.0
-19.2414 0.0 0.0
-19.2314 0.0 0.0
-19.2214 0.0 0.0
-19.2114 0.0 0.0
-19.2014 0.0 0.0
-19.1914 0.0 0.0
-19.1814 0.0 0.0
-19.1714 0.0 0.0
-19.1614 0.0 0.0
-19.1514 0.0 0.0
-19.1414 0.0 0.0
-19.1314 0.0 0.0
-19.1214 0.0 0.0
-19.1114 0.0 0.0
-19.1014 0.0 0.0
-19.0914 0.0 0.0
-19.0814 0.0 0.0
-19.0714 0.0 0.0
-19.0614 0.0 0.0
-19.0514 0.0 0.0
-19.0414 0.0 0.0
-19.0314 0.0 0.0
-19.0214 0.0 0.0
-19.0114 0.0 0.0
-19.0014 0.0 0.0
-18.9914 0.0 0.0
-18.9814 0.0 0.0
-18.9714 0.0 0.0
-18.9614 0.0 0.0
-18.9514 0.0 0.0
-18.9414 0.0 0.0
-18.9314 0.0 0.0
-18.9214 0.0 0.0
-18.9114 0.0 0.0
-18.9014 0.0 0.0
-18.8914 0.0 0.0
-18.8814 0.0 0.0
-18.8714 0.0 0.0
-18.8614 0.0 0.0
-18.8514 0.0 0.0
-18.8414 0.0 0.0
-18.8314 0.0 0.0
-18.8214 0.0 0.0
-18.8114 0.0 0.0
-18.8014 0.0 0.0
-18.7914 0.0 0.0
-18.7814 0.0 0.0
-18.7714 0.0 0.0
-18.7614 0.0 0.0
-18.7514 0.0 0.0
-18.7414 0.0 0.0
-18.7314 0.0 0.0
-18.7214 0.0 0.0
-18.7114 0.0 0.0
-18.7014 0.0 0.0
-18.6914 0.0 0.0
-18.6814 0.0 0.0
-18.6714 0.0 0.0
-18.6614 0.0 0.0
-18.6514 0.0 0.0
-18.6414 0.0 0.0
-18.6314 0.0 0.0
-18.6214 0.0 0.0
-18.6114 0.0 0.0
-18.6014 0.0 0.0
-18.5914 0.0 0.0
-18.5814 0.0 0.0
-18.5714 0.0 0.0
-18.5614 0.0 0.0
-18.5514 0.0 0.0
-18.5414 0.0 0.0
-18.5314 0.0 0.0
-18.5214 0.0 0.0
-18.5114 0.0 0.0
-18.5014 0.0 0.0
-18.4914 0.0 0.0
-18.4814 0.0 0.0
-18.4714 0.0 0.0
-18.4614 0.0 0.0
-18.4514 0.0 0.0
-18.4414 0.0 0.0
-18.4314 0.0 0.0
-18.4214 0.0 0.0
-18.4114 0.0 0.0
-18.4014 0.0 0.0
-18.3914 0.0 0.0
-18.3814 0.0 0.0
-18.3714 0.0 0.0
-18.3614 0.0 0.0
-18.3514 0.0 0.0
-18.3414 0.0 0.0
-18.3314 0.0 0.0
-18.3214 0.0 0.0
-18.3114 0.0 0.0
-18.3014 0.0 0.0
-18.2914 0.0 0.0
-18.2814 0.0 0.0
-18.2714 0.0 0.0
-18.2614 0.0 0.0
-18.2514 0.0 0.0
-18.2414 0.0 0.0
-18.2314 0.0 0.0
-18.2214 0.0 0.0
-18.2114 0.0 0.0
-18.2014 0.0 0.0
-18.1914 0.0 0.0
-18.1814 0.0 0.0
-18.1714 0.0 0.0
-18.1614 0.0 0.0
-18.1514 0.0 0.0
-18.1414 0.0 0.0
-18.1314 0.0 0.0
-18.1214 0.0 0.0
-18.1114 0.0 0.0
-18.1014 0.0 0.0
-18.0914 0.0 0.0
-18.0814 0.0 0.0
-18.0714 0.0 0.0
-18.0614 0.0 0.0
-18.0514 0.0 0.0
-18.0414 0.0 0.0
-18.0314 0.0 0.0
-18.0214 0.0 0.0
-18.0114 0.0 0.0
-18.0014 0.0 0.0
-17.9914 0.0 0.0
-17.9814 0.0 0.0
-17.9714 0.0 0.0
-17.9614 0.0 0.0
-17.9514 0.0 0.0
-17.9414 0.0 0.0
-17.9314 0.0 0.0
-17.9214 0.0 0.0
-17.9114 0.0 0.0
-17.9014 0.0 0.0
-17.8914 0.0 0.0
-17.8814 0.0 0.0
-17.8714 0.0 0.0
-17.8614 0.0 0.0
-17.8514 0.0 0.0
-17.8414 0.0 0.0
-17.8314 0.0 0.0
-17.8214 0.0 0.0
-17.8114 0.0 0.0
-17.8014 0.0 0.0
-17.7914 0.0 0.0
-17.7814 0.0 0.0
-17.7714 0.0 0.0
-17.7614 0.0 0.0
-17.7514 0.0 0.0
-17.7414 0.0 0.0
-17.7314 0.0 0.0
-17.7214 0.0 0.0
-17.7114 0.0 0.0
-17.7014 0.0 0.0
-17.6914 0.0 0.0
-17.6814 0.0 0.0
-17.6714 0.0 0.0
-17.6614 0.0 0.0
-17.6514 0.0 0.0
-17.6414 0.0 0.0
-17.6314 0.0 0.0
-17.6214 0.0 0.0
-17.6114 0.0 0.0
-17.6014 0.0 0.0
-17.5914 0.0 0.0
-17.5814 0.0 0.0
-17.5714 0.0 0.0
-17.5614 0.0 0.0
-17.5514 0.0 0.0
-17.5414 0.0 0.0
-17.5314 0.0 0.0
-17.5214 0.0 0.0
-17.5114 0.0 0.0
-17.5014 0.0 0.0
-17.4914 0.0 0.0
-17.4814 0.0 0.0
-17.4714 0.0 0.0
-17.4614 0.0 0.0
-17.4514 0.0 0.0
-17.4414 0.0 0.0
-17.4314 0.0 0.0
-17.4214 0.0 0.0
-17.4114 0.0 0.0
-17.4014 0.0 0.0
-17.3914 0.0 0.0
-17.3814 0.0 0.0
-17.3714 0.0 0.0
-17.3614 0.0 0.0
-17.3514 0.0 0.0
-17.3414 0.0 0.0
-17.3314 0.0 0.0
-17.3214 0.0 0.0
-17.3114 0.0 0.0
-17.3014 0.0 0.0
-17.2914 0.0 0.0
-17.2814 0.0 0.0
-17.2714 0.0 0.0
-17.2614 0.0 0.0
-17.2514 0.0 0.0
-17.2414 0.0 0.0
-17.2314 0.0 0.0
-17.2214 0.0 0.0
-17.2114 0.0 0.0
-17.2014 0.0 0.0
-17.1914 0.0 0.0
-17.1814 0.0 0.0
-17.1714 0.0 0.0
-17.1614 0.0 0.0
-17.1514 0.0 0.0
-17.1414 0.0 0.0
-17.1314 0.0 0.0
-17.1214 0.0 0.0
-17.1114 0.0 0.0
-17.1014 0.0 0.0
-17.0914 0.0 0.0
-17.0814 0.0 0.0
-17.0714 0.0 0.0
-17.0614 0.0 0.0
-17.0514 0.0 0.0
-17.0414 0.0 0.0
-17.0314 0.0 0.0
-17.0214 0.0 0.0
-17.0114 0.0 0.0
-17.0014 0.0 0.0
-16.9914 0.0 0.0
-16.9814 0.0 0.0
-16.9714 0.0 0.0
-16.9614 0.0 0.0
-16.9514 0.0 0.0
-16.9414 0.0 0.0
-16.9314 0.0 0.0
-16.9214 0.0 0.0
-16.9114 0.0 0.0
-16.9014 0.0 0.0
-16.8914 0.0 0.0
-16.8814 0.0 0.0
-16.8714 0.0 0.0
-16.8614 0.0 0.0
-16.8514 0.0 0.0
-16.8414 0.0 0.0
-16.8314 0.0 0.0
-16.8214 0.0 0.0
-16.8114 0.0 0.0
-16.8014 0.0 0.0
-16.7914 0.0 0.0
-16.7814 0.0 0.0
-16.7714 0.0 0.0
-16.7614 0.0 0.0
-16.7514 0.0 0.0
-16.7414 0.0 0.0
-16.7314 0.0 0.0
-16.7214 0.0 0.0
-16.7114 0.0 0.0
-16.7014 0.0 0.0
-16.6914 0.0 0.0
-16.6814 0.0 0.0
-16.6714 0.0 0.0
-16.6614 0.0 0.0
-16.6514 0.0 0.0
-16.6414 0.0 0.0
-16.6314 0.0 0.0
-16.6214 0.0 0.0
-16.6114 0.0 0.0
-16.6014 0.0 0.0
-16.5914 0.0 0.0
-16.5814 0.0 0.0
-16.5714 0.0 0.0
-16.5614 0.0 0.0
-16.5514 0.0 0.0
-16.5414 0.0 0.0
-16.5314 0.0 0.0
-16.5214 0.0 0.0
-16.5114 0.0 0.0
-16.5014 0.0 0.0
-16.4914 0.0 0.0
-16.4814 0.0 0.0
-16.4714 0.0 0.0
-16.4614 0.0 0.0
-16.4514 0.0 0.0
-16.4414 0.0 0.0
-16.4314 0.0 0.0
-16.4214 0.0 0.0
-16.4114 0.0 0.0
-16.4014 0.0 0.0
-16.3914 0.0 0.0
-16.3814 0.0 0.0
-16.3714 0.0 0.0
-16.3614 0.0 0.0
-16.3514 0.0 0.0
-16.3414 0.0 0.0
-16.3314 0.0 0.0
-16.3214 0.0 0.0
-16.3114 0.0 0.0
-16.3014 0.0 0.0
-16.2914 0.0 0.0
-16.2814 0.0 0.0
-16.2714 0.0 0.0
-16.2614 0.0 0.0
-16.2514 0.0 0.0
-16.2414 0.0 0.0
-16.2314 0.0 0.0
-16.2214 0.0 0.0
-16.2114 0.0 0.0
-16.2014 0.0 0.0
-16.1914 0.0 0.0
-16.1814 0.0 0.0
-16.1714 0.0 0.0
-16.1614 0.0 0.0
-16.1514 0.0 0.0
-16.1414 0.0 0.0
-16.1314 0.0 0.0
-16.1214 0.0 0.0
-16.1114 0.0 0.0
-16.1014 0.0 0.0
-16.0914 0.0 0.0
-16.0814 0.0 0.0
-16.0714 0.0 0.0
-16.0614 0.0 0.0
-16.0514 0.0 0.0
-16.0414 0.0 0.0
-16.0314 0.0 0.0
-16.0214 0.0 0.0
-16.0114 0.0 0.0
-16.0014 0.0 0.0
-15.9914 0.0 0.0
-15.9814 0.0 0.0
-15.9714 0.0 0.0
-15.9614 0.0 0.0
-15.9514 0.0 0.0
-15.9414 0.0 0.0
-15.9314 0.0 0.0
-15.9214 0.0 0.0
-15.9114 0.0 0.0
-15.9014 0.0 0.0
-15.8914 0.0 0.0
-15.8814 0.0 0.0
-15.8714 0.0 0.0
-15.8614 0.0 0.0
-15.8514 0.0 0.0
-15.8414 0.0 0.0
-15.8314 0.0 0.0
-15.8214 0.0 0.0
-15.8114 0.0 0.0
-15.8014 0.0 0.0
-15.7914 0.0 0.0
-15.7814 0.0 0.0
-15.7714 0.0 0.0
-15.7614 0.0 0.0
-15.7514 0.0 0.0
-15.7414 0.0 0.0
-15.7314 0.0 0.0
-15.7214 0.0 0.0
-15.7114 0.0 0.0
-15.7014 0.0 0.0
-15.6914 0.0 0.0
-15.6814 0.0 0.0
-15.6714 0.0 0.0
-15.6614 0.0 0.0
-15.6514 0.0 0.0
-15.6414 0.0 0.0
-15.6314 0.0 0.0
-15.6214 0.0 0.0
-15.6114 0.0 0.0
-15.6014 0.0 0.0
-15.5914 0.0 0.0
-15.5814 0.0 0.0
-15.5714 0.0 0.0
-15.5614 0.0 0.0
-15.5514 0.0 0.0
-15.5414 0.0 0.0
-15.5314 0.0 0.0
-15.5214 0.0 0.0
-15.5114 0.0 0.0
-15.5014 0.0 0.0
-15.4914 0.0 0.0
-15.4814 0.0 0.0
-15.4714 0.0 0.0
-15.4614 0.0 0.0
-15.4514 0.0 0.0
-15.4414 0.0 0.0
-15.4314 0.0 0.0
-15.4214 0.0 0.0
-15.4114 0.0 0.0
-15.4014 0.0 0.0
-15.3914 0.0 0.0
-15.3814 0.0 0.0
-15.3714 0.0 0.0
-15.3614 0.0 0.0
-15.3514 0.0 0.0
-15.3414 0.0 0.0
-15.3314 0.0 0.0
-15.3214 0.0 0.0
-15.3114 0.0 0.0
-15.3014 0.0 0.0
-15.2914 0.0 0.0
-15.2814 0.0 0.0
-15.2714 0.0 0.0
-15.2614 0.0 0.0
-15.2514 0.0 0.0
-15.2414 0.0 0.0
-15.2314 0.0 0.0
-15.2214 0.0 0.0
-15.2114 0.0 0.0
-15.2014 0.0 0.0
-15.1914 0.0 0.0
-15.1814 0.0 0.0
-15.1714 0.0 0.0
-15.1614 0.0 0.0
-15.1514 0.0 0.0
-15.1414 0.0 0.0
-15.1314 0.0 0.0
-15.1214 0.0 0.0
-15.1114 0.0 0.0
-15.1014 0.0 0.0
-15.0914 0.0 0.0
-15.0814 0.0 0.0
-15.0714 0.0 0.0
-15.0614 0.0 0.0
-15.0514 0.0 0.0
-15.0414 0.0 0.0
-15.0314 0.0 0.0
-15.0214 0.0 0.0
-15.0114 0.0 0.0
-15.0014 0.0 0.0
-14.9914 0.0 0.0
-14.9814 0.0 0.0
-14.9714 0.0 0.0
-14.9614 0.0 0.0
-14.9514 0.0 0.0
-14.9414 0.0 0.0
-14.9314 0.0 0.0
-14.9214 0.0 0.0
-14.9114 0.0 0.0
-14.9014 0.0 0.0
-14.8914 0.0 0.0
-14.8814 0.0 0.0
-14.8714 0.0 0.0
-14.8614 0.0 0.0
-14.8514 0.0 0.0
-14.8414 0.0 0.0
-14.8314 0.0 0.0
-14.8214 0.0 0.0
-14.8114 0.0 0.0
-14.8014 0.0 0.0
-14.7914 0.0 0.0
-14.7814 0.0 0.0
-14.7714 0.0 0.0
-14.7614 0.0 0.0
-14.7514 0.0 0.0
-14.7414 0.0 0.0
-14.7314 0.0 0.0
-14.7214 0.0 0.0
-14.7114 0.0 0.0
-14.7014 0.0 0.0
-14.6914 0.0 0.0
-14.6814 0.0 0.0
-14.6714 0.0 0.0
-14.6614 0.0 0.0
-14.6514 0.0 0.0
-14.6414 0.0 0.0
-14.6314 0.0 0.0
-14.6214 0.0 0.0
-14.6114 0.0 0.0
-14.6014 0.0 0.0
-14.5914 0.0 0.0
-14.5814 0.0 0.0
-14.5714 0.0 0.0
-14.5614 0.0 0.0
-14.5514 0.0 0.0
-14.5414 0.0 0.0
-14.5314 0.0 0.0
-14.5214 0.0 0.0
-14.5114 0.0 0.0
-14.5014 0.0 0.0
-14.4914 0.0 0.0
-14.4814 0.0 0.0
-14.4714 0.0 0.0
-14.4614 0.0 0.0
-14.4514 0.0 0.0
-14.4414 0.0 0.0
-14.4314 0.0 0.0
-14.4214 0.0 0.0
-14.4114 0.0 0.0
-14.4014 0.0 0.0
-14.3914 0.0 0.0
-14.3814 0.0 0.0
-14.3714 0.0 0.0
-14.3614 0.0 0.0
-14.3514 0.0 0.0
-14.3414 0.0 0.0
-14.3314 0.0 0.0
-14.3214 0.0 0.0
-14.3114 0.0 0.0
-14.3014 0.0 0.0
-14.2914 0.0 0.0
-14.2814 0.0 0.0
-14.2714 0.0 0.0
-14.2614 0.0 0.0
-14.2514 0.0 0.0
-14.2414 0.0 0.0
-14.2314 0.0 0.0
-14.2214 0.0 0.0
-14.2114 0.0 0.0
-14.2014 0.0 0.0
-14.1914 0.0 0.0
-14.1814 0.0 0.0
-14.1714 0.0 0.0
-14.1614 0.0 0.0
-14.1514 0.0 0.0
-14.1414 0.0 0.0
-14.1314 0.0 0.0
-14.1214 0.0 0.0
-14.1114 0.0 0.0
-14.1014 0.0 0.0
-14.0914 0.0 0.0
-14.0814 0.0 0.0
-14.0714 0.0 0.0
-14.0614 0.0 0.0
-14.0514 0.0 0.0
-14.0414 0.0 0.0
-14.0314 0.0 0.0
-14.0214 0.0 0.0
-14.0114 0.0 0.0
-14.0014 0.0 0.0
-13.9914 0.0 0.0
-13.9814 0.0 0.0
-13.9714 0.0 0.0
-13.9614 0.0 0.0
-13.9514 0.0 0.0
-13.9414 0.0 0.0
-13.9314 0.0 0.0
-13.9214 0.0 0.0
-13.9114 0.0 0.0
-13.9014 0.0 0.0
-13.8914 0.0 0.0
-13.8814 0.0 0.0
-13.8714 0.0 0.0
-13.8614 0.0 0.0
-13.8514 0.0 0.0
-13.8414 0.0 0.0
-13.8314 0.0 0.0
-13.8214 0.0 0.0
-13.8114 0.0 0.0
-13.8014 0.0 0.0
-13.7914 0.0 0.0
-13.7814 0.0 0.0
-13.7714 0.0 0.0
-13.7614 0.0 0.0
-13.7514 0.0 0.0
-13.7414 0.0 0.0
-13.7314 0.0 0.0
-13.7214 0.0 0.0
-13.7114 0.0 0.0
-13.7014 0.0 0.0
-13.6914 0.0 0.0
-13.6814 0.0 0.0
-13.6714 0.0 0.0
-13.6614 0.0 0.0
-13.6514 0.0 0.0
-13.6414 0.0 0.0
-13.6314 0.0 0.0
-13.6214 0.0 0.0
-13.6114 0.0 0.0
-13.6014 0.0 0.0
-13.5914 0.0 0.0
-13.5814 0.0 0.0
-13.5714 0.0 0.0
-13.5614 0.0 0.0
-13.5514 0.0 0.0
-13.5414 0.0 0.0
-13.5314 0.0 0.0
-13.5214 0.0 0.0
-13.5114 0.0 0.0
-13.5014 0.0 0.0
-13.4914 0.0 0.0
-13.4814 0.0 0.0
-13.4714 0.0 0.0
-13.4614 0.0 0.0
-13.4514 0.0 0.0
-13.4414 0.0 0.0
-13.4314 0.0 0.0
-13.4214 0.0 0.0
-13.4114 0.0 0.0
-13.4014 0.0 0.0
-13.3914 0.0 0.0
-13.3814 0.0 0.0
-13.3714 0.0 0.0
-13.3614 0.0 0.0
-13.3514 0.0 0.0
-13.3414 0.0 0.0
-13.3314 0.0 0.0
-13.3214 0.0 0.0
-13.3114 0.0 0.0
-13.3014 0.0 0.0
-13.2914 0.0 0.0
-13.2814 0.0 0.0
-13.2714 0.0 0.0
-13.2614 0.0 0.0
-13.2514 0.0 0.0
-13.2414 0.0 0.0
-13.2314 0.0 0.0
-13.2214 0.0 0.0
-13.2114 0.0 0.0
-13.2014 0.0 0.0
-13.1914 0.0 0.0
-13.1814 0.0 0.0
-13.1714 0.0 0.0
-13.1614 0.0 0.0
-13.1514 0.0 0.0
-13.1414 0.0 0.0
-13.1314 0.0 0.0
-13.1214 0.0 0.0
-13.1114 0.0 0.0
-13.1014 0.0 0.0
-13.0914 0.0 0.0
-13.0814 0.0 0.0
-13.0714 0.0 0.0
-13.0614 0.0 0.0
-13.0514 0.0 0.0
-13.0414 0.0 0.0
-13.0314 0.0 0.0
-13.0214 0.0 0.0
-13.0114 0.0 0.0
-13.0014 0.0 0.0
-12.9914 0.0 0.0
-12.9814 0.0 0.0
-12.9714 0.0 0.0
-12.9614 0.0 0.0
-12.9514 0.0 0.0
-12.9414 0.0 0.0
-12.9314 0.0 0.0
-12.9214 0.0 0.0
-12.9114 0.0 0.0
-12.9014 0.0 0.0
-12.8914 0.0 0.0
-12.8814 0.0 0.0
-12.8714 0.0 0.0
-12.8614 0.0 0.0
-12.8514 0.0 0.0
-12.8414 0.0 0.0
-12.8314 0.0 0.0
-12.8214 0.0 0.0
-12.8114 0.0 0.0
-12.8014 0.0 0.0
-12.7914 0.0 0.0
-12.7814 0.0 0.0
-12.7714 0.0 0.0
-12.7614 0.0 0.0
-12.7514 0.0 0.0
-12.7414 0.0 0.0
-12.7314 0.0 0.0
-12.7214 0.0 0.0
-12.7114 0.0 0.0
-12.7014 0.0 0.0
-12.6914 0.0 0.0
-12.6814 0.0 0.0
-12.6714 0.0 0.0
-12.6614 0.0 0.0
-12.6514 0.0 0.0
-12.6414 0.0 0.0
-12.6314 0.0 0.0
-12.6214 0.0 0.0
-12.6114 0.0 0.0
-12.6014 0.0 0.0
-12.5914 0.0 0.0
-12.5814 0.0 0.0
-12.5714 0.0 0.0
-12.5614 0.0 0.0
-12.5514 0.0 0.0
-12.5414 0.0 0.0
-12.5314 0.0 0.0
-12.5214 0.0 0.0
-12.5114 0.0 0.0
-12.5014 0.0 0.0
-12.4914 0.0 0.0
-12.4814 0.0 0.0
-12.4714 0.0 0.0
-12.4614 0.0 0.0
-12.4514 0.0 0.0
-12.4414 0.0 0.0
-12.4314 0.0 0.0
-12.4214 0.0 0.0
-12.4114 0.0 0.0
-12.4014 0.0 0.0
-12.3914 0.0 0.0
-12.3814 0.0 0.0
-12.3714 0.0 0.0
-12.3614 0.0 0.0
-12.3514 0.0 0.0
-12.3414 0.0 0.0
-12.3314 0.0 0.0
-12.3214 0.0 0.0
-12.3114 0.0 0.0
-12.3014 0.0 0.0
-12.2914 0.0 0.0
-12.2814 0.0 0.0
-12.2714 0.0 0.0
-12.2614 0.0 0.0
-12.2514 0.0 0.0
-12.2414 0.0 0.0
-12.2314 0.0 0.0
-12.2214 0.0 0.0
-12.2114 0.0 0.0
-12.2014 0.0 0.0
-12.1914 0.0 0.0
-12.1814 0.0 0.0
-12.1714 0.0 0.0
-12.1614 0.0 0.0
-12.1514 0.0 0.0
-12.1414 0.0 0.0
-12.1314 0.0 0.0
-12.1214 0.0 0.0
-12.1114 0.0 0.0
-12.1014 0.0 0.0
-12.0914 0.0 0.0
-12.0814 0.0 0.0
-12.0714 0.0 0.0
-12.0614 0.0 0.0
-12.0514 0.0 0.0
-12.0414 0.0 0.0
-12.0314 0.0 0.0
-12.0214 0.0 0.0
-12.0114 0.0 0.0
-12.0014 0.0 0.0
-11.9914 0.0 0.0
-11.9814 0.0 0.0
-11.9714 0.0 0.0
-11.9614 0.0 0.0
-11.9514 0.0 0.0
-11.9414 0.0 0.0
-11.9314 0.0 0.0
-11.9214 0.0 0.0
-11.9114 0.0 0.0
-11.9014 0.0 0.0
-11.8914 0.0 0.0
-11.8814 0.0 0.0
-11.8714 0.0 0.0
-11.8614 0.0 0.0
-11.8514 0.0 0.0
-11.8414 0.0 0.0
-11.8314 0.0 0.0
-11.8214 0.0 0.0
-11.8114 0.0 0.0
-11.8014 0.0 0.0
-11.7914 0.0 0.0
-11.7814 0.0 0.0
-11.7714 0.0 0.0
-11.7614 0.0 0.0
-11.7514 0.0 0.0
-11.7414 0.0 0.0
-11.7314 0.0 0.0
-11.7214 0.0 0.0
-11.7114 0.0 0.0
-11.7014 0.0 0.0
-11.6914 0.0 0.0
-11.6814 0.0 0.0
-11.6714 0.0 0.0
-11.6614 0.0 0.0
-11.6514 0.0 0.0
-11.6414 0.0 0.0
-11.6314 0.0 0.0
-11.6214 0.0 0.0
-11.6114 0.0 0.0
-11.6014 0.0 0.0
-11.5914 0.0 0.0
-11.5814 0.0 0.0
-11.5714 0.0 0.0
-11.5614 0.0 0.0
-11.5514 0.0 0.0
-11.5414 0.0 0.0
-11.5314 0.0 0.0
-11.5214 0.0 0.0
-11.5114 0.0 0.0
-11.5014 0.0 0.0
-11.4914 0.0 0.0
-11.4814 0.0 0.0
-11.4714 0.0 0.0
-11.4614 0.0 0.0
-11.4514 0.0 0.0
-11.4414 0.0 0.0
-11.4314 0.0 0.0
-11.4214 0.0 0.0
-11.4114 0.0 0.0
-11.4014 0.0 0.0
-11.3914 0.0 0.0
-11.3814 0.0 0.0
-11.3714 0.0 0.0
-11.3614 0.0 0.0
-11.3514 0.0 0.0
-11.3414 0.0 0.0
-11.3314 0.0 0.0
-11.3214 0.0 0.0
-11.3114 0.0 0.0
-11.3014 0.0 0.0
-11.2914 0.0 0.0
-11.2814 0.0 0.0
-11.2714 0.0 0.0
-11.2614 0.0 0.0
-11.2514 0.0 0.0
-11.2414 0.0 0.0
-11.2314 0.0 0.0
-11.2214 0.0 0.0
-11.2114 0.0 0.0
-11.2014 0.0 0.0
-11.1914 0.0 0.0
-11.1814 0.0 0.0
-11.1714 0.0 0.0
-11.1614 0.0 0.0
-11.1514 0.0 0.0
-11.1414 0.0 0.0
-11.1314 0.0 0.0
-11.1214 0.0 0.0
-11.1114 0.0 0.0
-11.1014 0.0 0.0
-11.0914 0.0 0.0
-11.0814 0.0 0.0
-11.0714 0.0 0.0
-11.0614 0.0 0.0
-11.0514 0.0 0.0
-11.0414 0.0 0.0
-11.0314 0.0 0.0
-11.0214 0.0 0.0
-11.0114 0.0 0.0
-11.0014 0.0 0.0
-10.9914 0.0 0.0
-10.9814 0.0 0.0
-10.9714 0.0 0.0
-10.9614 0.0 0.0
-10.9514 0.0 0.0
-10.9414 0.0 0.0
-10.9314 0.0 0.0
-10.9214 0.0 0.0
-10.9114 0.0 0.0
-10.9014 0.0 0.0
-10.8914 0.0 0.0
-10.8814 0.0 0.0
-10.8714 0.0 0.0
-10.8614 0.0 0.0
-10.8514 0.0 0.0
-10.8414 0.0 0.0
-10.8314 0.0 0.0
-10.8214 0.0 0.0
-10.8114 0.0 0.0
-10.8014 0.0 0.0
-10.7914 0.0 0.0
-10.7814 0.0 0.0
-10.7714 0.0 0.0
-10.7614 0.0 0.0
-10.7514 0.0 0.0
-10.7414 0.0 0.0
-10.7314 0.0 0.0
-10.7214 0.0 0.0
-10.7114 0.0 0.0
-10.7014 0.0 0.0
-10.6914 0.0 0.0
-10.6814 0.0 0.0
-10.6714 0.0 0.0
-10.6614 0.0 0.0
-10.6514 0.0 0.0
-10.6414 0.0 0.0
-10.6314 0.0 0.0
-10.6214 0.0 0.0
-10.6114 0.0 0.0
-10.6014 0.0 0.0
-10.5914 0.0 0.0
-10.5814 0.0 0.0
-10.5714 0.0 0.0
-10.5614 0.0 0.0
-10.5514 0.0 0.0
-10.5414 0.0 0.0
-10.5314 0.0 0.0
-10.5214 0.0 0.0
-10.5114 0.0 0.0
-10.5014 0.0 0.0
-10.4914 0.0 0.0
-10.4814 0.0 0.0
-10.4714 0.0 0.0
-10.4614 0.0 0.0
-10.4514 0.0 0.0
-10.4414 0.0 0.0
-10.4314 0.0 0.0
-10.4214 0.0 0.0
-10.4114 0.0 0.0
-10.4014 0.0 0.0
-10.3914 0.0 0.0
-10.3814 0.0 0.0
-10.3714 0.0 0.0
-10.3614 0.0 0.0
-10.3514 0.0 0.0
-10.3414 0.0 0.0
-10.3314 0.0 0.0
-10.3214 0.0 0.0
-10.3114 0.0 0.0
-10.3014 0.0 0.0
-10.2914 0.0 0.0
-10.2814 0.0 0.0
-10.2714 0.0 0.0
-10.2614 0.0 0.0
-10.2514 0.0 0.0
-10.2414 0.0 0.0
-10.2314 0.0 0.0
-10.2214 0.0 0.0
-10.2114 0.0 0.0
-10.2014 0.0 0.0
-10.1914 0.0 0.0
-10.1814 0.0 0.0
-10.1714 0.0 0.0
-10.1614 0.0 0.0
-10.1514 0.0 0.0
-10.1414 0.0 0.0
-10.1314 0.0 0.0
-10.1214 0.0 0.0
-10.1114 0.0 0.0
-10.1014 0.0 0.0
-10.0914 0.0 0.0
-10.0814 0.0 0.0
-10.0714 0.0 0.0
-10.0614 0.0 0.0
-10.0514 0.0 0.0
-10.0414 0.0 0.0
-10.0314 0.0 0.0
-10.0214 0.0 0.0
-10.0114 0.0 0.0
-10.0014 0.0 0.0
-9.9914 0.0 0.0
-9.9814 0.0 0.0
-9.9714 0.0 0.0
-9.9614 0.0 0.0
-9.9514 0.0 0.0
-9.9414 0.0 0.0
-9.9314 0.0 0.0
-9.9214 0.0 0.0
-9.9114 0.0 0.0
-9.9014 0.0 0.0
-9.8914 0.0 0.0
-9.8814 0.0 0.0
-9.8714 0.0 0.0
-9.8614 0.0 0.0
-9.8514 0.0 0.0
-9.8414 0.0 0.0
-9.8314 0.0 0.0
-9.8214 0.0 0.0
-9.8114 0.0 0.0
-9.8014 0.0 0.0
-9.7914 0.0 0.0
-9.7814 0.0 0.0
-9.7714 0.0 0.0
-9.7614 0.0 0.0
-9.7514 0.0 0.0
-9.7414 0.0 0.0
-9.7314 0.0 0.0
-9.7214 0.0 0.0
-9.7114 0.0 0.0
-9.7014 0.0 0.0
-9.6914 0.0 0.0
-9.6814 0.0 0.0
-9.6714 0.0 0.0
-9.6614 0.0 0.0
-9.6514 0.0 0.0
-9.6414 0.0 0.0
-9.6314 0.0 0.0
-9.6214 0.0 0.0
-9.6114 0.0 0.0
-9.6014 0.0 0.0
-9.5914 0.0 0.0
-9.5814 0.0 0.0
-9.5714 0.0 0.0
-9.5614 0.0 0.0
-9.5514 0.0 0.0
-9.5414 5.64e-12 5.64e-12
-9.5314 1.188e-11 1.19e-11
-9.5214 2.48e-11 2.48e-11
-9.5114 5.1e-11 5.12e-11
-9.5014 1.042e-10 1.044e-10
-9.4914 2.1e-10 2.1e-10
-9.4814 4.2e-10 4.2e-10
-9.4714 8.28e-10 8.3e-10
-9.4614 1.618e-09 1.62e-09
-9.4514 3.12e-09 3.14e-09
-9.4414 5.98e-09 5.98e-09
-9.4314 1.13e-08 1.132e-08
-9.4214 2.12e-08 2.12e-08
-9.4114 3.92e-08 3.92e-08
-9.4014 7.16e-08 7.18e-08
-9.3914 1.298e-07 1.3e-07
-9.3814 2.32e-07 2.32e-07
-9.3714 4.12e-07 4.12e-07
-9.3614 7.22e-07 7.24e-07
-9.3514 1.254e-06 1.254e-06
-9.3414 2.16e-06 2.16e-06
-9.3314 3.66e-06 3.66e-06
-9.3214 6.14e-06 6.14e-06
-9.3114 1.018e-05 1.02e-05
-9.3014 1.674e-05 1.674e-05
-9.2914 2.72e-05 2.72e-05
-9.2814 4.38e-05 4.38e-05
-9.2714 6.96e-05 6.96e-05
-9.2614 0.0001096 0.0001096
-9.2514 0.0001706 0.0001706
-9.2414 0.000262 0.000262
-9.2314 0.0004 0.0004
-9.2214 0.000604 0.000604
-9.2114 0.0009 0.0009
-9.2014 0.001326 0.001328
-9.1914 0.001936 0.001936
-9.1814 0.0028 0.0028
-9.1714 0.00398 0.004
-9.1614 0.00564 0.00564
-9.1514 0.00788 0.00788
-9.1414 0.01088 0.0109
-9.1314 0.01488 0.0149
-9.1214 0.0202 0.0202
-9.1114 0.027 0.027
-9.1014 0.0356 0.0358
-9.0914 0.0468 0.0468
-9.0814 0.0606 0.0606
-9.0714 0.0776 0.0776
-9.0614 0.0984 0.0984
-9.0514 0.1234 0.1234
-9.0414 0.1532 0.1532
-9.0314 0.188 0.188
-9.0214 0.228 0.228
-9.0114 0.274 0.274
-9.0014 0.326 0.326
-8.9914 0.384 0.384
-8.9814 0.446 0.446
-8.9714 0.512 0.512
-8.9614 0.584 0.584
-8.9514 0.656 0.658
-8.9414 0.732 0.732
-8.9314 0.806 0.806
-8.9214 0.878 0.878
-8.9114 0.948 0.948
-8.9014 1.01 1.01
-8.8914 1.066 1.066
-8.8814 1.114 1.114
-8.8714 1.15 1.15
-8.8614 1.174 1.174
-8.8514 1.186 1.186
-8.8414 1.186 1.186
-8.8314 1.174 1.174
-8.8214 1.148 1.148
-8.8114 1.11 1.11
-8.8014 1.064 1.064
-8.7914 1.008 1.008
-8.7814 0.944 0.944
-8.7714 0.874 0.874
-8.7614 0.802 0.802
-8.7514 0.728 0.728
-8.7414 0.652 0.652
-8.7314 0.58 0.58
-8.7214 0.508 0.508
-8.7114 0.442 0.442
-8.7014 0.38 0.38
-8.6914 0.324 0.322
-8.6814 0.272 0.272
-8.6714 0.226 0.226
-8.6614 0.186 0.186
-8.6514 0.1514 0.1514
-8.6414 0.122 0.122
-8.6314 0.0972 0.0972
-8.6214 0.0766 0.0766
-8.6114 0.0598 0.0598
-8.6014 0.046 0.046
-8.5914 0.0352 0.0352
-8.5814 0.0266 0.0266
-8.5714 0.01982 0.01982
-8.5614 0.01464 0.01464
-8.5514 0.0107 0.0107
-8.5414 0.00774 0.00774
-8.5314 0.00554 0.00554
-8.5214 0.00392 0.00392
-8.5114 0.00274 0.00274
-8.5014 0.001898 0.001896
-8.4914 0.0013 0.001298
-8.4814 0.00088 0.00088
-8.4714 0.00059 0.00059
-8.4614 0.000392 0.000392
-8.4514 0.000256 0.000256
-8.4414 0.0001666 0.0001664
-8.4314 0.000107 0.0001068
-8.4214 6.8e-05 6.78e-05
-8.4114 4.26e-05 4.26e-05
-8.4014 2.66e-05 2.64e-05
-8.3914 1.63e-05 1.628e-05
-8.3814 9.92e-06 9.9e-06
-8.3714 5.96e-06 5.96e-06
-8.3614 3.54e-06 3.54e-06
-8.3514 2.08e-06 2.08e-06
-8.3414 1.218e-06 1.216e-06
-8.3314 7.02e-07 7e-07
-8.3214 4e-07 4e-07
-8.3114 2.26e-07 2.26e-07
-8.3014 1.258e-07 1.256e-07
-8.2914 6.94e-08 6.94e-08
-8.2814 3.78e-08 3.78e-08
-8.2714 2.04e-08 2.04e-08
-8.2614 1.092e-08 1.092e-08
-8.2514 5.78e-09 5.78e-09
-8.2414 3.02e-09 3.02e-09
-8.2314 1.562e-09 1.56e-09
-8.2214 8e-10 7.98e-10
-8.2114 4.04e-10 4.04e-10
-8.2014 2.02e-10 2.02e-10
-8.1914 1.004e-10 1.002e-10
-8.1814 4.92e-11 4.9e-11
-8.1714 2.38e-11 2.38e-11
-8.1614 1.142e-11 1.142e-11
-8.1514 0.0 0.0
-8.1414 0.0 0.0
-8.1314 0.0 0.0
-8.1214 0.0 0.0
-8.1114 0.0 0.0
-8.1014 0.0 0.0
-8.0914 0.0 0.0
-8.0814 0.0 0.0
-8.0714 0.0 0.0
-8.0614 0.0 0.0
-8.0514 0.0 0.0
-8.0414 0.0 0.0
-8.0314 0.0 0.0
-8.0214 0.0 0.0
-8.0114 0.0 0.0
-8.0014 0.0 0.0
-7.9914 0.0 0.0
-7.9814 0.0 0.0
-7.9714 0.0 0.0
-7.9614 0.0 0.0
-7.9514 0.0 0.0
-7.9414 0.0 0.0
-7.9314 0.0 0.0
-7.9214 0.0 0.0
-7.9114 0.0 0.0
-7.9014 0.0 0.0
-7.8914 0.0 0.0
-7.8814 0.0 0.0
-7.8714 0.0 0.0
-7.8614 0.0 0.0
-7.8514 0.0 0.0
-7.8414 0.0 0.0
-7.8314 0.0 0.0
-7.8214 0.0 0.0
-7.8114 0.0 0.0
-7.8014 0.0 0.0
-7.7914 0.0 0.0
-7.7814 0.0 0.0
-7.7714 0.0 0.0
-7.7614 0.0 0.0
-7.7514 0.0 0.0
-7.7414 0.0 0.0
-7.7314 0.0 0.0
-7.7214 0.0 0.0
-7.7114 0.0 0.0
-7.7014 0.0 0.0
-7.6914 0.0 0.0
-7.6814 0.0 0.0
-7.6714 0.0 0.0
-7.6614 0.0 0.0
-7.6514 0.0 0.0
-7.6414 0.0 0.0
-7.6314 0.0 0.0
-7.6214 0.0 0.0
-7.6114 0.0 0.0
-7.6014 0.0 0.0
-7.5914 0.0 0.0
-7.5814 0.0 0.0
-7.5714 0.0 0.0
-7.5614 0.0 0.0
-7.5514 0.0 0.0
-7.5414 0.0 0.0
-7.5314 0.0 0.0
-7.5214 0.0 0.0
-7.5114 0.0 0.0
-7.5014 0.0 0.0
-7.4914 0.0 0.0
-7.4814 0.0 0.0
-7.4714 0.0 0.0
-7.4614 0.0 0.0
-7.4514 0.0 0.0
-7.4414 0.0 0.0
-7.4314 0.0 0.0
-7.4214 0.0 0.0
-7.4114 0.0 0.0
-7.4014 0.0 0.0
-7.3914 0.0 0.0
-7.3814 0.0 0.0
-7.3714 0.0 0.0
-7.3614 0.0 0.0
-7.3514 0.0 0.0
-7.3414 0.0 0.0
-7.3314 0.0 0.0
-7.3214 0.0 0.0
-7.3114 0.0 0.0
-7.3014 0.0 0.0
-7.2914 0.0 0.0
-7.2814 0.0 0.0
-7.2714 0.0 0.0
-7.2614 0.0 0.0
-7.2514 0.0 0.0
-7.2414 0.0 0.0
-7.2314 0.0 0.0
-7.2214 0.0 0.0
-7.2114 0.0 0.0
-7.2014 0.0 0.0
-7.1914 0.0 0.0
-7.1814 0.0 0.0
-7.1714 0.0 0.0
-7.1614 0.0 0.0
-7.1514 0.0 0.0
-7.1414 0.0 0.0
-7.1314 0.0 0.0
-7.1214 0.0 0.0
-7.1114 0.0 0.0
-7.1014 0.0 0.0
-7.0914 0.0 0.0
-7.0814 0.0 0.0
-7.0714 0.0 0.0
-7.0614 0.0 0.0
-7.0514 0.0 0.0
-7.0414 0.0 0.0
-7.0314 0.0 0.0
-7.0214 0.0 0.0
-7.0114 0.0 0.0
-7.0014 0.0 0.0
-6.9914 0.0 0.0
-6.9814 0.0 0.0
-6.9714 0.0 0.0
-6.9614 0.0 0.0
-6.9514 0.0 0.0
-6.9414 0.0 0.0
-6.9314 0.0 0.0
-6.9214 0.0 0.0
-6.9114 0.0 0.0
-6.9014 0.0 0.0
-6.8914 0.0 0.0
-6.8814 0.0 0.0
-6.8714 0.0 0.0
-6.8614 0.0 0.0
-6.8514 0.0 0.0
-6.8414 0.0 0.0
-6.8314 0.0 0.0
-6.8214 0.0 0.0
-6.8114 0.0 0.0
-6.8014 0.0 0.0
-6.7914 0.0 0.0
-6.7814 0.0 0.0
-6.7714 0.0 0.0
-6.7614 0.0 0.0
-6.7514 0.0 0.0
-6.7414 0.0 0.0
-6.7314 0.0 0.0
-6.7214 0.0 0.0
-6.7114 0.0 0.0
-6.7014 0.0 0.0
-6.6914 0.0 0.0
-6.6814 0.0 0.0
-6.6714 0.0 0.0
-6.6614 0.0 0.0
-6.6514 0.0 0.0
-6.6414 0.0 0.0
-6.6314 0.0 0.0
-6.6214 0.0 0.0
-6.6114 0.0 0.0
-6.6014 0.0 0.0
-6.5914 0.0 0.0
-6.5814 0.0 0.0
-6.5714 0.0 0.0
-6.5614 0.0 0.0
-6.5514 0.0 0.0
-6.5414 0.0 0.0
-6.5314 0.0 0.0
-6.5214 0.0 0.0
-6.5114 0.0 0.0
-6.5014 0.0 0.0
-6.4914 0.0 0.0
-6.4814 0.0 0.0
-6.4714 0.0 0.0
-6.4614 0.0 0.0
-6.4514 0.0 0.0
-6.4414 0.0 0.0
-6.4314 0.0 0.0
-6.4214 0.0 0.0
-6.4114 0.0 0.0
-6.4014 0.0 0.0
-6.3914 0.0 0.0
-6.3814 0.0 0.0
-6.3714 0.0 0.0
-6.3614 0.0 0.0
-6.3514 0.0 0.0
-6.3414 0.0 0.0
-6.3314 0.0 0.0
-6.3214 0.0 0.0
-6.3114 0.0 0.0
-6.3014 0.0 0.0
-6.2914 0.0 0.0
-6.2814 0.0 0.0
-6.2714 0.0 0.0
-6.2614 0.0 0.0
-6.2514 0.0 0.0
-6.2414 0.0 0.0
-6.2314 0.0 0.0
-6.2214 0.0 0.0
-6.2114 0.0 0.0
-6.2014 0.0 0.0
-6.1914 0.0 0.0
-6.1814 0.0 0.0
-6.1714 0.0 0.0
-6.1614 0.0 0.0
-6.1514 0.0 0.0
-6.1414 0.0 0.0
-6.1314 0.0 0.0
-6.1214 0.0 0.0
-6.1114 0.0 0.0
-6.1014 0.0 0.0
-6.0914 0.0 0.0
-6.0814 0.0 0.0
-6.0714 0.0 0.0
-6.0614 0.0 0.0
-6.0514 0.0 0.0
-6.0414 0.0 0.0
-6.0314 0.0 0.0
-6.0214 0.0 0.0
-6.0114 0.0 0.0
-6.0014 0.0 0.0
-5.9914 0.0 0.0
-5.9814 0.0 0.0
-5.9714 0.0 0.0
-5.9614 0.0 0.0
-5.9514 0.0 0.0
-5.9414 0.0 0.0
-5.9314 0.0 0.0
-5.9214 0.0 0.0
-5.9114 0.0 0.0
-5.9014 0.0 0.0
-5.8914 0.0 0.0
-5.8814 0.0 0.0
-5.8714 0.0 0.0
-5.8614 0.0 0.0
-5.8514 0.0 0.0
-5.8414 0.0 0.0
-5.8314 0.0 0.0
-5.8214 0.0 0.0
-5.8114 0.0 0.0
-5.8014 1.198e-12 1.198e-12
-5.7914 2.52e-12 2.52e-12
-5.7814 5.22e-12 5.22e-12
-5.7714 1.074e-11 1.074e-11
-5.7614 2.18e-11 2.18e-11
-5.7514 4.4e-11 4.4e-11
-5.7414 8.74e-11 8.74e-11
-5.7314 1.72e-10 1.722e-10
-5.7214 3.36e-10 3.36e-10
-5.7114 6.46e-10 6.46e-10
-5.7014 1.23e-09 1.23e-09
-5.6914 2.32e-09 2.32e-09
-5.6814 4.32e-09 4.32e-09
-5.6714 7.98e-09 7.98e-09
-5.6614 1.456e-08 1.458e-08
-5.6514 2.62e-08 2.64e-08
-5.6414 4.7e-08 4.7e-08
-5.6314 8.3e-08 8.3e-08
-5.6214 1.45e-07 1.452e-07
-5.6114 2.5e-07 2.5e-07
-5.6014 4.28e-07 4.3e-07
-5.5914 7.26e-07 7.26e-07
-5.5814 1.216e-06 1.216e-06
-5.5714 2.02e-06 2.02e-06
-5.5614 3.3e-06 3.3e-06
-5.5514 5.34e-06 5.34e-06
-5.5414 8.56e-06 8.56e-06
-5.5314 1.358e-05 1.358e-05
-5.5214 2.14e-05 2.14e-05
-5.5114 3.3e-05 3.3e-05
-5.5014 5.08e-05 5.08e-05
-5.4914 7.72e-05 7.72e-05
-5.4814 0.0001158 0.000116
-5.4714 0.0001722 0.0001722
-5.4614 0.000254 0.000254
-5.4514 0.000368 0.000368
-5.4414 0.00053 0.00053
-5.4314 0.000754 0.000754
-5.4214 0.001062 0.001062
-5.4114 0.00148 0.00148
-5.4014 0.00204 0.00204
-5.3914 0.00278 0.00278
-5.3814 0.00376 0.00376
-5.3714 0.005 0.005
-5.3614 0.0066 0.0066
-5.3514 0.00862 0.00862
-5.3414 0.01114 0.01114
-5.3314 0.01424 0.01424
-5.3214 0.01798 0.018
-5.3114 0.0224 0.0224
-5.3014 0.0278 0.0278
-5.2914 0.034 0.034
-5.2814 0.0412 0.0412
-5.2714 0.0494 0.0494
-5.2614 0.0584 0.0584
-5.2514 0.0686 0.0686
-5.2414 0.0794 0.0794
-5.2314 0.0912 0.0912
-5.2214 0.1034 0.1034
-5.2114 0.116 0.116
-5.2014 0.1288 0.1288
-5.1914 0.1416 0.1416
-5.1814 0.1538 0.1538
-5.1714 0.1652 0.1652
-5.1614 0.1758 0.1758
-5.1514 0.1848 0.1848
-5.1414 0.1924 0.1924
-5.1314 0.198 0.198
-5.1214 0.202 0.202
-5.1114 0.204 0.204
-5.1014 0.202 0.202
-5.0914 0.1996 0.1996
-5.0814 0.1946 0.1946
-5.0714 0.1878 0.1878
-5.0614 0.1792 0.1792
-5.0514 0.1692 0.1692
-5.0414 0.1582 0.158
-5.0314 0.146 0.146
-5.0214 0.1336 0.1336
-5.0114 0.1208 0.1208
-5.0014 0.108 0.108
-4.9914 0.0956 0.0956
-4.9814 0.0836 0.0836
-4.9714 0.0724 0.0724
-4.9614 0.062 0.062
-4.9514 0.0526 0.0526
-4.9414 0.0442 0.0442
-4.9314 0.0366 0.0366
-4.9214 0.03 0.03
-4.9114 0.0244 0.0244
-4.9014 0.01956 0.01956
-4.8914 0.01554 0.01554
-4.8814 0.0122 0.0122
-4.8714 0.0095 0.00948
-4.8614 0.0073 0.0073
-4.8514 0.00556 0.00556
-4.8414 0.00418 0.00418
-4.8314 0.00312 0.0031
-4.8214 0.0023 0.00228
-4.8114 0.001668 0.001668
-4.8014 0.001202 0.001202
-4.7914 0.000858 0.000858
-4.7814 0.000604 0.000604
-4.7714 0.000422 0.000422
-4.7614 0.000292 0.000292
-4.7514 0.0001988 0.0001988
-4.7414 0.0001344 0.0001342
-4.7314 8.98e-05 8.98e-05
-4.7214 5.94e-05 5.94e-05
-4.7114 3.88e-05 3.88e-05
-4.7014 2.5e-05 2.5e-05
-4.6914 1.606e-05 1.606e-05
-4.6814 1.016e-05 1.016e-05
-4.6714 6.36e-06 6.36e-06
-4.6614 3.94e-06 3.94e-06
-4.6514 2.42e-06 2.42e-06
-4.6414 1.466e-06 1.466e-06
-4.6314 8.8e-07 8.78e-07
-4.6214 5.22e-07 5.22e-07
-4.6114 3.06e-07 3.06e-07
-4.6014 1.778e-07 1.776e-07
-4.5914 1.022e-07 1.02e-07
-4.5814 5.8e-08 5.8e-08
-4.5714 3.26e-08 3.26e-08
-4.5614 1.814e-08 1.812e-08
-4.5514 9.98e-09 9.98e-09
-4.5414 5.44e-09 5.42e-09
-4.5314 2.92e-09 2.92e-09
-4.5214 1.556e-09 1.556e-09
-4.5114 8.2e-10 8.2e-10
-4.5014 4.28e-10 4.28e-10
-4.4914 2.2e-10 2.2e-10
-4.4814 1.124e-10 1.124e-10
-4.4714 5.68e-11 5.66e-11
-4.4614 2.84e-11 2.82e-11
-4.4514 1.398e-11 1.398e-11
-4.4414 6.82e-12 6.82e-12
-4.4314 3.3e-12 3.3e-12
-4.4214 1.578e-12 1.576e-12
-4.4114 0.0 0.0
-4.4014 0.0 0.0
-4.3914 0.0 0.0
-4.3814 0.0 0.0
-4.3714 0.0 0.0
-4.3614 0.0 0.0
-4.3514 0.0 0.0
-4.3414 0.0 0.0
-4.3314 0.0 0.0
-4.3214 0.0 0.0
-4.3114 0.0 0.0
-4.3014 0.0 0.0
-4.2914 0.0 0.0
-4.2814 0.0 0.0
-4.2714 0.0 0.0
-4.2614 0.0 0.0
-4.2514 0.0 0.0
-4.2414 0.0 0.0
-4.2314 0.0 0.0
-4.2214 0.0 0.0
-4.2114 0.0 0.0
-4.2014 0.0 0.0
-4.1914 0.0 0.0
-4.1814 0.0 0.0
-4.1714 0.0 0.0
-4.1614 0.0 0.0
-4.1514 0.0 0.0
-4.1414 0.0 0.0
-4.1314 0.0 0.0
-4.1214 0.0 0.0
-4.1114 0.0 0.0
-4.1014 0.0 0.0
-4.0914 0.0 0.0
-4.0814 0.0 0.0
-4.0714 0.0 0.0
-4.0614 0.0 0.0
-4.0514 0.0 0.0
-4.0414 0.0 0.0
-4.0314 0.0 0.0
-4.0214 0.0 0.0
-4.0114 0.0 0.0
-4.0014 0.0 0.0
-3.9914 0.0 0.0
-3.9814 0.0 0.0
-3.9714 0.0 0.0
-3.9614 0.0 0.0
-3.9514 0.0 0.0
-3.9414 0.0 0.0
-3.9314 0.0 0.0
-3.9214 0.0 0.0
-3.9114 0.0 0.0
-3.9014 0.0 0.0
-3.8914 0.0 0.0
-3.8814 0.0 0.0
-3.8714 0.0 0.0
-3.8614 0.0 0.0
-3.8514 0.0 0.0
-3.8414 0.0 0.0
-3.8314 0.0 0.0
-3.8214 0.0 0.0
-3.8114 0.0 0.0
-3.8014 0.0 0.0
-3.7914 0.0 0.0
-3.7814 0.0 0.0
-3.7714 0.0 0.0
-3.7614 0.0 0.0
-3.7514 0.0 0.0
-3.7414 0.0 0.0
-3.7314 0.0 0.0
-3.7214 0.0 0.0
-3.7114 0.0 0.0
-3.7014 0.0 0.0
-3.6914 0.0 0.0
-3.6814 2.82e-26 1.076e-26
-3.6714 5.9e-26 2.26e-26
-3.6614 1.218e-25 4.66e-26
-3.6514 2.5e-25 9.52e-26
-3.6414 5.04e-25 1.928e-25
-3.6314 1.01e-24 3.86e-25
-3.6214 2e-24 7.64e-25
-3.6114 3.92e-24 1.498e-24
-3.6014 7.6e-24 2.9e-24
-3.5914 1.458e-23 5.58e-24
-3.5814 2.76e-23 1.056e-23
-3.5714 5.18e-23 1.984e-23
-3.5614 9.64e-23 3.68e-23
-3.5514 1.768e-22 6.76e-23
-3.5414 3.22e-22 1.228e-22
-3.5314 5.78e-22 2.2e-22
-3.5214 1.026e-21 3.92e-22
-3.5114 1.806e-21 6.9e-22
-3.5014 3.14e-21 1.202e-21
-3.4914 5.4e-21 2.06e-21
-3.4814 9.2e-21 3.52e-21
-3.4714 1.55e-20 5.94e-21
-3.4614 2.58e-20 9.88e-21
-3.4514 4.26e-20 1.63e-20
-3.4414 6.94e-20 2.66e-20
-3.4314 1.12e-19 4.28e-20
-3.4214 1.786e-19 6.84e-20
-3.4114 2.82e-19 1.08e-19
-3.4014 4.4e-19 1.688e-19
-3.3914 6.8e-19 2.6e-19
-3.3814 1.04e-18 3.98e-19
-3.3714 1.572e-18 6.02e-19
-3.3614 2.36e-18 9.02e-19
-3.3514 3.48e-18 1.334e-18
-3.3414 5.1e-18 1.952e-18
-3.3314 7.38e-18 2.82e-18
-3.3214 1.056e-17 4.04e-18
-3.3114 1.496e-17 5.74e-18
-3.3014 2.1e-17 8.04e-18
-3.2914 2.9e-17 1.116e-17
-3.2814 3.98e-17 1.53e-17
-3.2714 5.42e-17 2.08e-17
-3.2614 7.26e-17 2.78e-17
-3.2514 9.66e-17 3.7e-17
-3.2414 1.268e-16 4.86e-17
-3.2314 1.648e-16 6.32e-17
-3.2214 2.12e-16 8.12e-17
-3.2114 2.7e-16 1.034e-16
-3.2014 3.38e-16 1.302e-16
-3.1914 4.22e-16 1.62e-16
-3.1814 5.2e-16 1.994e-16
-3.1714 6.32e-16 2.42e-16
-3.1614 7.62e-16 2.92e-16
-3.1514 9.08e-16 3.48e-16
-3.1414 1.072e-15 4.12e-16
-3.1314 1.25e-15 4.8e-16
-3.1214 1.442e-15 5.54e-16
-3.1114 1.646e-15 6.32e-16
-3.1014 1.86e-15 7.14e-16
-3.0914 2.08e-15 7.98e-16
-3.0814 2.3e-15 8.82e-16
-3.0714 2.52e-15 9.64e-16
-3.0614 2.72e-15 1.044e-15
-3.0514 2.9e-15 1.116e-15
-3.0414 3.08e-15 1.182e-15
-3.0314 3.22e-15 1.238e-15
-3.0214 3.34e-15 1.282e-15
-3.0114 3.42e-15 1.314e-15
-3.0014 3.46e-15 1.332e-15
-2.9914 3.48e-15 1.336e-15
-2.9814 3.44e-15 1.326e-15
-2.9714 3.38e-15 1.3e-15
-2.9614 3.28e-15 1.262e-15
-2.9514 3.16e-15 1.212e-15
-2.9414 3e-15 1.152e-15
-2.9314 2.82e-15 1.084e-15
-2.9214 2.62e-15 1.008e-15
-2.9114 2.4e-15 9.26e-16
-2.9014 2.18e-15 8.44e-16
-2.8914 1.97e-15 7.58e-16
-2.8814 1.754e-15 6.76e-16
-2.8714 1.546e-15 5.96e-16
-2.8614 1.346e-15 5.18e-16
-2.8514 1.16e-15 4.48e-16
-2.8414 9.9e-16 3.82e-16
-2.8314 8.36e-16 3.22e-16
-2.8214 6.96e-16 2.68e-16
-2.8114 5.76e-16 2.22e-16
-2.8014 4.7e-16 1.812e-16
-2.7914 3.8e-16 1.464e-16
-2.7814 3.04e-16 1.17e-16
-2.7714 2.4e-16 9.24e-17
-2.7614 1.876e-16 7.24e-17
-2.7514 1.452e-16 5.6e-17
-2.7414 1.11e-16 4.28e-17
-2.7314 8.42e-17 3.24e-17
-2.7214 6.3e-17 2.44e-17
-2.7114 4.66e-17 1.802e-17
-2.7014 3.42e-17 1.32e-17
-2.6914 2.48e-17 9.58e-18
-2.6814 1.78e-17 6.88e-18
-2.6714 1.264e-17 4.88e-18
-2.6614 8.88e-18 3.42e-18
-2.6514 6.16e-18 2.38e-18
-2.6414 4.24e-18 1.634e-18
-2.6314 2.88e-18 1.11e-18
-2.6214 1.934e-18 7.46e-19
-2.6114 1.286e-18 4.96e-19
-2.6014 8.46e-19 3.26e-19
-2.5914 5.5e-19 2.12e-19
-2.5814 3.54e-19 1.37e-19
-2.5714 2.26e-19 8.74e-20
-2.5614 1.424e-19 5.5e-20
-2.5514 8.88e-20 3.44e-20
-2.5414 5.48e-20 2.12e-20
-2.5314 3.34e-20 1.29e-20
-2.5214 2.02e-20 7.8e-21
-2.5114 1.204e-20 4.66e-21
-2.5014 7.1e-21 2.74e-21
-2.4914 4.16e-21 1.606e-21
-2.4814 2.4e-21 9.28e-22
-2.4714 1.372e-21 5.3e-22
-2.4614 7.76e-22 3e-22
-2.4514 4.34e-22 1.68e-22
-2.4414 2.4e-22 9.3e-23
-2.4314 1.316e-22 5.1e-23
-2.4214 7.12e-23 2.76e-23
-2.4114 3.82e-23 1.478e-23
-2.4014 2.02e-23 7.84e-24
-2.3914 1.062e-23 4.12e-24
-2.3814 5.5e-24 2.14e-24
-2.3714 2.82e-24 1.094e-24
-2.3614 1.434e-24 5.56e-25
-2.3514 7.2e-25 2.8e-25
-2.3414 3.58e-25 1.386e-25
-2.3314 1.76e-25 6.82e-26
-2.3214 8.56e-26 3.32e-26
-2.3114 4.12e-26 1.594e-26
-2.3014 1.958e-26 7.58e-27
-2.2914 0.0 0.0
-2.2814 0.0 0.0
-2.2714 0.0 0.0
-2.2614 0.0 0.0
-2.2514 0.0 0.0
-2.2414 0.0 0.0
-2.2314 0.0 0.0
-2.2214 0.0 0.0
-2.2114 0.0 0.0
-2.2014 0.0 0.0
-2.1914 0.0 0.0
-2.1814 0.0 0.0
-2.1714 0.0 0.0
-2.1614 0.0 0.0
-2.1514 0.0 0.0
-2.1414 0.0 0.0
-2.1314 0.0 0.0
-2.1214 0.0 0.0
-2.1114 0.0 0.0
-2.1014 0.0 0.0
-2.0914 0.0 0.0
-2.0814 0.0 0.0
-2.0714 0.0 0.0
-2.0614 0.0 0.0
-2.0514 0.0 0.0
-2.0414 0.0 0.0
-2.0314 0.0 0.0
-2.0214 0.0 0.0
-2.0114 0.0 0.0
-2.0014 0.0 0.0
-1.9914 0.0 0.0
-1.9814 0.0 0.0
-1.9714 0.0 0.0
-1.9614 0.0 0.0
-1.9514 0.0 0.0
-1.9414 0.0 0.0
-1.9314 0.0 0.0
-1.9214 0.0 0.0
-1.9114 0.0 0.0
-1.9014 0.0 0.0
-1.8914 0.0 0.0
-1.8814 0.0 0.0
-1.8714 0.0 0.0
-1.8614 0.0 0.0
-1.8514 0.0 0.0
-1.8414 0.0 0.0
-1.8314 0.0 0.0
-1.8214 0.0 0.0
-1.8114 0.0 0.0
-1.8014 0.0 0.0
-1.7914 0.0 0.0
-1.7814 0.0 0.0
-1.7714 0.0 0.0
-1.7614 0.0 0.0
-1.7514 0.0 0.0
-1.7414 0.0 0.0
-1.7314 0.0 0.0
-1.7214 0.0 0.0
-1.7114 0.0 0.0
-1.7014 0.0 0.0
-1.6914 0.0 0.0
-1.6814 0.0 0.0
-1.6714 0.0 0.0
-1.6614 0.0 0.0
-1.6514 0.0 0.0
-1.6414 0.0 0.0
-1.6314 0.0 0.0
-1.6214 0.0 0.0
-1.6114 0.0 0.0
-1.6014 0.0 0.0
-1.5914 0.0 0.0
-1.5814 0.0 0.0
-1.5714 0.0 0.0
-1.5614 0.0 0.0
-1.5514 0.0 0.0
-1.5414 0.0 0.0
-1.5314 0.0 0.0
-1.5214 0.0 0.0
-1.5114 0.0 0.0
-1.5014 0.0 0.0
-1.4914 0.0 0.0
-1.4814 0.0 0.0
-1.4714 0.0 0.0
-1.4614 0.0 0.0
-1.4514 0.0 0.0
-1.4414 0.0 0.0
-1.4314 0.0 0.0
-1.4214 0.0 0.0
-1.4114 0.0 0.0
-1.4014 0.0 0.0
-1.3914 0.0 0.0
-1.3814 0.0 0.0
-1.3714 0.0 0.0
-1.3614 0.0 0.0
-1.3514 0.0 0.0
-1.3414 0.0 0.0
-1.3314 0.0 0.0
-1.3214 0.0 0.0
-1.3114 0.0 0.0
-1.3014 0.0 0.0
-1.2914 0.0 0.0
-1.2814 0.0 0.0
-1.2714 0.0 0.0
-1.2614 0.0 0.0
-1.2514 0.0 0.0
-1.2414 0.0 0.0
-1.2314 0.0 0.0
-1.2214 0.0 0.0
-1.2114 0.0 0.0
-1.2014 0.0 0.0
-1.1914 0.0 0.0
-1.1814 0.0 0.0
-1.1714 0.0 0.0
-1.1614 0.0 0.0
-1.1514 0.0 0.0
-1.1414 0.0 0.0
-1.1314 0.0 0.0
-1.1214 0.0 0.0
-1.1114 0.0 0.0
-1.1014 0.0 0.0
-1.0914 0.0 0.0
-1.0814 0.0 0.0
-1.0714 0.0 0.0
-1.0614 0.0 0.0
-1.0514 0.0 0.0
-1.0414 0.0 0.0
-1.0314 0.0 0.0
-1.0214 0.0 0.0
-1.0114 0.0 0.0
-1.0014 0.0 0.0
-0.9914 0.0 0.0
-0.9814 0.0 0.0
-0.9714 0.0 0.0
-0.9614 0.0 0.0
-0.9514 0.0 0.0
-0.9414 0.0 0.0
-0.9314 0.0 0.0
-0.9214 0.0 0.0
-0.9114 0.0 0.0
-0.9014 0.0 0.0
-0.8914 0.0 0.0
-0.8814 0.0 0.0
-0.8714 0.0 0.0
-0.8614 0.0 0.0
-0.8514 0.0 0.0
-0.8414 0.0 0.0
-0.8314 0.0 0.0
-0.8214 0.0 0.0
-0.8114 0.0 0.0
-0.8014 0.0 0.0
-0.7914 0.0 0.0
-0.7814 0.0 0.0
-0.7714 0.0 0.0
-0.7614 0.0 0.0
-0.7514 0.0 0.0
-0.7414 0.0 0.0
-0.7314 0.0 0.0
-0.7214 0.0 0.0
-0.7114 0.0 0.0
-0.7014 0.0 0.0
-0.6914 0.0 0.0
-0.6814 0.0 0.0
-0.6714 0.0 0.0
-0.6614 0.0 0.0
-0.6514 0.0 0.0
-0.6414 0.0 0.0
-0.6314 0.0 0.0
-0.6214 0.0 0.0
-0.6114 0.0 0.0
-0.6014 0.0 0.0
-0.5914 0.0 0.0
-0.5814 0.0 0.0
-0.5714 0.0 0.0
-0.5614 0.0 0.0
-0.5514 0.0 0.0
-0.5414 0.0 0.0
-0.5314 0.0 0.0
-0.5214 0.0 0.0
-0.5114 0.0 0.0
-0.5014 0.0 0.0
-0.4914 0.0 0.0
-0.4814 0.0 0.0
-0.4714 0.0 0.0
-0.4614 0.0 0.0
-0.4514 0.0 0.0
-0.4414 0.0 0.0
-0.4314 0.0 0.0
-0.4214 0.0 0.0
-0.4114 0.0 0.0
-0.4014 0.0 0.0
-0.3914 0.0 0.0
-0.3814 0.0 0.0
-0.3714 0.0 0.0
-0.3614 0.0 0.0
-0.3514 0.0 0.0
-0.3414 0.0 0.0
-0.3314 0.0 0.0
-0.3214 0.0 0.0
-0.3114 0.0 0.0
-0.3014 0.0 0.0
-0.2914 0.0 0.0
-0.2814 0.0 0.0
-0.2714 0.0 0.0
-0.2614 0.0 0.0
-0.2514 0.0 0.0
-0.2414 0.0 0.0
-0.2314 0.0 0.0
-0.2214 0.0 0.0
-0.2114 0.0 0.0
-0.2014 0.0 0.0
-0.1914 0.0 0.0
-0.1814 0.0 0.0
-0.1714 0.0 0.0
-0.1614 0.0 0.0
-0.1514 0.0 0.0
-0.1414 0.0 0.0
-0.1314 0.0 0.0
-0.1214 0.0 0.0
-0.1114 0.0 0.0
-0.1014 0.0 0.0
-0.0914 0.0 0.0
-0.0814 0.0 0.0
-0.0714 0.0 0.0
-0.0614 0.0 0.0
-0.0514 0.0 0.0
-0.0414 0.0 0.0
-0.0314 0.0 0.0
-0.0214 0.0 0.0
-0.0114 0.0 0.0
-0.0014 0.0 0.0
0.0086 0.0 0.0
0.0186 0.0 0.0
0.0286 0.0 0.0
0.0386 0.0 0.0
0.0486 0.0 0.0
0.0586 0.0 0.0
0.0686 0.0 0.0
0.0786 0.0 0.0
0.0886 0.0 0.0
0.0986 0.0 0.0
0.1086 0.0 0.0
0.1186 0.0 0.0
0.1286 0.0 0.0
0.1386 0.0 0.0
0.1486 0.0 0.0
0.1586 0.0 0.0
0.1686 0.0 0.0
0.1786 0.0 0.0
0.1886 0.0 0.0
0.1986 0.0 0.0
0.2086 0.0 0.0
0.2186 0.0 0.0
0.2286 0.0 0.0
0.2386 0.0 0.0
0.2486 0.0 0.0
0.2586 0.0 0.0
0.2686 0.0 0.0
0.2786 0.0 0.0
0.2886 0.0 0.0
0.2986 0.0 0.0
0.3086 0.0 0.0
0.3186 0.0 0.0
0.3286 0.0 0.0
0.3386 0.0 0.0
0.3486 0.0 0.0
0.3586 0.0 0.0
0.3686 0.0 0.0
0.3786 0.0 0.0
0.3886 0.0 0.0
0.3986 0.0 0.0
0.4086 0.0 0.0
0.4186 0.0 0.0
0.4286 0.0 0.0
0.4386 0.0 0.0
0.4486 0.0 0.0
0.4586 0.0 0.0
0.4686 0.0 0.0
0.4786 0.0 0.0
0.4886 0.0 0.0
0.4986 0.0 0.0
0.5086 0.0 0.0
0.5186 0.0 0.0
0.5286 0.0 0.0
0.5386 0.0 0.0
0.5486 0.0 0.0
0.5586 0.0 0.0
0.5686 0.0 0.0
0.5786 0.0 0.0
0.5886 0.0 0.0
0.5986 0.0 0.0
0.6086 0.0 0.0
0.6186 0.0 0.0
0.6286 0.0 0.0
0.6386 0.0 0.0
0.6486 0.0 0.0
0.6586 0.0 0.0
0.6686 0.0 0.0
0.6786 0.0 0.0
0.6886 0.0 0.0
0.6986 0.0 0.0
0.7086 0.0 0.0
0.7186 0.0 0.0
0.7286 0.0 0.0
0.7386 0.0 0.0
0.7486 0.0 0.0
0.7586 0.0 0.0
0.7686 0.0 0.0
0.7786 0.0 0.0
0.7886 0.0 0.0
0.7986 0.0 0.0
0.8086 0.0 0.0
0.8186 0.0 0.0
0.8286 0.0 0.0
0.8386 0.0 0.0
0.8486 0.0 0.0
0.8586 0.0 0.0
0.8686 0.0 0.0
0.8786 0.0 0.0
0.8886 0.0 0.0
0.8986 0.0 0.0
0.9086 0.0 0.0
0.9186 0.0 0.0
0.9286 0.0 0.0
0.9386 0.0 0.0
0.9486 0.0 0.0
0.9586 0.0 0.0
0.9686 0.0 0.0
0.9786 0.0 0.0
0.9886 0.0 0.0
0.9986 0.0 0.0
1.0086 0.0 0.0
1.0186 0.0 0.0
1.0286 0.0 0.0
1.0386 0.0 0.0
1.0486 0.0 0.0
1.0586 0.0 0.0
1.0686 0.0 0.0
1.0786 0.0 0.0
1.0886 0.0 0.0
1.0986 0.0 0.0
1.1086 0.0 0.0
1.1186 0.0 0.0
1.1286 0.0 0.0
1.1386 0.0 0.0
1.1486 0.0 0.0
1.1586 0.0 0.0
1.1686 0.0 0.0
1.1786 0.0 0.0
1.1886 0.0 0.0
1.1986 0.0 0.0
1.2086 0.0 0.0
1.2186 0.0 0.0
1.2286 0.0 0.0
1.2386 0.0 0.0
1.2486 0.0 0.0
1.2586 0.0 0.0
1.2686 0.0 0.0
1.2786 0.0 0.0
1.2886 0.0 0.0
1.2986 0.0 0.0
1.3086 0.0 0.0
1.3186 0.0 0.0
1.3286 0.0 0.0
1.3386 0.0 0.0
1.3486 0.0 0.0
1.3586 0.0 0.0
1.3686 0.0 0.0
1.3786 0.0 0.0
1.3886 0.0 0.0
1.3986 0.0 0.0
1.4086 0.0 0.0
1.4186 0.0 0.0
1.4286 0.0 0.0
1.4386 0.0 0.0
1.4486 0.0 0.0
1.4586 0.0 0.0
1.4686 0.0 0.0
1.4786 0.0 0.0
1.4886 0.0 0.0
1.4986 0.0 0.0
1.5086 0.0 0.0
1.5186 0.0 0.0
1.5286 0.0 0.0
1.5386 0.0 0.0
1.5486 0.0 0.0
1.5586 0.0 0.0
1.5686 0.0 0.0
1.5786 0.0 0.0
1.5886 0.0 0.0
1.5986 0.0 0.0
1.6086 0.0 0.0
1.6186 0.0 0.0
1.6286 0.0 0.0
1.6386 0.0 0.0
1.6486 0.0 0.0
1.6586 0.0 0.0
1.6686 0.0 0.0
1.6786 0.0 0.0
1.6886 0.0 0.0
1.6986 0.0 0.0
1.7086 0.0 0.0
1.7186 0.0 0.0
1.7286 0.0 0.0
1.7386 0.0 0.0
1.7486 0.0 0.0
1.7586 0.0 0.0
1.7686 0.0 0.0
1.7786 0.0 0.0
1.7886 0.0 0.0
1.7986 0.0 0.0
1.8086 0.0 0.0
1.8186 0.0 0.0
1.8286 0.0 0.0
1.8386 0.0 0.0
1.8486 0.0 0.0
1.8586 0.0 0.0
1.8686 0.0 0.0
1.8786 1.336e-11 1.342e-11
1.8886 2.8e-11 2.8e-11
1.8986 5.78e-11 5.8e-11
1.9086 1.182e-10 1.188e-10
1.9186 2.4e-10 2.4e-10
1.9286 4.8e-10 4.82e-10
1.9386 9.5e-10 9.54e-10
1.9486 1.86e-09 1.868e-09
1.9586 3.6e-09 3.62e-09
1.9686 6.92e-09 6.94e-09
1.9786 1.312e-08 1.318e-08
1.9886 2.46e-08 2.48e-08
1.9986 4.58e-08 4.6e-08
2.0086 8.4e-08 8.44e-08
2.0186 1.526e-07 1.532e-07
2.0286 2.74e-07 2.76e-07
2.0386 4.88e-07 4.9e-07
2.0486 8.58e-07 8.62e-07
2.0586 1.494e-06 1.5e-06
2.0686 2.58e-06 2.58e-06
2.0786 4.38e-06 4.4e-06
2.0886 7.38e-06 7.4e-06
2.0986 1.23e-05 1.234e-05
2.1086 2.02e-05 2.04e-05
2.1186 3.3e-05 3.32e-05
2.1286 5.34e-05 5.36e-05
2.1386 8.52e-05 8.54e-05
2.1486 0.0001346 0.000135
2.1586 0.00021 0.00021
2.1686 0.000324 0.000326
2.1786 0.000496 0.000498
2.1886 0.00075 0.000752
2.1986 0.001122 0.001126
2.2086 0.001662 0.001666
2.2186 0.00244 0.00244
2.2286 0.00352 0.00354
2.2386 0.00504 0.00506
2.2486 0.00716 0.00716
2.2586 0.01002 0.01006
2.2686 0.01392 0.01394
2.2786 0.01908 0.01912
2.2886 0.026 0.026
2.2986 0.0348 0.0348
2.3086 0.0462 0.0462
2.3186 0.0608 0.0608
2.3286 0.079 0.079
2.3386 0.1016 0.1016
2.3486 0.1292 0.1294
2.3586 0.1626 0.1628
2.3686 0.202 0.202
2.3786 0.25 0.25
2.3886 0.304 0.304
2.3986 0.366 0.366
2.4086 0.436 0.436
2.4186 0.514 0.516
2.4286 0.6 0.6
2.4386 0.692 0.694
2.4486 0.792 0.792
2.4586 0.894 0.894
2.4686 0.998 1.0
2.4786 1.104 1.104
2.4886 1.208 1.208
2.4986 1.306 1.306
2.5086 1.398 1.398
2.5186 1.48 1.48
2.5286 1.55 1.55
2.5386 1.606 1.606
2.5486 1.646 1.646
2.5586 1.668 1.67
2.5686 1.674 1.674
2.5786 1.662 1.66
2.5886 1.63 1.63
2.5986 1.584 1.582
2.6086 1.52 1.52
2.6186 1.446 1.444
2.6286 1.358 1.358
2.6386 1.264 1.262
2.6486 1.162 1.162
2.6586 1.058 1.058
2.6686 0.952 0.952
2.6786 0.848 0.848
2.6886 0.748 0.746
2.6986 0.652 0.65
2.7086 0.562 0.562
2.7186 0.48 0.478
2.7286 0.404 0.404
2.7386 0.338 0.336
2.7486 0.278 0.278
2.7586 0.228 0.228
2.7686 0.184 0.1836
2.7786 0.147 0.1468
2.7886 0.1162 0.116
2.7986 0.091 0.0908
2.8086 0.0704 0.0702
2.8186 0.0538 0.0538
2.8286 0.0408 0.0408
2.8386 0.0306 0.0306
2.8486 0.0226 0.0226
2.8586 0.01662 0.01658
2.8686 0.01206 0.01204
2.8786 0.00866 0.00864
2.8886 0.00614 0.00612
2.8986 0.00432 0.0043
2.9086 0.003 0.00298
2.9186 0.00206 0.00206
2.9286 0.0014 0.001396
2.9386 0.000942 0.000938
2.9486 0.000626 0.000624
2.9586 0.000412 0.00041
2.9686 0.000268 0.000268
2.9786 0.0001728 0.0001722
2.9886 0.00011 0.0001098
2.9986 6.94e-05 6.92e-05
3.0086 4.32e-05 4.32e-05
3.0186 2.66e-05 2.66e-05
3.0286 1.628e-05 1.624e-05
3.0386 9.84e-06 9.8e-06
3.0486 5.88e-06 5.86e-06
3.0586 3.46e-06 3.46e-06
3.0686 2.02e-06 2.02e-06
3.0786 1.172e-06 1.168e-06
3.0886 6.7e-07 6.68e-07
3.0986 3.8e-07 3.78e-07
3.1086 2.12e-07 2.12e-07
3.1186 1.174e-07 1.17e-07
3.1286 6.44e-08 6.4e-08
3.1386 3.48e-08 3.48e-08
3.1486 1.868e-08 1.86e-08
3.1586 9.9e-09 9.86e-09
3.1686 5.2e-09 5.18e-09
3.1786 2.7e-09 2.68e-09
3.1886 1.384e-09 1.378e-09
3.1986 7.02e-10 7e-10
3.2086 3.54e-10 3.52e-10
3.2186 1.754e-10 1.746e-10
3.2286 8.62e-11 8.58e-11
3.2386 4.2e-11 4.18e-11
3.2486 2.02e-11 2e-11
3.2586 9.6e-12 9.56e-12
3.2686 0.0 0.0
3.2786 0.0 0.0
3.2886 0.0 0.0
3.2986 0.0 0.0
3.3086 0.0 0.0
3.3186 0.0 0.0
3.3286 0.0 0.0
3.3386 0.0 0.0
3.3486 0.0 0.0
3.3586 0.0 0.0
3.3686 0.0 0.0
3.3786 0.0 0.0
3.3886 0.0 0.0
3.3986 0.0 0.0
3.4086 0.0 0.0
3.4186 0.0 0.0
3.4286 0.0 0.0
3.4386 0.0 0.0
3.4486 0.0 0.0
3.4586 0.0 0.0
3.4686 0.0 0.0
3.4786 0.0 0.0
3.4886 0.0 0.0
3.4986 0.0 0.0
3.5086 0.0 0.0
3.5186 0.0 0.0
3.5286 0.0 0.0
3.5386 0.0 0.0
3.5486 0.0 0.0
3.5586 0.0 0.0
3.5686 0.0 0.0
3.5786 0.0 0.0
3.5886 0.0 0.0
3.5986 0.0 0.0
3.6086 0.0 0.0
3.6186 0.0 0.0
3.6286 0.0 0.0
3.6386 0.0 0.0
3.6486 0.0 0.0
3.6586 0.0 0.0
3.6686 0.0 0.0
3.6786 0.0 0.0
3.6886 0.0 0.0
3.6986 0.0 0.0
3.7086 0.0 0.0
3.7186 0.0 0.0
3.7286 0.0 0.0
3.7386 0.0 0.0
3.7486 0.0 0.0
3.7586 0.0 0.0
3.7686 0.0 0.0
3.7786 0.0 0.0
3.7886 0.0 0.0
3.7986 0.0 0.0
3.8086 0.0 0.0
3.8186 0.0 0.0
3.8286 0.0 0.0
3.8386 0.0 0.0
3.8486 0.0 0.0
3.8586 0.0 0.0
3.8686 0.0 0.0
3.8786 0.0 0.0
3.8886 0.0 0.0
3.8986 0.0 0.0
3.9086 0.0 0.0
3.9186 0.0 0.0
3.9286 0.0 0.0
3.9386 0.0 0.0
3.9486 0.0 0.0
3.9586 0.0 0.0
3.9686 0.0 0.0
3.9786 0.0 0.0
3.9886 0.0 0.0
3.9986 0.0 0.0
4.0086 0.0 0.0
4.0186 0.0 0.0
4.0286 0.0 0.0
4.0386 0.0 0.0
4.0486 0.0 0.0
4.0586 0.0 0.0
4.0686 0.0 0.0
4.0786 0.0 0.0
4.0886 0.0 0.0
4.0986 0.0 0.0
4.1086 0.0 0.0
4.1186 0.0 0.0
4.1286 0.0 0.0
4.1386 0.0 0.0
4.1486 0.0 0.0
4.1586 0.0 0.0
4.1686 0.0 0.0
4.1786 0.0 0.0
4.1886 0.0 0.0
4.1986 0.0 0.0
4.2086 0.0 0.0
4.2186 0.0 0.0
4.2286 0.0 0.0
4.2386 0.0 0.0
4.2486 0.0 0.0
4.2586 0.0 0.0
4.2686 0.0 0.0
4.2786 0.0 0.0
4.2886 0.0 0.0
4.2986 0.0 0.0
4.3086 0.0 0.0
4.3186 0.0 0.0
4.3286 0.0 0.0
4.3386 0.0 0.0
4.3486 0.0 0.0
4.3586 0.0 0.0
4.3686 0.0 0.0
4.3786 0.0 0.0
4.3886 0.0 0.0
4.3986 0.0 0.0
4.4086 0.0 0.0
4.4186 0.0 0.0
4.4286 0.0 0.0
4.4386 0.0 0.0
4.4486 0.0 0.0
4.4586 0.0 0.0
4.4686 0.0 0.0
4.4786 0.0 0.0
4.4886 0.0 0.0
4.4986 0.0 0.0
4.5086 0.0 0.0
4.5186 0.0 0.0
4.5286 0.0 0.0
4.5386 0.0 0.0
4.5486 0.0 0.0
4.5586 0.0 0.0
4.5686 0.0 0.0
4.5786 0.0 0.0
4.5886 0.0 0.0
4.5986 0.0 0.0
4.6086 0.0 0.0
4.6186 0.0 0.0
4.6286 0.0 0.0
4.6386 0.0 0.0
4.6486 0.0 0.0
4.6586 0.0 0.0
4.6686 0.0 0.0
4.6786 0.0 0.0
4.6886 0.0 0.0
4.6986 0.0 0.0
4.7086 0.0 0.0
4.7186 0.0 0.0
4.7286 0.0 0.0
4.7386 0.0 0.0
4.7486 0.0 0.0
4.7586 0.0 0.0
4.7686 0.0 0.0
4.7786 0.0 0.0
4.7886 0.0 0.0
4.7986 0.0 0.0
4.8086 0.0 0.0
4.8186 0.0 0.0
4.8286 0.0 0.0
4.8386 0.0 0.0
4.8486 0.0 0.0
4.8586 0.0 0.0
4.8686 0.0 0.0
4.8786 0.0 0.0
4.8886 0.0 0.0
4.8986 0.0 0.0
4.9086 0.0 0.0
4.9186 0.0 0.0
4.9286 0.0 0.0
4.9386 0.0 0.0
4.9486 0.0 0.0
4.9586 0.0 0.0
4.9686 0.0 0.0
4.9786 0.0 0.0
4.9886 0.0 0.0
4.9986 0.0 0.0
5.0086 0.0 0.0
5.0186 0.0 0.0
5.0286 0.0 0.0
5.0386 0.0 0.0
5.0486 0.0 0.0
5.0586 0.0 0.0
5.0686 0.0 0.0
5.0786 0.0 0.0
5.0886 0.0 0.0
5.0986 0.0 0.0
5.1086 0.0 0.0
5.1186 0.0 0.0
5.1286 0.0 0.0
5.1386 0.0 0.0
5.1486 0.0 0.0
5.1586 0.0 0.0
5.1686 0.0 0.0
5.1786 0.0 0.0
5.1886 0.0 0.0
5.1986 0.0 0.0
5.2086 2.64e-12 2.66e-12
5.2186 5.56e-12 5.6e-12
5.2286 1.158e-11 1.164e-11
5.2386 2.38e-11 2.4e-11
5.2486 4.86e-11 4.88e-11
5.2586 9.8e-11 9.86e-11
5.2686 1.954e-10 1.964e-10
5.2786 3.86e-10 3.88e-10
5.2886 7.52e-10 7.56e-10
5.2986 1.462e-09 1.468e-09
5.3086 2.8e-09 2.8e-09
5.3186 5.28e-09 5.3e-09
5.3286 9.88e-09 9.92e-09
5.3386 1.828e-08 1.836e-08
5.3486 3.34e-08 3.36e-08
5.3586 6.06e-08 6.08e-08
5.3686 1.086e-07 1.092e-07
5.3786 1.926e-07 1.934e-07
5.3886 3.38e-07 3.4e-07
5.3986 5.86e-07 5.88e-07
5.4086 1.006e-06 1.01e-06
5.4186 1.71e-06 1.716e-06
5.4286 2.88e-06 2.88e-06
5.4386 4.78e-06 4.8e-06
5.4486 7.86e-06 7.9e-06
5.4586 1.28e-05 1.286e-05
5.4686 2.06e-05 2.08e-05
5.4786 3.28e-05 3.3e-05
5.4886 5.18e-05 5.2e-05
5.4986 8.1e-05 8.12e-05
5.5086 0.0001252 0.0001256
5.5186 0.0001912 0.0001918
5.5286 0.00029 0.00029
5.5386 0.000434 0.000434
5.5486 0.000642 0.000644
5.5586 0.000942 0.000944
5.5686 0.001368 0.001372
5.5786 0.001966 0.00197
5.5886 0.0028 0.0028
5.5986 0.00394 0.00394
5.6086 0.0055 0.0055
5.6186 0.00758 0.0076
5.6286 0.01036 0.01038
5.6386 0.01404 0.01406
5.6486 0.01882 0.01884
5.6586 0.025 0.025
5.6686 0.0328 0.033
5.6786 0.0428 0.0428
5.6886 0.0552 0.0552
5.6986 0.0706 0.0706
5.7086 0.0894 0.0896
5.7186 0.1122 0.1124
5.7286 0.1396 0.1398
5.7386 0.1722 0.1722
5.7486 0.21 0.21
5.7586 0.254 0.254
5.7686 0.306 0.306
5.7786 0.364 0.364
5.7886 0.43 0.43
5.7986 0.502 0.502
5.8086 0.582 0.584
5.8186 0.67 0.67
5.8286 0.764 0.764
5.8386 0.864 0.864
5.8486 0.97 0.97
5.8586 1.078 1.078
5.8686 1.188 1.188
5.8786 1.3 1.298
5.8886 1.408 1.408
5.8986 1.514 1.512
5.9086 1.612 1.61
5.9186 1.702 1.7
5.9286 1.782 1.78
5.9386 1.848 1.846
5.9486 1.9 1.898
5.9586 1.936 1.934
5.9686 1.954 1.952
5.9786 1.954 1.952
5.9886 1.936 1.934
5.9986 1.9 1.898
6.0086 1.848 1.846
6.0186 1.78 1.778
6.0286 1.698 1.696
6.0386 1.604 1.602
6.0486 1.5 1.498
6.0586 1.39 1.388
6.0686 1.274 1.272
6.0786 1.158 1.156
6.0886 1.04 1.038
6.0986 0.926 0.924
6.1086 0.816 0.814
6.1186 0.71 0.71
6.1286 0.614 0.612
6.1386 0.524 0.522
6.1486 0.442 0.442
6.1586 0.37 0.37
6.1686 0.308 0.306
6.1786 0.252 0.252
6.1886 0.204 0.204
6.1986 0.1646 0.1642
6.2086 0.1312 0.131
6.2186 0.1036 0.1034
6.2286 0.0814 0.0812
6.2386 0.0634 0.0632
6.2486 0.0492 0.0492
6.2586 0.0382 0.0382
6.2686 0.0296 0.0296
6.2786 0.0232 0.0232
6.2886 0.01844 0.0184
6.2986 0.0149 0.01488
6.3086 0.01236 0.01234
6.3186 0.01054 0.01052
6.3286 0.00924 0.00924
6.3386 0.00834 0.00834
6.3486 0.0077 0.0077
6.3586 0.00722 0.00722
6.3686 0.00684 0.00684
6.3786 0.00652 0.00652
6.3886 0.00622 0.0062
6.3986 0.0059 0.0059
6.4086 0.00558 0.00558
6.4186 0.00524 0.00524
6.4286 0.00488 0.00488
6.4386 0.00452 0.00452
6.4486 0.00414 0.00414
6.4586 0.00376 0.00374
6.4686 0.00338 0.00338
6.4786 0.003 0.003
6.4886 0.00266 0.00266
6.4986 0.00236 0.00236
6.5086 0.00208 0.00208
6.5186 0.001842 0.00184
6.5286 0.001658 0.001658
6.5386 0.001532 0.001532
6.5486 0.00147 0.001472
6.5586 0.001482 0.001486
6.5686 0.001578 0.001586
6.5786 0.00177 0.00178
6.5886 0.00208 0.00208
6.5986 0.0025 0.00252
6.6086 0.00306 0.00308
6.6186 0.00378 0.00382
6.6286 0.0047 0.00474
6.6386 0.0058 0.00584
6.6486 0.0071 0.00716
6.6586 0.00866 0.00872
6.6686 0.01044 0.01052
6.6786 0.01246 0.01256
6.6886 0.01474 0.01486
6.6986 0.01724 0.01738
6.7086 0.01996 0.0202
6.7186 0.0228 0.023
6.7286 0.026 0.0262
6.7386 0.029 0.0292
6.7486 0.0322 0.0324
6.7586 0.0354 0.0356
6.7686 0.0384 0.0386
6.7786 0.0412 0.0414
6.7886 0.0438 0.044
6.7986 0.046 0.0462
6.8086 0.0478 0.0482
6.8186 0.0492 0.0494
6.8286 0.05 0.0504
6.8386 0.0504 0.0506
6.8486 0.05 0.0504
6.8586 0.0494 0.0496
6.8686 0.048 0.0484
6.8786 0.0464 0.0466
6.8886 0.0442 0.0444
6.8986 0.0416 0.0418
6.9086 0.0388 0.039
6.9186 0.0358 0.036
6.9286 0.0328 0.033
6.9386 0.0296 0.0298
6.9486 0.0264 0.0266
6.9586 0.0234 0.0234
6.9686 0.0204 0.0206
6.9786 0.01768 0.01776
6.9886 0.01512 0.0152
6.9986 0.0128 0.01286
7.0086 0.01072 0.01076
7.0186 0.00888 0.00892
7.0286 0.00728 0.0073
7.0386 0.0059 0.00592
7.0486 0.00474 0.00476
7.0586 0.00376 0.00376
7.0686 0.00294 0.00296
7.0786 0.00228 0.0023
7.0886 0.001758 0.001764
7.0986 0.001336 0.00134
7.1086 0.001004 0.001008
7.1186 0.000748 0.00075
7.1286 0.00055 0.000552
7.1386 0.0004 0.0004
7.1486 0.000288 0.000288
7.1586 0.000206 0.000206
7.1686 0.0001444 0.0001448
7.1786 0.0001006 0.0001008
7.1886 6.94e-05 6.96e-05
7.1986 4.74e-05 4.74e-05
7.2086 3.2e-05 3.2e-05
7.2186 2.14e-05 2.14e-05
7.2286 1.408e-05 1.41e-05
7.2386 9.2e-06 9.2e-06
7.2486 5.94e-06 5.96e-06
