-55.116 0.000926 0
-55.106 0.00113 0
-55.096 0.00138 0
-55.086 0.00165 0
-55.076 0.00197 0
-55.066 0.00232 0
-55.056 0.00271 0
-55.046 0.00313 0
-55.036 0.00359 0
-55.026 0.00407 0
-55.016 0.00458 0
-55.006 0.0051 0
-54.996 0.00564 0
-54.986 0.00617 0
-54.976 0.00669 0
-54.966 0.0072 0
-54.956 0.00768 0
-54.946 0.00812 0
-54.936 0.00853 0
-54.926 0.00888 0
-54.916 0.00919 0
-54.906 0.00944 0
-54.896 0.00963 0
-54.886 0.00977 0
-54.876 0.00986 0
-54.866 0.00991 0
-54.856 0.00992 0
-54.846 0.0099 0
-54.836 0.00985 0
-54.826 0.00978 0
-54.816 0.0097 0
-54.806 0.0096 0
-54.796 0.0095 0
-54.786 0.0094 0
-54.776 0.0093 0
-54.766 0.00919 0
-54.756 0.00908 0
-54.746 0.00896 0
-54.736 0.00884 0
-54.726 0.00871 0
-54.716 0.00857 0
-54.706 0.00843 0
-54.696 0.00828 0
-54.686 0.00814 0
-54.676 0.00801 0
-54.666 0.0079 0
-54.656 0.00782 0
-54.646 0.00778 0
-54.636 0.0078 0
-54.626 0.00789 0
-54.616 0.00807 0
-54.606 0.00834 0
-54.596 0.00872 0
-54.586 0.00922 0
-54.576 0.00983 0
-54.566 0.0106 0
-54.556 0.0114 0
-54.546 0.0124 0
-54.536 0.0135 0
-54.526 0.0146 0
-54.516 0.0158 0
-54.506 0.0171 0
-54.496 0.0183 0
-54.486 0.0196 0
-54.476 0.0208 0
-54.466 0.0219 0
-54.456 0.0229 0
-54.446 0.0238 0
-54.436 0.0245 0
-54.426 0.025 0
-54.416 0.0253 0
-54.406 0.0253 0
-54.396 0.0252 0
-54.386 0.0248 0
-54.376 0.0243 0
-54.366 0.0235 0
-54.356 0.0226 0
-54.346 0.0215 0
-54.336 0.0202 0
-54.326 0.0189 0
-54.316 0.0175 0
-54.306 0.0161 0
-54.296 0.0147 0
-54.286 0.0133 0
-54.276 0.012 0
-54.266 0.0107 0
-54.256 0.00946 0
-54.246 0.00835 0
-54.236 0.00733 0
-54.226 0.00642 0
-54.216 0.00561 0
-54.206 0.0049 0
-54.196 0.00428 0
-54.186 0.00375 0
-54.176 0.0033 0
-54.166 0.00292 0
-54.156 0.0026 0
-54.146 0.00233 0
-54.136 0.00211 0
-54.126 0.00193 0
-54.116 0.00177 0
-54.106 0.00165 0
-54.096 0.00154 0
-54.086 0.00145 0
-54.076 0.00137 0
-54.066 0.00131 0
-54.056 0.00125 0
-54.046 0.0012 0
-54.036 0.00115 0
-54.026 0.00111 0
-54.016 0.00107 0
-54.006 0.00103 0
-53.996 0.000994 0
-53.986 0.000959 0
-53.976 0.000924 0
-53.966 0.00089 0
-53.956 0.000856 0
-53.946 0.000822 0
-53.936 0.000788 0
-53.926 0.000753 0
-53.916 0.000718 0
-53.906 0.000682 0
-53.896 0.000646 0
-53.886 0.000609 0
-53.876 0.000571 0
-53.866 0.000533 0
-53.856 0.000495 0
-53.846 0.000457 0
-53.836 0.00042 0
-53.826 0.000383 0
-53.816 0.000347 0
-53.806 0.000312 0
-53.796 0.000278 0
-53.786 0.000246 0
-53.776 0.000217 0
-53.766 0.000189 0
-53.756 0.000163 0
-53.746 0.00014 0
-53.736 0.000119 0
-53.726 0.0001 0
-53.716 8.36e-05 0
-53.706 6.91e-05 0
-53.696 5.67e-05 0
-53.686 4.6e-05 0
-53.676 3.7e-05 0
-53.666 2.95e-05 0
-53.656 2.32e-05 0
-53.646 1.82e-05 0
-53.636 1.4e-05 0
-53.626 1.08e-05 0
-53.616 8.16e-06 0
-53.606 6.12e-06 0
-53.596 4.55e-06 0
-53.586 3.35e-06 0
-53.576 2.44e-06 0
-53.566 1.76e-06 0
-53.556 1.25e-06 0
-53.546 8.86e-07 0
-53.536 6.2e-07 0
-53.526 4.29e-07 0
-53.516 2.94e-07 0
-53.506 1.99e-07 0
-53.496 1.34e-07 0
-53.486 8.87e-08 0
-53.476 5.82e-08 0
-53.466 3.79e-08 0
-53.456 2.44e-08 0
-53.446 1.55e-08 0
-53.436 9.77e-09 0
-53.426 6.09e-09 0
-53.416 3.76e-09 0
-53.406 2.29e-09 0
-53.396 1.39e-09 0
-53.386 8.29e-10 0
-53.376 4.9e-10 0
-53.366 2.87e-10 0
-53.356 1.66e-10 0
-53.346 9.52e-11 0
-53.336 5.4e-11 0
-53.326 3.03e-11 0
-53.316 1.68e-11 0
-53.306 9.23e-12 0
-53.296 5.02e-12 0
-53.286 2.7e-12 0
-53.276 1.43e-12 0
-53.266 7.55e-13 0
-53.256 3.93e-13 0
-53.246 2.02e-13 0
-53.236 1.03e-13 0
-53.226 5.2e-14 0
-53.216 2.58e-14 0
-53.206 1.27e-14 0
-53.196 6.13e-15 0
-53.186 2.65e-15 0
-53.176 1.27e-15 0
-53.166 4.12e-16 0
-53.156 0.0 0
-53.146 0.0 0
-53.136 0.0 0
-53.126 0.0 0
-53.116 0.0 0
-53.106 0.0 0
-53.096 0.0 0
-53.086 0.0 0
-53.076 0.0 0
-53.066 0.0 0
-53.056 0.0 0
-53.046 0.0 0
-53.036 0.0 0
-53.026 0.0 0
-53.016 0.0 0
-53.006 0.0 0
-52.996 0.0 0
-52.986 0.0 0
-52.976 0.0 0
-52.966 0.0 0
-52.956 0.0 0
-52.946 0.0 0
-52.936 0.0 0
-52.926 0.0 0
-52.916 0.0 0
-52.906 0.0 0
-52.896 0.0 0
-52.886 0.0 0
-52.876 0.0 0
-52.866 0.0 0
-52.856 0.0 0
-52.846 0.0 0
-52.836 0.0 0
-52.826 0.0 0
-52.816 0.0 0
-52.806 0.0 0
-52.796 0.0 0
-52.786 0.0 0
-52.776 0.0 0
-52.766 0.0 0
-52.756 0.0 0
-52.746 0.0 0
-52.736 0.0 0
-52.726 0.0 0
-52.716 0.0 0
-52.706 0.0 0
-52.696 0.0 0
-52.686 0.0 0
-52.676 0.0 0
-52.666 0.0 0
-52.656 0.0 0
-52.646 0.0 0
-52.636 0.0 0
-52.626 0.0 0
-52.616 0.0 0
-52.606 0.0 0
-52.596 0.0 0
-52.586 0.0 0
-52.576 0.0 0
-52.566 0.0 0
-52.556 0.0 0
-52.546 0.0 -3.98e-14
-52.536 0.0 -2.35e-13
-52.526 0.0 -4.9e-13
-52.516 0.0 -1.01e-12
-52.506 0.0 -2.06e-12
-52.496 0.0 -4.16e-12
-52.486 0.0 -8.31e-12
-52.476 0.0 -1.64e-11
-52.466 0.0 -3.21e-11
-52.456 0.0 -6.2e-11
-52.446 0.0 -1.19e-10
-52.436 0.0 -2.24e-10
-52.426 0.0 -4.2e-10
-52.416 0.0 -7.77e-10
-52.406 0.0 -1.42e-09
-52.396 0.0 -2.58e-09
-52.386 0.0 -4.62e-09
-52.376 0.0 -8.19e-09
-52.366 0.0 -1.44e-08
-52.356 0.0 -2.49e-08
-52.346 0.0 -4.28e-08
-52.336 0.0 -7.27e-08
-52.326 0.0 -1.22e-07
-52.316 0.0 -2.03e-07
-52.306 0.0 -3.33e-07
-52.296 0.0 -5.42e-07
-52.286 0.0 -8.72e-07
-52.276 0.0 -1.39e-06
-52.266 0.0 -2.19e-06
-52.256 0.0 -3.4e-06
-52.246 0.0 -5.24e-06
-52.236 0.0 -7.99e-06
-52.226 0.0 -1.21e-05
-52.216 0.0 -1.8e-05
-52.206 0.0 -2.65e-05
-52.196 0.0 -3.87e-05
-52.186 0.0 -5.59e-05
-52.176 0.0 -7.99e-05
-52.166 0.0 -0.000113
-52.156 0.0 -0.000158
-52.146 0.0 -0.000218
-52.136 0.0 -0.000299
-52.126 0.0 -0.000404
-52.116 0.0 -0.000541
-52.106 0.0 -0.000717
-52.096 0.0 -0.00094
-52.086 0.0 -0.00122
-52.076 0.0 -0.00156
-52.066 0.0 -0.00198
-52.056 0.0 -0.00249
-52.046 0.0 -0.00309
-52.036 0.0 -0.00379
-52.026 0.0 -0.00461
-52.016 0.0 -0.00554
-52.006 0.0 -0.00659
-51.996 0.0 -0.00776
-51.986 0.0 -0.00903
-51.976 0.0 -0.0104
-51.966 0.0 -0.0119
-51.956 0.0 -0.0134
-51.946 0.0 -0.0149
-51.936 0.0 -0.0165
-51.926 0.0 -0.018
-51.916 0.0 -0.0195
-51.906 0.0 -0.0209
-51.896 0.0 -0.0221
-51.886 0.0 -0.0232
-51.876 0.0 -0.0242
-51.866 0.0 -0.0249
-51.856 0.0 -0.0254
-51.846 0.0 -0.0257
-51.836 0.0 -0.0257
-51.826 0.0 -0.0256
-51.816 0.0 -0.0253
-51.806 0.0 -0.0249
-51.796 0.0 -0.0243
-51.786 0.0 -0.0236
-51.776 0.0 -0.0228
-51.766 0.0 -0.022
-51.756 0.0 -0.0213
-51.746 0.0 -0.0205
-51.736 0.0 -0.0198
-51.726 0.0 -0.0192
-51.716 0.0 -0.0187
-51.706 0.0 -0.0183
-51.696 0.0 -0.0179
-51.686 0.0 -0.0177
-51.676 0.0 -0.0175
-51.666 0.0 -0.0173
-51.656 0.0 -0.0173
-51.646 0.0 -0.0172
-51.636 0.0 -0.0172
-51.626 0.0 -0.0172
-51.616 0.0 -0.0171
-51.606 0.0 -0.0171
-51.596 0.0 -0.0169
-51.586 0.0 -0.0168
-51.576 0.0 -0.0166
-51.566 0.0 -0.0163
-51.556 0.0 -0.0159
-51.546 0.0 -0.0155
-51.536 0.0 -0.0151
-51.526 0.0 -0.0146
-51.516 0.0 -0.0141
-51.506 0.0 -0.0135
-51.496 0.0 -0.0129
-51.486 0.0 -0.0123
-51.476 0.0 -0.0116
-51.466 0.0 -0.011
-51.456 0.0 -0.0104
-51.446 0.0 -0.00976
-51.436 0.0 -0.00917
-51.426 0.0 -0.00859
-51.416 0.0 -0.00804
-51.406 0.0 -0.00751
-51.396 0.0 -0.00701
-51.386 0.0 -0.00654
-51.376 0.0 -0.0061
-51.366 0.0 -0.00569
-51.356 0.0 -0.0053
-51.346 0.0 -0.00494
-51.336 0.0 -0.00459
-51.326 0.0 -0.00427
-51.316 0.0 -0.00397
-51.306 0.0 -0.00368
-51.296 0.0 -0.00341
-51.286 0.0 -0.00316
-51.276 0.0 -0.00291
-51.266 0.0 -0.00268
-51.256 0.0 -0.00246
-51.246 0.0 -0.00225
-51.236 0.0 -0.00205
-51.226 0.0 -0.00186
-51.216 0.0 -0.00168
-51.206 0.0 -0.00151
-51.196 0.0 -0.00135
-51.186 0.0 -0.0012
-51.176 0.0 -0.00106
-51.166 0.0 -0.000936
-51.156 0.0 -0.000817
-51.146 0.0 -0.000709
-51.136 0.0 -0.000612
-51.126 0.0 -0.000523
-51.116 0.0 -0.000445
-51.106 0.0 -0.000375
-51.096 0.0 -0.000314
-51.086 0.0 -0.000261
-51.076 0.0 -0.000215
-51.066 0.0 -0.000175
-51.056 0.0 -0.000142
-51.046 0.0 -0.000114
-51.036 0.0 -9.08e-05
-51.026 0.0 -7.17e-05
-51.016 0.0 -5.61e-05
-51.006 0.0 -4.34e-05
-50.996 0.0 -3.34e-05
-50.986 0.0 -2.54e-05
-50.976 0.0 -1.91e-05
-50.966 0.0 -1.43e-05
-50.956 0.0 -1.06e-05
-50.946 0.0 -7.74e-06
-50.936 0.0 -5.62e-06
-50.926 0.0 -4.04e-06
-50.916 0.0 -2.87e-06
-50.906 0.0 -2.02e-06
-50.896 0.0 -1.41e-06
-50.886 0.0 -9.76e-07
-50.876 0.0 -6.68e-07
-50.866 0.0 -4.52e-07
-50.856 0.0 -3.03e-07
-50.846 0.0 -2.01e-07
-50.836 0.0 -1.32e-07
-50.826 0.0 -8.6e-08
-50.816 0.0 -5.53e-08
-50.806 0.0 -3.53e-08
-50.796 0.0 -2.22e-08
-50.786 0.0 -1.39e-08
-50.776 0.0 -8.59e-09
-50.766 0.0 -5.25e-09
-50.756 0.0 -3.18e-09
-50.746 0.0 -1.91e-09
-50.736 0.0 -1.13e-09
-50.726 0.0 -6.63e-10
-50.716 0.0 -3.85e-10
-50.706 0.0 -2.22e-10
-50.696 0.0 -1.26e-10
-50.686 0.0 -7.1e-11
-50.676 0.0 -3.96e-11
-50.666 0.0 -2.18e-11
-50.656 0.0 -1.19e-11
-50.646 0.0 -6.43e-12
-50.636 0.0 -3.44e-12
-50.626 0.0 -1.82e-12
-50.616 0.0 -9.51e-13
-50.606 0.0 -4.92e-13
-50.596 0.0 -2.52e-13
-50.586 0.0 -1.27e-13
-50.576 0.0 -6.36e-14
-50.566 0.0 -3.13e-14
-50.556 0.0 -1.51e-14
-50.546 0.0 -7.16e-15
-50.536 0.0 -3.06e-15
-50.526 0.0 -1.21e-15
-50.516 0.0 -2.56e-16
-50.506 0.0 -4.57e-17
-50.496 0.0 0
-50.486 0.0 0
-50.476 0.0 0
-50.466 0.0 0
-50.456 0.0 0
-50.446 0.0 0
-50.436 0.0 0
-50.426 0.0 0
-50.416 0.0 0
-50.406 0.0 0
-50.396 0.0 0
-50.386 0.0 0
-50.376 0.0 0
-50.366 0.0 0
-50.356 0.0 0
-50.346 0.0 0
-50.336 0.0 0
-50.326 0.0 0
-50.316 0.0 0
-50.306 0.0 0
-50.296 0.0 0
-50.286 0.0 0
-50.276 0.0 0
-50.266 0.0 0
-50.256 0.0 0
-50.246 0.0 0
-50.236 0.0 0
-50.226 0.0 0
-50.216 0.0 0
-50.206 0.0 0
-50.196 0.0 0
-50.186 0.0 0
-50.176 0.0 0
-50.166 0.0 0
-50.156 0.0 0
-50.146 0.0 0
-50.136 0.0 0
-50.126 0.0 0
-50.116 0.0 0
-50.106 0.0 0
-50.096 0.0 0
-50.086 0.0 0
-50.076 0.0 0
-50.066 0.0 0
-50.056 0.0 0
-50.046 0.0 0
-50.036 0.0 0
-50.026 0.0 0
-50.016 0.0 0
-50.006 0.0 0
-49.996 0.0 0
-49.986 0.0 0
-49.976 0.0 0
-49.966 0.0 0
-49.956 0.0 0
-49.946 0.0 0
-49.936 0.0 0
-49.926 0.0 0
-49.916 0.0 0
-49.906 0.0 0
-49.896 0.0 0
-49.886 0.0 0
-49.876 0.0 0
-49.866 0.0 0
-49.856 0.0 0
-49.846 0.0 0
-49.836 0.0 0
-49.826 0.0 0
-49.816 0.0 0
-49.806 0.0 0
-49.796 0.0 0
-49.786 0.0 0
-49.776 0.0 0
-49.766 0.0 0
-49.756 0.0 0
-49.746 0.0 0
-49.736 0.0 0
-49.726 0.0 0
-49.716 0.0 0
-49.706 0.0 0
-49.696 0.0 0
-49.686 0.0 0
-49.676 0.0 0
-49.666 0.0 0
-49.656 0.0 0
-49.646 0.0 0
-49.636 0.0 0
-49.626 0.0 0
-49.616 0.0 0
-49.606 0.0 0
-49.596 0.0 0
-49.586 0.0 0
-49.576 0.0 0
-49.566 0.0 0
-49.556 0.0 0
-49.546 0.0 0
-49.536 0.0 0
-49.526 0.0 0
-49.516 0.0 0
-49.506 0.0 0
-49.496 0.0 0
-49.486 0.0 0
-49.476 0.0 0
-49.466 0.0 0
-49.456 0.0 0
-49.446 0.0 0
-49.436 0.0 0
-49.426 0.0 0
-49.416 0.0 0
-49.406 0.0 0
-49.396 0.0 0
-49.386 0.0 0
-49.376 0.0 0
-49.366 0.0 0
-49.356 0.0 0
-49.346 0.0 0
-49.336 0.0 0
-49.326 0.0 0
-49.316 0.0 0
-49.306 0.0 0
-49.296 0.0 0
-49.286 0.0 0
-49.276 0.0 0
-49.266 0.0 0
-49.256 0.0 0
-49.246 0.0 0
-49.236 0.0 0
-49.226 0.0 0
-49.216 0.0 0
-49.206 0.0 0
-49.196 0.0 0
-49.186 0.0 0
-49.176 0.0 0
-49.166 0.0 0
-49.156 0.0 0
-49.146 0.0 0
-49.136 0.0 0
-49.126 0.0 0
-49.116 0.0 0
-49.106 0.0 0
-49.096 0.0 0
-49.086 0.0 0
-49.076 0.0 0
-49.066 0.0 0
-49.056 0.0 0
-49.046 0.0 0
-49.036 0.0 0
-49.026 0.0 0
-49.016 0.0 0
-49.006 0.0 0
-48.996 0.0 0
-48.986 0.0 0
-48.976 0.0 0
-48.966 0.0 0
-48.956 0.0 0
-48.946 0.0 0
-48.936 0.0 0
-48.926 0.0 0
-48.916 0.0 0
-48.906 0.0 0
-48.896 0.0 0
-48.886 0.0 0
-48.876 0.0 0
-48.866 0.0 0
-48.856 0.0 0
-48.846 0.0 0
-48.836 0.0 0
-48.826 0.0 0
-48.816 0.0 0
-48.806 0.0 0
-48.796 0.0 0
-48.786 0.0 0
-48.776 0.0 0
-48.766 0.0 0
-48.756 0.0 0
-48.746 0.0 0
-48.736 0.0 0
-48.726 0.0 0
-48.716 0.0 0
-48.706 0.0 0
-48.696 0.0 0
-48.686 0.0 0
-48.676 0.0 0
-48.666 0.0 0
-48.656 0.0 0
-48.646 0.0 0
-48.636 0.0 0
-48.626 0.0 0
-48.616 0.0 0
-48.606 0.0 0
-48.596 0.0 0
-48.586 0.0 0
-48.576 0.0 0
-48.566 0.0 0
-48.556 0.0 0
-48.546 0.0 0
-48.536 0.0 0
-48.526 0.0 0
-48.516 0.0 0
-48.506 0.0 0
-48.496 0.0 0
-48.486 0.0 0
-48.476 0.0 0
-48.466 0.0 0
-48.456 0.0 0
-48.446 0.0 0
-48.436 0.0 0
-48.426 0.0 0
-48.416 0.0 0
-48.406 0.0 0
-48.396 0.0 0
-48.386 0.0 0
-48.376 0.0 0
-48.366 0.0 0
-48.356 0.0 0
-48.346 0.0 0
-48.336 0.0 0
-48.326 0.0 0
-48.316 0.0 0
-48.306 0.0 0
-48.296 0.0 0
-48.286 0.0 0
-48.276 0.0 0
-48.266 0.0 0
-48.256 0.0 0
-48.246 0.0 0
-48.236 0.0 0
-48.226 0.0 0
-48.216 0.0 0
-48.206 0.0 0
-48.196 0.0 0
-48.186 0.0 0
-48.176 0.0 0
-48.166 0.0 0
-48.156 0.0 0
-48.146 0.0 0
-48.136 0.0 0
-48.126 0.0 0
-48.116 0.0 0
-48.106 0.0 0
-48.096 0.0 0
-48.086 0.0 0
-48.076 0.0 0
-48.066 0.0 0
-48.056 0.0 0
-48.046 0.0 0
-48.036 0.0 0
-48.026 0.0 0
-48.016 0.0 0
-48.006 0.0 0
-47.996 0.0 0
-47.986 0.0 0
-47.976 0.0 0
-47.966 0.0 0
-47.956 0.0 0
-47.946 0.0 0
-47.936 0.0 0
-47.926 0.0 0
-47.916 0.0 0
-47.906 0.0 0
-47.896 0.0 0
-47.886 0.0 0
-47.876 0.0 0
-47.866 0.0 0
-47.856 0.0 0
-47.846 0.0 0
-47.836 0.0 0
-47.826 0.0 0
-47.816 0.0 0
-47.806 0.0 0
-47.796 0.0 0
-47.786 0.0 0
-47.776 0.0 0
-47.766 0.0 0
-47.756 0.0 0
-47.746 0.0 0
-47.736 0.0 0
-47.726 0.0 0
-47.716 0.0 0
-47.706 0.0 0
-47.696 0.0 0
-47.686 0.0 0
-47.676 0.0 0
-47.666 0.0 0
-47.656 0.0 0
-47.646 0.0 0
-47.636 0.0 0
-47.626 0.0 0
-47.616 0.0 0
-47.606 0.0 0
-47.596 0.0 0
-47.586 0.0 0
-47.576 0.0 0
-47.566 0.0 0
-47.556 0.0 0
-47.546 0.0 0
-47.536 0.0 0
-47.526 0.0 0
-47.516 0.0 0
-47.506 0.0 0
-47.496 0.0 0
-47.486 0.0 0
-47.476 0.0 0
-47.466 0.0 0
-47.456 0.0 0
-47.446 0.0 0
-47.436 0.0 0
-47.426 0.0 0
-47.416 0.0 0
-47.406 0.0 0
-47.396 0.0 0
-47.386 0.0 0
-47.376 0.0 0
-47.366 0.0 0
-47.356 0.0 0
-47.346 0.0 0
-47.336 0.0 0
-47.326 0.0 0
-47.316 0.0 0
-47.306 0.0 0
-47.296 0.0 0
-47.286 0.0 0
-47.276 0.0 0
-47.266 0.0 0
-47.256 0.0 0
-47.246 0.0 0
-47.236 0.0 0
-47.226 0.0 0
-47.216 0.0 0
-47.206 0.0 0
-47.196 0.0 0
-47.186 0.0 0
-47.176 0.0 0
-47.166 0.0 0
-47.156 0.0 0
-47.146 0.0 0
-47.136 0.0 0
-47.126 0.0 0
-47.116 0.0 0
-47.106 0.0 0
-47.096 0.0 0
-47.086 0.0 0
-47.076 0.0 0
-47.066 0.0 0
-47.056 0.0 0
-47.046 0.0 0
-47.036 0.0 0
-47.026 0.0 0
-47.016 0.0 0
-47.006 0.0 0
-46.996 0.0 0
-46.986 0.0 0
-46.976 0.0 0
-46.966 0.0 0
-46.956 0.0 0
-46.946 0.0 0
-46.936 0.0 0
-46.926 0.0 0
-46.916 0.0 0
-46.906 0.0 0
-46.896 0.0 0
-46.886 0.0 0
-46.876 0.0 0
-46.866 0.0 0
-46.856 0.0 0
-46.846 0.0 0
-46.836 0.0 0
-46.826 0.0 0
-46.816 0.0 0
-46.806 0.0 0
-46.796 0.0 0
-46.786 0.0 0
-46.776 0.0 0
-46.766 0.0 0
-46.756 0.0 0
-46.746 0.0 0
-46.736 0.0 0
-46.726 0.0 0
-46.716 0.0 0
-46.706 0.0 0
-46.696 0.0 0
-46.686 0.0 0
-46.676 0.0 0
-46.666 0.0 0
-46.656 0.0 0
-46.646 0.0 0
-46.636 0.0 0
-46.626 0.0 0
-46.616 0.0 0
-46.606 0.0 0
-46.596 0.0 0
-46.586 0.0 0
-46.576 0.0 0
-46.566 0.0 0
-46.556 0.0 0
-46.546 0.0 0
-46.536 0.0 0
-46.526 0.0 0
-46.516 0.0 0
-46.506 0.0 0
-46.496 0.0 0
-46.486 0.0 0
-46.476 0.0 0
-46.466 0.0 0
-46.456 0.0 0
-46.446 0.0 0
-46.436 0.0 0
-46.426 0.0 0
-46.416 0.0 0
-46.406 0.0 0
-46.396 0.0 0
-46.386 0.0 0
-46.376 0.0 0
-46.366 0.0 0
-46.356 0.0 0
-46.346 0.0 0
-46.336 0.0 0
-46.326 0.0 0
-46.316 0.0 0
-46.306 0.0 0
-46.296 0.0 0
-46.286 0.0 0
-46.276 0.0 0
-46.266 0.0 0
-46.256 0.0 0
-46.246 0.0 0
-46.236 0.0 0
-46.226 0.0 0
-46.216 0.0 0
-46.206 0.0 0
-46.196 0.0 0
-46.186 0.0 0
-46.176 0.0 0
-46.166 0.0 0
-46.156 0.0 0
-46.146 0.0 0
-46.136 0.0 0
-46.126 0.0 0
-46.116 0.0 0
-46.106 0.0 0
-46.096 0.0 0
-46.086 0.0 0
-46.076 0.0 0
-46.066 0.0 0
-46.056 0.0 0
-46.046 0.0 0
-46.036 0.0 0
-46.026 0.0 0
-46.016 0.0 0
-46.006 0.0 0
-45.996 0.0 0
-45.986 0.0 0
-45.976 0.0 0
-45.966 0.0 0
-45.956 0.0 0
-45.946 0.0 0
-45.936 0.0 0
-45.926 0.0 0
-45.916 0.0 0
-45.906 0.0 0
-45.896 0.0 0
-45.886 0.0 0
-45.876 0.0 0
-45.866 0.0 0
-45.856 0.0 0
-45.846 0.0 0
-45.836 0.0 0
-45.826 0.0 0
-45.816 0.0 0
-45.806 0.0 0
-45.796 0.0 0
-45.786 0.0 0
-45.776 0.0 0
-45.766 0.0 0
-45.756 0.0 0
-45.746 0.0 0
-45.736 0.0 0
-45.726 0.0 0
-45.716 0.0 0
-45.706 0.0 0
-45.696 0.0 0
-45.686 0.0 0
-45.676 0.0 0
-45.666 0.0 0
-45.656 0.0 0
-45.646 0.0 0
-45.636 0.0 0
-45.626 0.0 0
-45.616 0.0 0
-45.606 0.0 0
-45.596 0.0 0
-45.586 0.0 0
-45.576 0.0 0
-45.566 0.0 0
-45.556 0.0 0
-45.546 0.0 0
-45.536 0.0 0
-45.526 0.0 0
-45.516 0.0 0
-45.506 0.0 0
-45.496 0.0 0
-45.486 0.0 0
-45.476 0.0 0
-45.466 0.0 0
-45.456 0.0 0
-45.446 0.0 0
-45.436 0.0 0
-45.426 0.0 0
-45.416 0.0 0
-45.406 0.0 0
-45.396 0.0 0
-45.386 0.0 0
-45.376 0.0 0
-45.366 0.0 0
-45.356 0.0 0
-45.346 0.0 0
-45.336 0.0 0
-45.326 0.0 0
-45.316 0.0 0
-45.306 0.0 0
-45.296 0.0 0
-45.286 0.0 0
-45.276 0.0 0
-45.266 0.0 0
-45.256 0.0 0
-45.246 0.0 0
-45.236 0.0 0
-45.226 0.0 0
-45.216 0.0 0
-45.206 0.0 0
-45.196 0.0 0
-45.186 0.0 0
-45.176 0.0 0
-45.166 0.0 0
-45.156 0.0 0
-45.146 0.0 0
-45.136 0.0 0
-45.126 0.0 0
-45.116 0.0 0
-45.106 0.0 0
-45.096 0.0 0
-45.086 0.0 0
-45.076 0.0 0
-45.066 0.0 0
-45.056 0.0 0
-45.046 0.0 0
-45.036 0.0 0
-45.026 0.0 0
-45.016 0.0 0
-45.006 0.0 0
-44.996 0.0 0
-44.986 0.0 0
-44.976 0.0 0
-44.966 0.0 0
-44.956 0.0 0
-44.946 0.0 0
-44.936 0.0 0
-44.926 0.0 0
-44.916 0.0 0
-44.906 0.0 0
-44.896 0.0 0
-44.886 0.0 0
-44.876 0.0 0
-44.866 0.0 0
-44.856 0.0 0
-44.846 0.0 0
-44.836 0.0 0
-44.826 0.0 0
-44.816 0.0 0
-44.806 0.0 0
-44.796 0.0 0
-44.786 0.0 0
-44.776 0.0 0
-44.766 0.0 0
-44.756 0.0 0
-44.746 0.0 0
-44.736 0.0 0
-44.726 0.0 0
-44.716 0.0 0
-44.706 0.0 0
-44.696 0.0 0
-44.686 0.0 0
-44.676 0.0 0
-44.666 0.0 0
-44.656 0.0 0
-44.646 0.0 0
-44.636 0.0 0
-44.626 0.0 0
-44.616 0.0 0
-44.606 0.0 0
-44.596 0.0 0
-44.586 0.0 0
-44.576 0.0 0
-44.566 0.0 0
-44.556 0.0 0
-44.546 0.0 0
-44.536 0.0 0
-44.526 0.0 0
-44.516 0.0 0
-44.506 0.0 0
-44.496 0.0 0
-44.486 0.0 0
-44.476 0.0 0
-44.466 0.0 0
-44.456 0.0 0
-44.446 0.0 0
-44.436 0.0 0
-44.426 0.0 0
-44.416 0.0 0
-44.406 0.0 0
-44.396 0.0 0
-44.386 0.0 0
-44.376 0.0 0
-44.366 0.0 0
-44.356 0.0 0
-44.346 0.0 0
-44.336 0.0 0
-44.326 0.0 0
-44.316 0.0 0
-44.306 0.0 0
-44.296 0.0 0
-44.286 0.0 0
-44.276 0.0 0
-44.266 0.0 0
-44.256 0.0 0
-44.246 0.0 0
-44.236 0.0 0
-44.226 0.0 0
-44.216 0.0 0
-44.206 0.0 0
-44.196 0.0 0
-44.186 0.0 0
-44.176 0.0 0
-44.166 0.0 0
-44.156 0.0 0
-44.146 0.0 0
-44.136 0.0 0
-44.126 0.0 0
-44.116 0.0 0
-44.106 0.0 0
-44.096 0.0 0
-44.086 0.0 0
-44.076 0.0 0
-44.066 0.0 0
-44.056 0.0 0
-44.046 0.0 0
-44.036 0.0 0
-44.026 0.0 0
-44.016 0.0 0
-44.006 0.0 0
-43.996 0.0 0
-43.986 0.0 0
-43.976 0.0 0
-43.966 0.0 0
-43.956 0.0 0
-43.946 0.0 0
-43.936 0.0 0
-43.926 0.0 0
-43.916 0.0 0
-43.906 0.0 0
-43.896 0.0 0
-43.886 0.0 0
-43.876 0.0 0
-43.866 0.0 0
-43.856 0.0 0
-43.846 0.0 0
-43.836 0.0 0
-43.826 0.0 0
-43.816 0.0 0
-43.806 0.0 0
-43.796 0.0 0
-43.786 0.0 0
-43.776 0.0 0
-43.766 0.0 0
-43.756 0.0 0
-43.746 0.0 0
-43.736 0.0 0
-43.726 0.0 0
-43.716 0.0 0
-43.706 0.0 0
-43.696 0.0 0
-43.686 0.0 0
-43.676 0.0 0
-43.666 0.0 0
-43.656 0.0 0
-43.646 0.0 0
-43.636 0.0 0
-43.626 0.0 0
-43.616 0.0 0
-43.606 0.0 0
-43.596 0.0 0
-43.586 0.0 0
-43.576 0.0 0
-43.566 0.0 0
-43.556 0.0 0
-43.546 0.0 0
-43.536 0.0 0
-43.526 0.0 0
-43.516 0.0 0
-43.506 0.0 0
-43.496 0.0 0
-43.486 0.0 0
-43.476 0.0 0
-43.466 0.0 0
-43.456 0.0 0
-43.446 0.0 0
-43.436 0.0 0
-43.426 0.0 0
-43.416 0.0 0
-43.406 0.0 0
-43.396 0.0 0
-43.386 0.0 0
-43.376 0.0 0
-43.366 0.0 0
-43.356 0.0 0
-43.346 0.0 0
-43.336 0.0 0
-43.326 0.0 0
-43.316 0.0 0
-43.306 0.0 0
-43.296 0.0 0
-43.286 0.0 0
-43.276 0.0 0
-43.266 0.0 0
-43.256 0.0 0
-43.246 0.0 0
-43.236 0.0 0
-43.226 0.0 0
-43.216 0.0 0
-43.206 0.0 0
-43.196 0.0 0
-43.186 0.0 0
-43.176 0.0 0
-43.166 0.0 0
-43.156 0.0 0
-43.146 0.0 0
-43.136 0.0 0
-43.126 0.0 0
-43.116 0.0 0
-43.106 0.0 0
-43.096 0.0 0
-43.086 0.0 0
-43.076 0.0 0
-43.066 0.0 0
-43.056 0.0 0
-43.046 0.0 0
-43.036 0.0 0
-43.026 0.0 0
-43.016 0.0 0
-43.006 0.0 0
-42.996 0.0 0
-42.986 0.0 0
-42.976 0.0 0
-42.966 0.0 0
-42.956 0.0 0
-42.946 0.0 0
-42.936 0.0 0
-42.926 0.0 0
-42.916 0.0 0
-42.906 0.0 0
-42.896 0.0 0
-42.886 0.0 0
-42.876 0.0 0
-42.866 0.0 0
-42.856 0.0 0
-42.846 0.0 0
-42.836 0.0 0
-42.826 0.0 0
-42.816 0.0 0
-42.806 0.0 0
-42.796 0.0 0
-42.786 0.0 0
-42.776 0.0 0
-42.766 0.0 0
-42.756 0.0 0
-42.746 0.0 0
-42.736 0.0 0
-42.726 0.0 0
-42.716 0.0 0
-42.706 0.0 0
-42.696 0.0 0
-42.686 0.0 0
-42.676 0.0 0
-42.666 0.0 0
-42.656 0.0 0
-42.646 0.0 0
-42.636 0.0 0
-42.626 0.0 0
-42.616 0.0 0
-42.606 0.0 0
-42.596 0.0 0
-42.586 0.0 0
-42.576 0.0 0
-42.566 0.0 0
-42.556 0.0 0
-42.546 0.0 0
-42.536 0.0 0
-42.526 0.0 0
-42.516 0.0 0
-42.506 0.0 0
-42.496 0.0 0
-42.486 0.0 0
-42.476 0.0 0
-42.466 0.0 0
-42.456 0.0 0
-42.446 0.0 0
-42.436 0.0 0
-42.426 0.0 0
-42.416 0.0 0
-42.406 0.0 0
-42.396 0.0 0
-42.386 0.0 0
-42.376 0.0 0
-42.366 0.0 0
-42.356 0.0 0
-42.346 0.0 0
-42.336 0.0 0
-42.326 0.0 0
-42.316 0.0 0
-42.306 0.0 0
-42.296 0.0 0
-42.286 0.0 0
-42.276 0.0 0
-42.266 0.0 0
-42.256 0.0 0
-42.246 0.0 0
-42.236 0.0 0
-42.226 0.0 0
-42.216 0.0 0
-42.206 0.0 0
-42.196 0.0 0
-42.186 0.0 0
-42.176 0.0 0
-42.166 0.0 0
-42.156 0.0 0
-42.146 0.0 0
-42.136 0.0 0
-42.126 0.0 0
-42.116 0.0 0
-42.106 0.0 0
-42.096 0.0 0
-42.086 0.0 0
-42.076 0.0 0
-42.066 0.0 0
-42.056 0.0 0
-42.046 0.0 0
-42.036 0.0 0
-42.026 0.0 0
-42.016 0.0 0
-42.006 0.0 0
-41.996 0.0 0
-41.986 0.0 0
-41.976 0.0 0
-41.966 0.0 0
-41.956 0.0 0
-41.946 0.0 0
-41.936 0.0 0
-41.926 0.0 0
-41.916 0.0 0
-41.906 0.0 0
-41.896 0.0 0
-41.886 0.0 0
-41.876 0.0 0
-41.866 0.0 0
-41.856 0.0 0
-41.846 0.0 0
-41.836 0.0 0
-41.826 0.0 0
-41.816 0.0 0
-41.806 0.0 0
-41.796 0.0 0
-41.786 0.0 0
-41.776 0.0 0
-41.766 0.0 0
-41.756 0.0 0
-41.746 0.0 0
-41.736 0.0 0
-41.726 0.0 0
-41.716 0.0 0
-41.706 0.0 0
-41.696 0.0 0
-41.686 0.0 0
-41.676 0.0 0
-41.666 0.0 0
-41.656 0.0 0
-41.646 0.0 0
-41.636 0.0 0
-41.626 0.0 0
-41.616 0.0 0
-41.606 0.0 0
-41.596 0.0 0
-41.586 0.0 0
-41.576 0.0 0
-41.566 0.0 0
-41.556 0.0 0
-41.546 0.0 0
-41.536 0.0 0
-41.526 0.0 0
-41.516 0.0 0
-41.506 0.0 0
-41.496 0.0 0
-41.486 0.0 0
-41.476 0.0 0
-41.466 0.0 0
-41.456 0.0 0
-41.446 0.0 0
-41.436 0.0 0
-41.426 0.0 0
-41.416 0.0 0
-41.406 0.0 0
-41.396 0.0 0
-41.386 0.0 0
-41.376 0.0 0
-41.366 0.0 0
-41.356 0.0 0
-41.346 0.0 0
-41.336 0.0 0
-41.326 0.0 0
-41.316 0.0 0
-41.306 0.0 0
-41.296 0.0 0
-41.286 0.0 0
-41.276 0.0 0
-41.266 0.0 0
-41.256 0.0 0
-41.246 0.0 0
-41.236 0.0 0
-41.226 0.0 0
-41.216 0.0 0
-41.206 0.0 0
-41.196 0.0 0
-41.186 0.0 0
-41.176 0.0 0
-41.166 0.0 0
-41.156 0.0 0
-41.146 0.0 0
-41.136 0.0 0
-41.126 0.0 0
-41.116 0.0 0
-41.106 0.0 0
-41.096 0.0 0
-41.086 0.0 0
-41.076 0.0 0
-41.066 0.0 0
-41.056 0.0 0
-41.046 0.0 0
-41.036 0.0 0
-41.026 0.0 0
-41.016 0.0 0
-41.006 0.0 0
-40.996 0.0 0
-40.986 0.0 0
-40.976 0.0 0
-40.966 0.0 0
-40.956 0.0 0
-40.946 0.0 0
-40.936 0.0 0
-40.926 0.0 0
-40.916 0.0 0
-40.906 0.0 0
-40.896 0.0 0
-40.886 0.0 0
-40.876 0.0 0
-40.866 0.0 0
-40.856 0.0 0
-40.846 0.0 0
-40.836 0.0 0
-40.826 0.0 0
-40.816 0.0 0
-40.806 0.0 0
-40.796 0.0 0
-40.786 0.0 0
-40.776 0.0 0
-40.766 0.0 0
-40.756 0.0 0
-40.746 0.0 0
-40.736 0.0 0
-40.726 0.0 0
-40.716 0.0 0
-40.706 0.0 0
-40.696 0.0 0
-40.686 0.0 0
-40.676 0.0 0
-40.666 0.0 0
-40.656 0.0 0
-40.646 0.0 0
-40.636 0.0 0
-40.626 0.0 0
-40.616 0.0 0
-40.606 0.0 0
-40.596 0.0 0
-40.586 0.0 0
-40.576 0.0 0
-40.566 0.0 0
-40.556 0.0 0
-40.546 0.0 0
-40.536 0.0 0
-40.526 0.0 0
-40.516 0.0 0
-40.506 0.0 0
-40.496 0.0 0
-40.486 0.0 0
-40.476 0.0 0
-40.466 0.0 0
-40.456 0.0 0
-40.446 0.0 0
-40.436 0.0 0
-40.426 0.0 0
-40.416 0.0 0
-40.406 0.0 0
-40.396 0.0 0
-40.386 0.0 0
-40.376 0.0 0
-40.366 0.0 0
-40.356 0.0 0
-40.346 0.0 0
-40.336 0.0 0
-40.326 0.0 0
-40.316 0.0 0
-40.306 0.0 0
-40.296 0.0 0
-40.286 0.0 0
-40.276 0.0 0
-40.266 0.0 0
-40.256 0.0 0
-40.246 0.0 0
-40.236 0.0 0
-40.226 0.0 0
-40.216 0.0 0
-40.206 0.0 0
-40.196 0.0 0
-40.186 0.0 0
-40.176 0.0 0
-40.166 0.0 0
-40.156 0.0 0
-40.146 0.0 0
-40.136 0.0 0
-40.126 0.0 0
-40.116 0.0 0
-40.106 0.0 0
-40.096 0.0 0
-40.086 0.0 0
-40.076 0.0 0
-40.066 0.0 0
-40.056 0.0 0
-40.046 0.0 0
-40.036 0.0 0
-40.026 0.0 0
-40.016 0.0 0
-40.006 0.0 0
-39.996 0.0 0
-39.986 0.0 0
-39.976 0.0 0
-39.966 0.0 0
-39.956 0.0 0
-39.946 0.0 0
-39.936 0.0 0
-39.926 0.0 0
-39.916 0.0 0
-39.906 0.0 0
-39.896 0.0 0
-39.886 0.0 0
-39.876 0.0 0
-39.866 0.0 0
-39.856 0.0 0
-39.846 0.0 0
-39.836 0.0 0
-39.826 0.0 0
-39.816 0.0 0
-39.806 0.0 0
-39.796 0.0 0
-39.786 0.0 0
-39.776 0.0 0
-39.766 0.0 0
-39.756 0.0 0
-39.746 0.0 0
-39.736 0.0 0
-39.726 0.0 0
-39.716 0.0 0
-39.706 0.0 0
-39.696 0.0 0
-39.686 0.0 0
-39.676 0.0 0
-39.666 0.0 0
-39.656 0.0 0
-39.646 0.0 0
-39.636 0.0 0
-39.626 0.0 0
-39.616 0.0 0
-39.606 0.0 0
-39.596 0.0 0
-39.586 0.0 0
-39.576 0.0 0
-39.566 0.0 0
-39.556 0.0 0
-39.546 0.0 0
-39.536 0.0 0
-39.526 0.0 0
-39.516 0.0 0
-39.506 0.0 0
-39.496 0.0 0
-39.486 0.0 0
-39.476 0.0 0
-39.466 0.0 0
-39.456 0.0 0
-39.446 0.0 0
-39.436 0.0 0
-39.426 0.0 0
-39.416 0.0 0
-39.406 0.0 0
-39.396 0.0 0
-39.386 0.0 0
-39.376 0.0 0
-39.366 0.0 0
-39.356 0.0 0
-39.346 0.0 0
-39.336 0.0 0
-39.326 0.0 0
-39.316 0.0 0
-39.306 0.0 0
-39.296 0.0 0
-39.286 0.0 0
-39.276 0.0 0
-39.266 0.0 0
-39.256 0.0 0
-39.246 0.0 0
-39.236 0.0 0
-39.226 0.0 0
-39.216 0.0 0
-39.206 0.0 0
-39.196 0.0 0
-39.186 0.0 0
-39.176 0.0 0
-39.166 0.0 0
-39.156 0.0 0
-39.146 0.0 0
-39.136 0.0 0
-39.126 0.0 0
-39.116 0.0 0
-39.106 0.0 0
-39.096 0.0 0
-39.086 0.0 0
-39.076 0.0 0
-39.066 0.0 0
-39.056 0.0 0
-39.046 0.0 0
-39.036 0.0 0
-39.026 0.0 0
-39.016 0.0 0
-39.006 0.0 0
-38.996 0.0 0
-38.986 0.0 0
-38.976 0.0 0
-38.966 0.0 0
-38.956 0.0 0
-38.946 0.0 0
-38.936 0.0 0
-38.926 0.0 0
-38.916 0.0 0
-38.906 0.0 0
-38.896 0.0 0
-38.886 0.0 0
-38.876 0.0 0
-38.866 0.0 0
-38.856 0.0 0
-38.846 0.0 0
-38.836 0.0 0
-38.826 0.0 0
-38.816 0.0 0
-38.806 0.0 0
-38.796 0.0 0
-38.786 0.0 0
-38.776 0.0 0
-38.766 0.0 0
-38.756 0.0 0
-38.746 0.0 0
-38.736 0.0 0
-38.726 0.0 0
-38.716 0.0 0
-38.706 0.0 0
-38.696 0.0 0
-38.686 0.0 0
-38.676 0.0 0
-38.666 0.0 0
-38.656 0.0 0
-38.646 0.0 0
-38.636 0.0 0
-38.626 0.0 0
-38.616 0.0 0
-38.606 0.0 0
-38.596 0.0 0
-38.586 0.0 0
-38.576 0.0 0
-38.566 0.0 0
-38.556 0.0 0
-38.546 0.0 0
-38.536 0.0 0
-38.526 0.0 0
-38.516 0.0 0
-38.506 0.0 0
-38.496 0.0 0
-38.486 0.0 0
-38.476 0.0 0
-38.466 0.0 0
-38.456 0.0 0
-38.446 0.0 0
-38.436 0.0 0
-38.426 0.0 0
-38.416 0.0 0
-38.406 0.0 0
-38.396 0.0 0
-38.386 0.0 0
-38.376 0.0 0
-38.366 0.0 0
-38.356 0.0 0
-38.346 0.0 0
-38.336 0.0 0
-38.326 0.0 0
-38.316 0.0 0
-38.306 0.0 0
-38.296 0.0 0
-38.286 0.0 0
-38.276 0.0 0
-38.266 0.0 0
-38.256 0.0 0
-38.246 0.0 0
-38.236 0.0 0
-38.226 0.0 0
-38.216 0.0 0
-38.206 0.0 0
-38.196 0.0 0
-38.186 0.0 0
-38.176 0.0 0
-38.166 0.0 0
-38.156 0.0 0
-38.146 0.0 0
-38.136 0.0 0
-38.126 0.0 0
-38.116 0.0 0
-38.106 0.0 0
-38.096 0.0 0
-38.086 0.0 0
-38.076 0.0 0
-38.066 0.0 0
-38.056 0.0 0
-38.046 0.0 0
-38.036 0.0 0
-38.026 0.0 0
-38.016 0.0 0
-38.006 0.0 0
-37.996 0.0 0
-37.986 0.0 0
-37.976 0.0 0
-37.966 0.0 0
-37.956 0.0 0
-37.946 0.0 0
-37.936 0.0 0
-37.926 0.0 0
-37.916 0.0 0
-37.906 0.0 0
-37.896 0.0 0
-37.886 0.0 0
-37.876 0.0 0
-37.866 0.0 0
-37.856 0.0 0
-37.846 0.0 0
-37.836 0.0 0
-37.826 0.0 0
-37.816 0.0 0
-37.806 0.0 0
-37.796 0.0 0
-37.786 0.0 0
-37.776 0.0 0
-37.766 0.0 0
-37.756 0.0 0
-37.746 0.0 0
-37.736 0.0 0
-37.726 0.0 0
-37.716 0.0 0
-37.706 0.0 0
-37.696 0.0 0
-37.686 0.0 0
-37.676 0.0 0
-37.666 0.0 0
-37.656 0.0 0
-37.646 0.0 0
-37.636 0.0 0
-37.626 0.0 0
-37.616 0.0 0
-37.606 0.0 0
-37.596 0.0 0
-37.586 0.0 0
-37.576 0.0 0
-37.566 0.0 0
-37.556 0.0 0
-37.546 0.0 0
-37.536 0.0 0
-37.526 0.0 0
-37.516 0.0 0
-37.506 0.0 0
-37.496 0.0 0
-37.486 0.0 0
-37.476 0.0 0
-37.466 0.0 0
-37.456 0.0 0
-37.446 0.0 0
-37.436 0.0 0
-37.426 0.0 0
-37.416 0.0 0
-37.406 0.0 0
-37.396 0.0 0
-37.386 0.0 0
-37.376 0.0 0
-37.366 0.0 0
-37.356 0.0 0
-37.346 0.0 0
-37.336 0.0 0
-37.326 0.0 0
-37.316 0.0 0
-37.306 0.0 0
-37.296 0.0 0
-37.286 0.0 0
-37.276 0.0 0
-37.266 0.0 0
-37.256 0.0 0
-37.246 0.0 0
-37.236 0.0 0
-37.226 0.0 0
-37.216 0.0 0
-37.206 0.0 0
-37.196 0.0 0
-37.186 0.0 0
-37.176 0.0 0
-37.166 0.0 0
-37.156 0.0 0
-37.146 0.0 0
-37.136 0.0 0
-37.126 0.0 0
-37.116 0.0 0
-37.106 0.0 0
-37.096 0.0 0
-37.086 0.0 0
-37.076 0.0 0
-37.066 0.0 0
-37.056 0.0 0
-37.046 0.0 0
-37.036 0.0 0
-37.026 0.0 0
-37.016 0.0 0
-37.006 0.0 0
-36.996 0.0 0
-36.986 0.0 0
-36.976 0.0 0
-36.966 0.0 0
-36.956 0.0 0
-36.946 0.0 0
-36.936 0.0 0
-36.926 0.0 0
-36.916 0.0 0
-36.906 0.0 0
-36.896 0.0 0
-36.886 0.0 0
-36.876 0.0 0
-36.866 0.0 0
-36.856 0.0 0
-36.846 0.0 0
-36.836 0.0 0
-36.826 0.0 0
-36.816 0.0 0
-36.806 0.0 0
-36.796 0.0 0
-36.786 0.0 0
-36.776 0.0 0
-36.766 0.0 0
-36.756 0.0 0
-36.746 0.0 0
-36.736 0.0 0
-36.726 0.0 0
-36.716 0.0 0
-36.706 0.0 0
-36.696 0.0 0
-36.686 0.0 0
-36.676 0.0 0
-36.666 0.0 0
-36.656 0.0 0
-36.646 0.0 0
-36.636 0.0 0
-36.626 0.0 0
-36.616 0.0 0
-36.606 0.0 0
-36.596 0.0 0
-36.586 0.0 0
-36.576 0.0 0
-36.566 0.0 0
-36.556 0.0 0
-36.546 0.0 0
-36.536 0.0 0
-36.526 0.0 0
-36.516 0.0 0
-36.506 0.0 0
-36.496 0.0 0
-36.486 0.0 0
-36.476 0.0 0
-36.466 0.0 0
-36.456 0.0 0
-36.446 0.0 0
-36.436 0.0 0
-36.426 0.0 0
-36.416 0.0 0
-36.406 0.0 0
-36.396 0.0 0
-36.386 0.0 0
-36.376 0.0 0
-36.366 0.0 0
-36.356 0.0 0
-36.346 0.0 0
-36.336 0.0 0
-36.326 0.0 0
-36.316 0.0 0
-36.306 0.0 0
-36.296 0.0 0
-36.286 0.0 0
-36.276 0.0 0
-36.266 0.0 0
-36.256 0.0 0
-36.246 0.0 0
-36.236 0.0 0
-36.226 0.0 0
-36.216 0.0 0
-36.206 0.0 0
-36.196 0.0 0
-36.186 0.0 0
-36.176 0.0 0
-36.166 0.0 0
-36.156 0.0 0
-36.146 0.0 0
-36.136 0.0 0
-36.126 0.0 0
-36.116 0.0 0
-36.106 0.0 0
-36.096 0.0 0
-36.086 0.0 0
-36.076 0.0 0
-36.066 0.0 0
-36.056 0.0 0
-36.046 0.0 0
-36.036 0.0 0
-36.026 0.0 0
-36.016 0.0 0
-36.006 0.0 0
-35.996 0.0 0
-35.986 0.0 0
-35.976 0.0 0
-35.966 0.0 0
-35.956 0.0 0
-35.946 0.0 0
-35.936 0.0 0
-35.926 0.0 0
-35.916 0.0 0
-35.906 0.0 0
-35.896 0.0 0
-35.886 0.0 0
-35.876 0.0 0
-35.866 0.0 0
-35.856 0.0 0
-35.846 0.0 0
-35.836 0.0 0
-35.826 0.0 0
-35.816 0.0 0
-35.806 0.0 0
-35.796 0.0 0
-35.786 0.0 0
-35.776 0.0 0
-35.766 0.0 0
-35.756 0.0 0
-35.746 0.0 0
-35.736 0.0 0
-35.726 0.0 0
-35.716 0.0 0
-35.706 0.0 0
-35.696 0.0 0
-35.686 0.0 0
-35.676 0.0 0
-35.666 0.0 0
-35.656 0.0 0
-35.646 0.0 0
-35.636 0.0 0
-35.626 0.0 0
-35.616 0.0 0
-35.606 0.0 0
-35.596 0.0 0
-35.586 0.0 0
-35.576 0.0 0
-35.566 0.0 0
-35.556 0.0 0
-35.546 0.0 0
-35.536 0.0 0
-35.526 0.0 0
-35.516 0.0 0
-35.506 0.0 0
-35.496 0.0 0
-35.486 0.0 0
-35.476 0.0 0
-35.466 0.0 0
-35.456 0.0 0
-35.446 0.0 0
-35.436 0.0 0
-35.426 0.0 0
-35.416 0.0 0
-35.406 0.0 0
-35.396 0.0 0
-35.386 0.0 0
-35.376 0.0 0
-35.366 0.0 0
-35.356 0.0 0
-35.346 0.0 0
-35.336 0.0 0
-35.326 0.0 0
-35.316 0.0 0
-35.306 0.0 0
-35.296 0.0 0
-35.286 0.0 0
-35.276 0.0 0
-35.266 0.0 0
-35.256 0.0 0
-35.246 0.0 0
-35.236 0.0 0
-35.226 0.0 0
-35.216 0.0 0
-35.206 0.0 0
-35.196 0.0 0
-35.186 0.0 0
-35.176 0.0 0
-35.166 0.0 0
-35.156 0.0 0
-35.146 0.0 0
-35.136 0.0 0
-35.126 0.0 0
-35.116 0.0 0
-35.106 0.0 0
-35.096 0.0 0
-35.086 0.0 0
-35.076 0.0 0
-35.066 0.0 0
-35.056 0.0 0
-35.046 0.0 0
-35.036 0.0 0
-35.026 0.0 0
-35.016 0.0 0
-35.006 0.0 0
-34.996 0.0 0
-34.986 0.0 0
-34.976 0.0 0
-34.966 0.0 0
-34.956 0.0 0
-34.946 0.0 0
-34.936 0.0 0
-34.926 0.0 0
-34.916 0.0 0
-34.906 0.0 0
-34.896 0.0 0
-34.886 0.0 0
-34.876 0.0 0
-34.866 0.0 0
-34.856 0.0 0
-34.846 0.0 0
-34.836 0.0 0
-34.826 0.0 0
-34.816 0.0 0
-34.806 0.0 0
-34.796 0.0 0
-34.786 0.0 0
-34.776 0.0 0
-34.766 0.0 0
-34.756 0.0 0
-34.746 0.0 0
-34.736 0.0 0
-34.726 0.0 0
-34.716 0.0 0
-34.706 0.0 0
-34.696 0.0 0
-34.686 0.0 0
-34.676 0.0 0
-34.666 0.0 0
-34.656 0.0 0
-34.646 0.0 0
-34.636 0.0 0
-34.626 0.0 0
-34.616 0.0 0
-34.606 0.0 0
-34.596 0.0 0
-34.586 0.0 0
-34.576 0.0 0
-34.566 0.0 0
-34.556 0.0 0
-34.546 0.0 0
-34.536 0.0 0
-34.526 0.0 0
-34.516 0.0 0
-34.506 0.0 0
-34.496 0.0 0
-34.486 0.0 0
-34.476 0.0 0
-34.466 0.0 0
-34.456 0.0 0
-34.446 0.0 0
-34.436 0.0 0
-34.426 0.0 0
-34.416 0.0 0
-34.406 0.0 0
-34.396 0.0 0
-34.386 0.0 0
-34.376 0.0 0
-34.366 0.0 0
-34.356 0.0 0
-34.346 0.0 0
-34.336 0.0 0
-34.326 0.0 0
-34.316 0.0 0
-34.306 0.0 0
-34.296 0.0 0
-34.286 0.0 0
-34.276 0.0 0
-34.266 0.0 0
-34.256 0.0 0
-34.246 0.0 0
-34.236 0.0 0
-34.226 0.0 0
-34.216 0.0 0
-34.206 0.0 0
-34.196 0.0 0
-34.186 0.0 0
-34.176 0.0 0
-34.166 0.0 0
-34.156 0.0 0
-34.146 0.0 0
-34.136 0.0 0
-34.126 0.0 0
-34.116 0.0 0
-34.106 0.0 0
-34.096 0.0 0
-34.086 0.0 0
-34.076 0.0 0
-34.066 0.0 0
-34.056 0.0 0
-34.046 0.0 0
-34.036 0.0 0
-34.026 0.0 0
-34.016 0.0 0
-34.006 0.0 0
-33.996 0.0 0
-33.986 0.0 0
-33.976 0.0 0
-33.966 0.0 0
-33.956 0.0 0
-33.946 0.0 0
-33.936 0.0 0
-33.926 0.0 0
-33.916 0.0 0
-33.906 0.0 0
-33.896 0.0 0
-33.886 0.0 0
-33.876 0.0 0
-33.866 0.0 0
-33.856 0.0 0
-33.846 0.0 0
-33.836 0.0 0
-33.826 0.0 0
-33.816 0.0 0
-33.806 0.0 0
-33.796 0.0 0
-33.786 0.0 0
-33.776 0.0 0
-33.766 0.0 0
-33.756 0.0 0
-33.746 0.0 0
-33.736 0.0 0
-33.726 0.0 0
-33.716 0.0 0
-33.706 0.0 0
-33.696 0.0 0
-33.686 0.0 0
-33.676 0.0 0
-33.666 0.0 0
-33.656 0.0 0
-33.646 0.0 0
-33.636 0.0 0
-33.626 0.0 0
-33.616 0.0 0
-33.606 0.0 0
-33.596 0.0 0
-33.586 0.0 0
-33.576 0.0 0
-33.566 0.0 0
-33.556 0.0 0
-33.546 0.0 0
-33.536 0.0 0
-33.526 0.0 0
-33.516 0.0 0
-33.506 0.0 0
-33.496 0.0 0
-33.486 0.0 0
-33.476 0.0 0
-33.466 0.0 0
-33.456 0.0 0
-33.446 0.0 0
-33.436 0.0 0
-33.426 0.0 0
-33.416 0.0 0
-33.406 0.0 0
-33.396 0.0 0
-33.386 0.0 0
-33.376 0.0 0
-33.366 0.0 0
-33.356 0.0 0
-33.346 0.0 0
-33.336 0.0 0
-33.326 0.0 0
-33.316 0.0 0
-33.306 0.0 0
-33.296 0.0 0
-33.286 0.0 0
-33.276 0.0 0
-33.266 0.0 0
-33.256 0.0 0
-33.246 0.0 0
-33.236 0.0 0
-33.226 0.0 0
-33.216 0.0 0
-33.206 0.0 0
-33.196 0.0 0
-33.186 0.0 0
-33.176 0.0 0
-33.166 0.0 0
-33.156 0.0 0
-33.146 0.0 0
-33.136 0.0 0
-33.126 0.0 0
-33.116 0.0 0
-33.106 0.0 0
-33.096 0.0 0
-33.086 0.0 0
-33.076 0.0 0
-33.066 0.0 0
-33.056 0.0 0
-33.046 0.0 0
-33.036 0.0 0
-33.026 0.0 0
-33.016 0.0 0
-33.006 0.0 0
-32.996 0.0 0
-32.986 0.0 0
-32.976 0.0 0
-32.966 0.0 0
-32.956 0.0 0
-32.946 0.0 0
-32.936 0.0 0
-32.926 0.0 0
-32.916 0.0 0
-32.906 0.0 0
-32.896 0.0 0
-32.886 0.0 0
-32.876 0.0 0
-32.866 0.0 0
-32.856 0.0 0
-32.846 0.0 0
-32.836 0.0 0
-32.826 0.0 0
-32.816 0.0 0
-32.806 0.0 0
-32.796 0.0 0
-32.786 0.0 0
-32.776 0.0 0
-32.766 0.0 0
-32.756 0.0 0
-32.746 0.0 0
-32.736 0.0 0
-32.726 0.0 0
-32.716 0.0 0
-32.706 0.0 0
-32.696 0.0 0
-32.686 0.0 0
-32.676 0.0 0
-32.666 0.0 0
-32.656 0.0 0
-32.646 0.0 0
-32.636 0.0 0
-32.626 0.0 0
-32.616 0.0 0
-32.606 0.0 0
-32.596 0.0 0
-32.586 0.0 0
-32.576 0.0 0
-32.566 0.0 0
-32.556 0.0 0
-32.546 0.0 0
-32.536 0.0 0
-32.526 0.0 0
-32.516 0.0 0
-32.506 0.0 0
-32.496 0.0 0
-32.486 0.0 0
-32.476 0.0 0
-32.466 0.0 0
-32.456 0.0 0
-32.446 0.0 0
-32.436 0.0 0
-32.426 0.0 0
-32.416 0.0 0
-32.406 0.0 0
-32.396 0.0 0
-32.386 0.0 0
-32.376 0.0 0
-32.366 0.0 0
-32.356 0.0 0
-32.346 0.0 0
-32.336 0.0 0
-32.326 0.0 0
-32.316 0.0 0
-32.306 0.0 0
-32.296 0.0 0
-32.286 0.0 0
-32.276 0.0 0
-32.266 0.0 0
-32.256 0.0 0
-32.246 0.0 0
-32.236 0.0 0
-32.226 0.0 0
-32.216 0.0 0
-32.206 0.0 0
-32.196 0.0 0
-32.186 0.0 0
-32.176 0.0 0
-32.166 0.0 0
-32.156 0.0 0
-32.146 0.0 0
-32.136 0.0 0
-32.126 0.0 0
-32.116 0.0 0
-32.106 0.0 0
-32.096 0.0 0
-32.086 0.0 0
-32.076 0.0 0
-32.066 0.0 0
-32.056 0.0 0
-32.046 0.0 0
-32.036 0.0 0
-32.026 0.0 0
-32.016 0.0 0
-32.006 0.0 0
-31.996 0.0 0
-31.986 0.0 0
-31.976 0.0 0
-31.966 0.0 0
-31.956 0.0 0
-31.946 0.0 0
-31.936 0.0 0
-31.926 0.0 0
-31.916 0.0 0
-31.906 0.0 0
-31.896 0.0 0
-31.886 0.0 0
-31.876 0.0 0
-31.866 0.0 0
-31.856 0.0 0
-31.846 0.0 0
-31.836 0.0 0
-31.826 0.0 0
-31.816 0.0 0
-31.806 0.0 0
-31.796 0.0 0
-31.786 0.0 0
-31.776 0.0 0
-31.766 0.0 0
-31.756 0.0 0
-31.746 0.0 0
-31.736 0.0 0
-31.726 0.0 0
-31.716 0.0 0
-31.706 0.0 0
-31.696 0.0 0
-31.686 0.0 0
-31.676 0.0 0
-31.666 0.0 0
-31.656 0.0 0
-31.646 0.0 0
-31.636 0.0 0
-31.626 0.0 0
-31.616 0.0 0
-31.606 0.0 0
-31.596 0.0 0
-31.586 0.0 0
-31.576 0.0 0
-31.566 0.0 0
-31.556 0.0 0
-31.546 0.0 0
-31.536 0.0 0
-31.526 0.0 0
-31.516 0.0 0
-31.506 0.0 0
-31.496 0.0 0
-31.486 0.0 0
-31.476 0.0 0
-31.466 0.0 0
-31.456 0.0 0
-31.446 0.0 0
-31.436 0.0 0
-31.426 0.0 0
-31.416 0.0 0
-31.406 0.0 0
-31.396 0.0 0
-31.386 0.0 0
-31.376 0.0 0
-31.366 0.0 0
-31.356 0.0 0
-31.346 0.0 0
-31.336 0.0 0
-31.326 0.0 0
-31.316 0.0 0
-31.306 0.0 0
-31.296 0.0 0
-31.286 0.0 0
-31.276 0.0 0
-31.266 0.0 0
-31.256 0.0 0
-31.246 0.0 0
-31.236 0.0 0
-31.226 0.0 0
-31.216 0.0 0
-31.206 0.0 0
-31.196 0.0 0
-31.186 0.0 0
-31.176 0.0 0
-31.166 0.0 0
-31.156 0.0 0
-31.146 0.0 0
-31.136 0.0 0
-31.126 0.0 0
-31.116 0.0 0
-31.106 0.0 0
-31.096 0.0 0
-31.086 0.0 0
-31.076 0.0 0
-31.066 0.0 0
-31.056 0.0 0
-31.046 0.0 0
-31.036 0.0 0
-31.026 0.0 0
-31.016 0.0 0
-31.006 0.0 0
-30.996 0.0 0
-30.986 0.0 0
-30.976 0.0 0
-30.966 0.0 0
-30.956 0.0 0
-30.946 0.0 0
-30.936 0.0 0
-30.926 0.0 0
-30.916 0.0 0
-30.906 0.0 0
-30.896 0.0 0
-30.886 0.0 0
-30.876 0.0 0
-30.866 0.0 0
-30.856 0.0 0
-30.846 0.0 0
-30.836 0.0 0
-30.826 0.0 0
-30.816 0.0 0
-30.806 0.0 0
-30.796 0.0 0
-30.786 0.0 0
-30.776 0.0 0
-30.766 0.0 0
-30.756 0.0 0
-30.746 0.0 0
-30.736 0.0 0
-30.726 0.0 0
-30.716 0.0 0
-30.706 0.0 0
-30.696 0.0 0
-30.686 0.0 0
-30.676 0.0 0
-30.666 0.0 0
-30.656 0.0 0
-30.646 0.0 0
-30.636 0.0 0
-30.626 0.0 0
-30.616 0.0 0
-30.606 0.0 0
-30.596 0.0 0
-30.586 0.0 0
-30.576 0.0 0
-30.566 0.0 0
-30.556 0.0 0
-30.546 0.0 0
-30.536 0.0 0
-30.526 0.0 0
-30.516 0.0 0
-30.506 0.0 0
-30.496 0.0 0
-30.486 0.0 0
-30.476 0.0 0
-30.466 0.0 0
-30.456 0.0 0
-30.446 0.0 0
-30.436 0.0 0
-30.426 0.0 0
-30.416 0.0 0
-30.406 0.0 0
-30.396 0.0 0
-30.386 0.0 0
-30.376 0.0 0
-30.366 0.0 0
-30.356 0.0 0
-30.346 0.0 0
-30.336 0.0 0
-30.326 0.0 0
-30.316 0.0 0
-30.306 0.0 0
-30.296 0.0 0
-30.286 0.0 0
-30.276 0.0 0
-30.266 0.0 0
-30.256 0.0 0
-30.246 0.0 0
-30.236 0.0 0
-30.226 0.0 0
-30.216 0.0 0
-30.206 0.0 0
-30.196 0.0 0
-30.186 0.0 0
-30.176 0.0 0
-30.166 0.0 0
-30.156 0.0 0
-30.146 0.0 0
-30.136 0.0 0
-30.126 0.0 0
-30.116 0.0 0
-30.106 0.0 0
-30.096 0.0 0
-30.086 0.0 0
-30.076 0.0 0
-30.066 0.0 0
-30.056 0.0 0
-30.046 0.0 0
-30.036 0.0 0
-30.026 0.0 0
-30.016 0.0 0
-30.006 0.0 0
-29.996 0.0 0
-29.986 0.0 0
-29.976 0.0 0
-29.966 0.0 0
-29.956 0.0 0
-29.946 0.0 0
-29.936 0.0 0
-29.926 0.0 0
-29.916 0.0 0
-29.906 0.0 0
-29.896 0.0 0
-29.886 0.0 0
-29.876 0.0 0
-29.866 0.0 0
-29.856 0.0 0
-29.846 0.0 0
-29.836 0.0 0
-29.826 0.0 0
-29.816 0.0 0
-29.806 0.0 0
-29.796 0.0 0
-29.786 0.0 0
-29.776 0.0 0
-29.766 0.0 0
-29.756 0.0 0
-29.746 0.0 0
-29.736 0.0 0
-29.726 0.0 0
-29.716 0.0 0
-29.706 0.0 0
-29.696 0.0 0
-29.686 0.0 0
-29.676 0.0 0
-29.666 0.0 0
-29.656 0.0 0
-29.646 0.0 0
-29.636 0.0 0
-29.626 0.0 0
-29.616 0.0 0
-29.606 0.0 0
-29.596 0.0 0
-29.586 0.0 0
-29.576 0.0 0
-29.566 0.0 0
-29.556 0.0 0
-29.546 0.0 0
-29.536 0.0 0
-29.526 0.0 0
-29.516 0.0 0
-29.506 0.0 0
-29.496 0.0 0
-29.486 0.0 0
-29.476 0.0 0
-29.466 0.0 0
-29.456 0.0 0
-29.446 0.0 0
-29.436 0.0 0
-29.426 0.0 0
-29.416 0.0 0
-29.406 0.0 0
-29.396 0.0 0
-29.386 0.0 0
-29.376 0.0 0
-29.366 0.0 0
-29.356 0.0 0
-29.346 0.0 0
-29.336 0.0 0
-29.326 0.0 0
-29.316 0.0 0
-29.306 0.0 0
-29.296 0.0 0
-29.286 0.0 0
-29.276 0.0 0
-29.266 0.0 0
-29.256 0.0 0
-29.246 0.0 0
-29.236 0.0 0
-29.226 0.0 0
-29.216 0.0 0
-29.206 0.0 0
-29.196 0.0 0
-29.186 0.0 0
-29.176 0.0 0
-29.166 0.0 0
-29.156 0.0 0
-29.146 0.0 0
-29.136 0.0 0
-29.126 0.0 0
-29.116 0.0 0
-29.106 0.0 0
-29.096 0.0 0
-29.086 0.0 0
-29.076 0.0 0
-29.066 0.0 0
-29.056 0.0 0
-29.046 0.0 0
-29.036 0.0 0
-29.026 0.0 0
-29.016 0.0 0
-29.006 0.0 0
-28.996 0.0 0
-28.986 0.0 0
-28.976 0.0 0
-28.966 0.0 0
-28.956 0.0 0
-28.946 0.0 0
-28.936 0.0 0
-28.926 0.0 0
-28.916 0.0 0
-28.906 0.0 0
-28.896 0.0 0
-28.886 0.0 0
-28.876 0.0 0
-28.866 0.0 0
-28.856 0.0 0
-28.846 0.0 0
-28.836 0.0 0
-28.826 0.0 0
-28.816 0.0 0
-28.806 0.0 0
-28.796 0.0 0
-28.786 0.0 0
-28.776 0.0 0
-28.766 0.0 0
-28.756 0.0 0
-28.746 0.0 0
-28.736 0.0 0
-28.726 0.0 0
-28.716 0.0 0
-28.706 0.0 0
-28.696 0.0 0
-28.686 0.0 0
-28.676 0.0 0
-28.666 0.0 0
-28.656 0.0 0
-28.646 0.0 0
-28.636 0.0 0
-28.626 0.0 0
-28.616 0.0 0
-28.606 0.0 0
-28.596 0.0 0
-28.586 0.0 0
-28.576 0.0 0
-28.566 0.0 0
-28.556 0.0 0
-28.546 0.0 0
-28.536 0.0 0
-28.526 0.0 0
-28.516 0.0 0
-28.506 0.0 0
-28.496 0.0 0
-28.486 0.0 0
-28.476 0.0 0
-28.466 0.0 0
-28.456 0.0 0
-28.446 0.0 0
-28.436 0.0 0
-28.426 0.0 0
-28.416 0.0 0
-28.406 0.0 0
-28.396 0.0 0
-28.386 0.0 0
-28.376 0.0 0
-28.366 0.0 0
-28.356 0.0 0
-28.346 0.0 0
-28.336 0.0 0
-28.326 0.0 0
-28.316 0.0 0
-28.306 0.0 0
-28.296 0.0 0
-28.286 0.0 0
-28.276 0.0 0
-28.266 0.0 0
-28.256 0.0 0
-28.246 0.0 0
-28.236 0.0 0
-28.226 0.0 0
-28.216 0.0 0
-28.206 0.0 0
-28.196 0.0 0
-28.186 0.0 0
-28.176 0.0 0
-28.166 0.0 0
-28.156 0.0 0
-28.146 0.0 0
-28.136 0.0 0
-28.126 0.0 0
-28.116 0.0 0
-28.106 0.0 0
-28.096 0.0 0
-28.086 0.0 0
-28.076 0.0 0
-28.066 0.0 0
-28.056 0.0 0
-28.046 0.0 0
-28.036 0.0 0
-28.026 0.0 0
-28.016 0.0 0
-28.006 0.0 0
-27.996 0.0 0
-27.986 0.0 0
-27.976 0.0 0
-27.966 0.0 0
-27.956 0.0 0
-27.946 0.0 0
-27.936 0.0 0
-27.926 0.0 0
-27.916 0.0 0
-27.906 0.0 0
-27.896 0.0 0
-27.886 0.0 0
-27.876 0.0 0
-27.866 0.0 0
-27.856 0.0 0
-27.846 0.0 0
-27.836 0.0 0
-27.826 0.0 0
-27.816 0.0 0
-27.806 0.0 0
-27.796 0.0 0
-27.786 0.0 0
-27.776 0.0 0
-27.766 0.0 0
-27.756 0.0 0
-27.746 0.0 0
-27.736 0.0 0
-27.726 0.0 0
-27.716 0.0 0
-27.706 0.0 0
-27.696 0.0 0
-27.686 0.0 0
-27.676 0.0 0
-27.666 0.0 0
-27.656 0.0 0
-27.646 0.0 0
-27.636 0.0 0
-27.626 0.0 0
-27.616 0.0 0
-27.606 0.0 0
-27.596 0.0 0
-27.586 0.0 0
-27.576 0.0 0
-27.566 0.0 0
-27.556 0.0 0
-27.546 0.0 0
-27.536 0.0 0
-27.526 0.0 0
-27.516 0.0 0
-27.506 0.0 0
-27.496 0.0 0
-27.486 0.0 0
-27.476 0.0 0
-27.466 0.0 0
-27.456 0.0 0
-27.446 0.0 0
-27.436 0.0 0
-27.426 0.0 0
-27.416 0.0 0
-27.406 0.0 0
-27.396 0.0 0
-27.386 0.0 0
-27.376 0.0 0
-27.366 0.0 0
-27.356 0.0 0
-27.346 0.0 0
-27.336 0.0 0
-27.326 0.0 0
-27.316 0.0 0
-27.306 0.0 0
-27.296 0.0 0
-27.286 0.0 0
-27.276 0.0 0
-27.266 0.0 0
-27.256 0.0 0
-27.246 0.0 0
-27.236 0.0 0
-27.226 0.0 0
-27.216 0.0 0
-27.206 0.0 0
-27.196 0.0 0
-27.186 0.0 0
-27.176 0.0 0
-27.166 0.0 0
-27.156 0.0 0
-27.146 0.0 0
-27.136 0.0 0
-27.126 0.0 0
-27.116 0.0 0
-27.106 0.0 0
-27.096 0.0 0
-27.086 0.0 0
-27.076 0.0 0
-27.066 0.0 0
-27.056 0.0 0
-27.046 0.0 0
-27.036 0.0 0
-27.026 0.0 0
-27.016 0.0 0
-27.006 0.0 0
-26.996 0.0 0
-26.986 0.0 0
-26.976 0.0 0
-26.966 0.0 0
-26.956 0.0 0
-26.946 0.0 0
-26.936 0.0 0
-26.926 0.0 0
-26.916 0.0 0
-26.906 0.0 0
-26.896 0.0 0
-26.886 0.0 0
-26.876 0.0 0
-26.866 0.0 0
-26.856 0.0 0
-26.846 0.0 0
-26.836 0.0 0
-26.826 0.0 0
-26.816 0.0 0
-26.806 0.0 0
-26.796 0.0 0
-26.786 0.0 0
-26.776 0.0 0
-26.766 0.0 0
-26.756 0.0 0
-26.746 0.0 0
-26.736 0.0 0
-26.726 0.0 0
-26.716 0.0 0
-26.706 0.0 0
-26.696 0.0 0
-26.686 0.0 0
-26.676 0.0 0
-26.666 0.0 0
-26.656 0.0 0
-26.646 0.0 0
-26.636 0.0 0
-26.626 0.0 0
-26.616 0.0 0
-26.606 0.0 0
-26.596 0.0 0
-26.586 0.0 0
-26.576 0.0 0
-26.566 0.0 0
-26.556 0.0 0
-26.546 0.0 0
-26.536 0.0 0
-26.526 0.0 0
-26.516 0.0 0
-26.506 0.0 0
-26.496 0.0 0
-26.486 0.0 0
-26.476 0.0 0
-26.466 0.0 0
-26.456 0.0 0
-26.446 0.0 0
-26.436 0.0 0
-26.426 0.0 0
-26.416 0.0 0
-26.406 0.0 0
-26.396 0.0 0
-26.386 0.0 0
-26.376 0.0 0
-26.366 0.0 0
-26.356 0.0 0
-26.346 0.0 0
-26.336 0.0 0
-26.326 0.0 0
-26.316 0.0 0
-26.306 0.0 0
-26.296 0.0 0
-26.286 0.0 0
-26.276 0.0 0
-26.266 0.0 0
-26.256 0.0 0
-26.246 0.0 0
-26.236 0.0 0
-26.226 0.0 0
-26.216 0.0 0
-26.206 0.0 0
-26.196 0.0 0
-26.186 0.0 0
-26.176 0.0 0
-26.166 0.0 0
-26.156 0.0 0
-26.146 0.0 0
-26.136 0.0 0
-26.126 0.0 0
-26.116 0.0 0
-26.106 0.0 0
-26.096 0.0 0
-26.086 0.0 0
-26.076 0.0 0
-26.066 0.0 0
-26.056 0.0 0
-26.046 0.0 0
-26.036 0.0 0
-26.026 0.0 0
-26.016 0.0 0
-26.006 0.0 0
-25.996 0.0 0
-25.986 0.0 0
-25.976 0.0 0
-25.966 0.0 0
-25.956 0.0 0
-25.946 0.0 0
-25.936 0.0 0
-25.926 0.0 0
-25.916 0.0 0
-25.906 0.0 0
-25.896 0.0 0
-25.886 0.0 0
-25.876 0.0 0
-25.866 0.0 0
-25.856 0.0 0
-25.846 0.0 0
-25.836 0.0 0
-25.826 0.0 0
-25.816 0.0 0
-25.806 0.0 0
-25.796 0.0 0
-25.786 0.0 0
-25.776 0.0 0
-25.766 0.0 0
-25.756 0.0 0
-25.746 0.0 0
-25.736 0.0 0
-25.726 0.0 0
-25.716 0.0 0
-25.706 0.0 0
-25.696 0.0 0
-25.686 0.0 0
-25.676 0.0 0
-25.666 0.0 0
-25.656 0.0 0
-25.646 0.0 0
-25.636 0.0 0
-25.626 0.0 0
-25.616 0.0 0
-25.606 0.0 0
-25.596 0.0 0
-25.586 0.0 0
-25.576 0.0 0
-25.566 0.0 0
-25.556 0.0 0
-25.546 0.0 0
-25.536 0.0 0
-25.526 0.0 0
-25.516 0.0 0
-25.506 0.0 0
-25.496 0.0 0
-25.486 0.0 0
-25.476 0.0 0
-25.466 0.0 0
-25.456 0.0 0
-25.446 0.0 0
-25.436 0.0 0
-25.426 0.0 0
-25.416 0.0 0
-25.406 0.0 0
-25.396 0.0 0
-25.386 0.0 0
-25.376 0.0 0
-25.366 0.0 0
-25.356 0.0 0
-25.346 0.0 0
-25.336 0.0 0
-25.326 0.0 0
-25.316 0.0 0
-25.306 0.0 0
-25.296 0.0 0
-25.286 0.0 0
-25.276 0.0 0
-25.266 0.0 0
-25.256 0.0 0
-25.246 0.0 0
-25.236 0.0 0
-25.226 0.0 0
-25.216 0.0 0
-25.206 0.0 0
-25.196 0.0 0
-25.186 0.0 0
-25.176 0.0 0
-25.166 0.0 0
-25.156 0.0 0
-25.146 0.0 0
-25.136 0.0 0
-25.126 0.0 0
-25.116 0.0 0
-25.106 0.0 0
-25.096 0.0 0
-25.086 0.0 0
-25.076 0.0 0
-25.066 0.0 0
-25.056 0.0 0
-25.046 0.0 0
-25.036 0.0 0
-25.026 0.0 0
-25.016 0.0 0
-25.006 0.0 0
-24.996 0.0 0
-24.986 0.0 0
-24.976 0.0 0
-24.966 0.0 0
-24.956 0.0 0
-24.946 0.0 0
-24.936 0.0 0
-24.926 0.0 0
-24.916 0.0 0
-24.906 0.0 0
-24.896 0.0 0
-24.886 0.0 0
-24.876 0.0 0
-24.866 0.0 0
-24.856 0.0 0
-24.846 0.0 0
-24.836 0.0 0
-24.826 0.0 0
-24.816 0.0 0
-24.806 0.0 0
-24.796 0.0 0
-24.786 0.0 0
-24.776 0.0 0
-24.766 0.0 0
-24.756 0.0 0
-24.746 0.0 0
-24.736 0.0 0
-24.726 0.0 0
-24.716 0.0 0
-24.706 0.0 0
-24.696 0.0 0
-24.686 0.0 0
-24.676 0.0 0
-24.666 0.0 0
-24.656 0.0 0
-24.646 0.0 0
-24.636 0.0 0
-24.626 0.0 0
-24.616 0.0 0
-24.606 0.0 0
-24.596 0.0 0
-24.586 0.0 0
-24.576 0.0 0
-24.566 0.0 0
-24.556 0.0 0
-24.546 0.0 0
-24.536 0.0 0
-24.526 0.0 0
-24.516 0.0 0
-24.506 0.0 0
-24.496 0.0 0
-24.486 0.0 0
-24.476 0.0 0
-24.466 0.0 0
-24.456 0.0 0
-24.446 0.0 0
-24.436 0.0 0
-24.426 0.0 0
-24.416 0.0 0
-24.406 0.0 0
-24.396 0.0 0
-24.386 0.0 0
-24.376 0.0 0
-24.366 0.0 0
-24.356 0.0 0
-24.346 0.0 0
-24.336 0.0 0
-24.326 0.0 0
-24.316 0.0 0
-24.306 0.0 0
-24.296 0.0 0
-24.286 0.0 0
-24.276 0.0 0
-24.266 0.0 0
-24.256 0.0 0
-24.246 0.0 0
-24.236 0.0 0
-24.226 0.0 0
-24.216 0.0 0
-24.206 0.0 0
-24.196 0.0 0
-24.186 0.0 0
-24.176 0.0 0
-24.166 0.0 0
-24.156 0.0 0
-24.146 0.0 0
-24.136 0.0 0
-24.126 0.0 0
-24.116 0.0 0
-24.106 0.0 0
-24.096 0.0 0
-24.086 0.0 0
-24.076 0.0 0
-24.066 0.0 0
-24.056 0.0 0
-24.046 0.0 0
-24.036 0.0 0
-24.026 0.0 0
-24.016 0.0 0
-24.006 0.0 0
-23.996 0.0 0
-23.986 0.0 0
-23.976 0.0 0
-23.966 0.0 0
-23.956 0.0 0
-23.946 0.0 0
-23.936 0.0 0
-23.926 0.0 0
-23.916 0.0 0
-23.906 0.0 0
-23.896 0.0 0
-23.886 0.0 0
-23.876 0.0 0
-23.866 0.0 0
-23.856 0.0 0
-23.846 0.0 0
-23.836 0.0 0
-23.826 0.0 0
-23.816 0.0 0
-23.806 0.0 0
-23.796 0.0 0
-23.786 0.0 0
-23.776 0.0 0
-23.766 0.0 0
-23.756 0.0 0
-23.746 0.0 0
-23.736 0.0 0
-23.726 0.0 0
-23.716 0.0 0
-23.706 0.0 0
-23.696 0.0 0
-23.686 0.0 0
-23.676 0.0 0
-23.666 0.0 0
-23.656 0.0 0
-23.646 0.0 0
-23.636 0.0 0
-23.626 0.0 0
-23.616 0.0 0
-23.606 0.0 0
-23.596 0.0 0
-23.586 0.0 0
-23.576 0.0 0
-23.566 1.05e-12 0
-23.556 2.71e-12 0
-23.546 5.64e-12 0
-23.536 1.16e-11 0
-23.526 2.36e-11 0
-23.516 4.75e-11 0
-23.506 9.45e-11 -1.03e-12
-23.496 1.86e-10 -2.67e-12
-23.486 3.63e-10 -5.55e-12
-23.476 6.99e-10 -1.14e-11
-23.466 1.33e-09 -2.32e-11
-23.456 2.52e-09 -4.68e-11
-23.446 4.7e-09 -9.31e-11
-23.436 8.67e-09 -1.83e-10
-23.426 1.58e-08 -3.57e-10
-23.416 2.86e-08 -6.89e-10
-23.406 5.11e-08 -1.31e-09
-23.396 9.04e-08 -2.48e-09
-23.386 1.58e-07 -4.63e-09
-23.376 2.74e-07 -8.55e-09
-23.366 4.69e-07 -1.56e-08
-23.356 7.94e-07 -2.82e-08
-23.346 1.33e-06 -5.04e-08
-23.336 2.2e-06 -8.91e-08
-23.326 3.61e-06 -1.56e-07
-23.316 5.86e-06 -2.7e-07
-23.306 9.4e-06 -4.62e-07
-23.296 1.49e-05 -7.83e-07
-23.286 2.34e-05 -1.31e-06
-23.276 3.64e-05 -2.17e-06
-23.266 5.59e-05 -3.56e-06
-23.256 8.5e-05 -5.78e-06
-23.246 0.000128 -9.27e-06
-23.236 0.00019 -1.47e-05
-23.226 0.00028 -2.31e-05
-23.216 0.000408 -3.59e-05
-23.206 0.000587 -5.52e-05
-23.196 0.000836 -8.39e-05
-23.186 0.00118 -0.000126
-23.176 0.00164 -0.000188
-23.166 0.00227 -0.000276
-23.156 0.00309 -0.000402
-23.146 0.00418 -0.000579
-23.136 0.00558 -0.000826
-23.126 0.00737 -0.00116
-23.116 0.00963 -0.00162
-23.106 0.0125 -0.00224
-23.096 0.0159 -0.00306
-23.086 0.0202 -0.00413
-23.076 0.0252 -0.00551
-23.066 0.0312 -0.00728
-23.056 0.0383 -0.00951
-23.046 0.0464 -0.0123
-23.036 0.0556 -0.0157
-23.026 0.0659 -0.0199
-23.016 0.0773 -0.0249
-23.006 0.0897 -0.0309
-22.996 0.103 -0.0378
-22.986 0.117 -0.0458
-22.976 0.131 -0.0549
-22.966 0.146 -0.0652
-22.956 0.161 -0.0764
-22.946 0.175 -0.0887
-22.936 0.188 -0.102
-22.926 0.2 -0.116
-22.916 0.211 -0.13
-22.906 0.22 -0.145
-22.896 0.226 -0.159
-22.886 0.231 -0.173
-22.876 0.233 -0.186
-22.866 0.232 -0.198
-22.856 0.229 -0.209
-22.846 0.224 -0.217
-22.836 0.216 -0.224
-22.826 0.207 -0.228
-22.816 0.195 -0.23
-22.806 0.183 -0.23
-22.796 0.169 -0.227
-22.786 0.155 -0.222
-22.776 0.14 -0.214
-22.766 0.126 -0.205
-22.756 0.111 -0.193
-22.746 0.0975 -0.181
-22.736 0.0845 -0.167
-22.726 0.0725 -0.153
-22.716 0.0615 -0.139
-22.706 0.0517 -0.124
-22.696 0.0429 -0.11
-22.686 0.0352 -0.0965
-22.676 0.0286 -0.0837
-22.666 0.023 -0.0718
-22.656 0.0183 -0.061
-22.646 0.0144 -0.0512
-22.636 0.0112 -0.0425
-22.626 0.00864 -0.0349
-22.616 0.00658 -0.0284
-22.606 0.00496 -0.0228
-22.596 0.0037 -0.0182
-22.586 0.00273 -0.0143
-22.576 0.00199 -0.0111
-22.566 0.00144 -0.00856
-22.556 0.00103 -0.00652
-22.546 0.000724 -0.00492
-22.536 0.000506 -0.00367
-22.526 0.00035 -0.0027
-22.516 0.000239 -0.00197
-22.506 0.000162 -0.00142
-22.496 0.000108 -0.00102
-22.486 7.17e-05 -0.000718
-22.476 4.69e-05 -0.000502
-22.466 3.04e-05 -0.000347
-22.456 1.95e-05 -0.000237
-22.446 1.24e-05 -0.00016
-22.436 7.75e-06 -0.000107
-22.426 4.81e-06 -7.11e-05
-22.416 2.95e-06 -4.66e-05
-22.406 1.79e-06 -3.02e-05
-22.396 1.08e-06 -1.93e-05
-22.386 6.4e-07 -1.23e-05
-22.376 3.76e-07 -7.69e-06
-22.366 2.19e-07 -4.77e-06
-22.356 1.26e-07 -2.93e-06
-22.346 7.17e-08 -1.78e-06
-22.336 4.03e-08 -1.07e-06
-22.326 2.25e-08 -6.35e-07
-22.316 1.24e-08 -3.74e-07
-22.306 6.75e-09 -2.17e-07
-22.296 3.64e-09 -1.25e-07
-22.286 1.94e-09 -7.11e-08
-22.276 1.02e-09 -4.01e-08
-22.266 5.35e-10 -2.23e-08
-22.256 2.76e-10 -1.23e-08
-22.246 1.41e-10 -6.7e-09
-22.236 7.13e-11 -3.62e-09
-22.226 3.57e-11 -1.93e-09
-22.216 1.76e-11 -1.02e-09
-22.206 8.63e-12 -5.31e-10
-22.196 4.18e-12 -2.74e-10
-22.186 2e-12 -1.4e-10
-22.176 3.1e-13 -7.09e-11
-22.166 0.0 -3.54e-11
-22.156 0.0 -1.75e-11
-22.146 0.0 -8.58e-12
-22.136 0.0 -4.15e-12
-22.126 0.0 -1.99e-12
-22.116 0.0 -3.08e-13
-22.106 0.0 0
-22.096 0.0 0
-22.086 0.0 0
-22.076 0.0 0
-22.066 0.0 0
-22.056 0.0 0
-22.046 0.0 0
-22.036 0.0 0
-22.026 0.0 0
-22.016 0.0 0
-22.006 0.0 0
-21.996 0.0 0
-21.986 0.0 0
-21.976 0.0 0
-21.966 0.0 0
-21.956 0.0 0
-21.946 0.0 0
-21.936 0.0 0
-21.926 0.0 0
-21.916 0.0 0
-21.906 0.0 0
-21.896 0.0 0
-21.886 0.0 0
-21.876 0.0 0
-21.866 0.0 0
-21.856 0.0 0
-21.846 0.0 0
-21.836 0.0 0
-21.826 0.0 0
-21.816 0.0 0
-21.806 0.0 0
-21.796 0.0 0
-21.786 0.0 0
-21.776 0.0 0
-21.766 0.0 0
-21.756 0.0 0
-21.746 0.0 0
-21.736 0.0 0
-21.726 0.0 0
-21.716 0.0 0
-21.706 0.0 0
-21.696 0.0 0
-21.686 0.0 0
-21.676 0.0 0
-21.666 0.0 0
-21.656 0.0 0
-21.646 0.0 0
-21.636 0.0 0
-21.626 0.0 0
-21.616 0.0 0
-21.606 0.0 0
-21.596 0.0 0
-21.586 0.0 0
-21.576 0.0 0
-21.566 0.0 0
-21.556 0.0 0
-21.546 0.0 0
-21.536 0.0 0
-21.526 0.0 0
-21.516 0.0 0
-21.506 0.0 0
-21.496 1.34e-12 0
-21.486 6.15e-12 0
-21.476 1.49e-11 0
-21.466 3.08e-11 0
-21.456 6.31e-11 0
-21.446 1.28e-10 0
-21.436 2.56e-10 0
-21.426 5.07e-10 0
-21.416 9.93e-10 0
-21.406 1.93e-09 -4.67e-12
-21.396 3.7e-09 -1.13e-11
-21.386 7.02e-09 -2.36e-11
-21.376 1.32e-08 -4.85e-11
-21.366 2.45e-08 -9.85e-11
-21.356 4.5e-08 -1.98e-10
-21.346 8.17e-08 -3.94e-10
-21.336 1.47e-07 -7.76e-10
-21.326 2.62e-07 -1.51e-09
-21.316 4.6e-07 -2.91e-09
-21.306 8.02e-07 -5.55e-09
-21.296 1.38e-06 -1.05e-08
-21.286 2.35e-06 -1.95e-08
-21.276 3.97e-06 -3.6e-08
-21.266 6.62e-06 -6.57e-08
-21.256 1.09e-05 -1.19e-07
-21.246 1.78e-05 -2.12e-07
-21.236 2.88e-05 -3.75e-07
-21.226 4.6e-05 -6.55e-07
-21.216 7.26e-05 -1.13e-06
-21.206 0.000114 -1.94e-06
-21.196 0.000176 -3.28e-06
-21.186 0.000269 -5.5e-06
-21.176 0.000407 -9.1e-06
-21.166 0.000609 -1.49e-05
-21.156 0.000902 -2.42e-05
-21.146 0.00132 -3.88e-05
-21.136 0.00192 -6.16e-05
-21.126 0.00275 -9.67e-05
-21.116 0.0039 -0.00015
-21.106 0.00548 -0.000231
-21.096 0.00761 -0.000351
-21.086 0.0105 -0.000527
-21.076 0.0142 -0.000784
-21.066 0.0191 -0.00115
-21.056 0.0254 -0.00168
-21.046 0.0334 -0.00242
-21.036 0.0435 -0.00345
-21.026 0.056 -0.00486
-21.016 0.0714 -0.00677
-21.006 0.09 -0.00934
-20.996 0.112 -0.0127
-20.986 0.138 -0.0172
-20.976 0.169 -0.023
-20.966 0.204 -0.0304
-20.956 0.243 -0.0397
-20.946 0.288 -0.0513
-20.936 0.336 -0.0657
-20.926 0.389 -0.0831
-20.916 0.445 -0.104
-20.906 0.503 -0.129
-20.896 0.563 -0.158
-20.886 0.624 -0.191
-20.876 0.683 -0.229
-20.866 0.741 -0.272
-20.856 0.794 -0.319
-20.846 0.843 -0.371
-20.836 0.884 -0.426
-20.826 0.918 -0.484
-20.816 0.943 -0.544
-20.806 0.958 -0.605
-20.796 0.963 -0.666
-20.786 0.957 -0.724
-20.776 0.942 -0.78
-20.766 0.917 -0.831
-20.756 0.883 -0.875
-20.746 0.841 -0.912
-20.736 0.792 -0.941
-20.726 0.738 -0.96
-20.716 0.681 -0.969
-20.706 0.621 -0.967
-20.696 0.561 -0.955
-20.686 0.5 -0.934
-20.676 0.442 -0.903
-20.666 0.386 -0.863
-20.656 0.334 -0.817
-20.646 0.286 -0.764
-20.636 0.242 -0.708
-20.626 0.202 -0.648
-20.616 0.167 -0.587
-20.606 0.137 -0.527
-20.596 0.111 -0.467
-20.586 0.0891 -0.41
-20.576 0.0706 -0.356
-20.566 0.0554 -0.305
-20.556 0.043 -0.259
-20.546 0.033 -0.218
-20.536 0.0251 -0.181
-20.526 0.0189 -0.149
-20.516 0.014 -0.121
-20.506 0.0103 -0.0976
-20.496 0.0075 -0.0777
-20.486 0.0054 -0.0612
-20.476 0.00384 -0.0477
-20.466 0.00271 -0.0368
-20.456 0.00189 -0.0281
-20.446 0.0013 -0.0212
-20.436 0.000887 -0.0158
-20.426 0.000598 -0.0117
-20.416 0.000399 -0.00853
-20.406 0.000264 -0.00616
-20.396 0.000172 -0.0044
-20.386 0.000111 -0.00312
-20.376 7.12e-05 -0.00218
-20.366 4.5e-05 -0.00151
-20.356 2.82e-05 -0.00103
-20.346 1.74e-05 -0.0007
-20.336 1.07e-05 -0.000469
-20.326 6.47e-06 -0.000311
-20.316 3.88e-06 -0.000204
-20.306 2.3e-06 -0.000132
-20.296 1.35e-06 -8.5e-05
-20.286 7.82e-07 -5.4e-05
-20.276 4.49e-07 -3.39e-05
-20.266 2.55e-07 -2.11e-05
-20.256 1.43e-07 -1.3e-05
-20.246 7.96e-08 -7.88e-06
-20.236 4.38e-08 -4.74e-06
-20.226 2.38e-08 -2.82e-06
-20.216 1.28e-08 -1.66e-06
-20.206 6.82e-09 -9.69e-07
-20.196 3.59e-09 -5.58e-07
-20.186 1.87e-09 -3.18e-07
-20.176 9.64e-10 -1.8e-07
-20.166 4.92e-10 -1e-07
-20.156 2.48e-10 -5.53e-08
-20.146 1.24e-10 -3.02e-08
-20.136 6.11e-11 -1.63e-08
-20.126 2.98e-11 -8.72e-09
-20.116 1.44e-11 -4.61e-09
-20.106 5.97e-12 -2.41e-09
-20.096 1.32e-12 -1.25e-09
-20.086 0.0 -6.39e-10
-20.076 0.0 -3.24e-10
-20.066 0.0 -1.62e-10
-20.056 0.0 -8.04e-11
-20.046 0.0 -3.94e-11
-20.036 0.0 -1.91e-11
-20.026 0.0 -9.18e-12
-20.016 0.0 -1.75e-12
-20.006 0.0 0
-19.996 0.0 0
-19.986 0.0 0
-19.976 0.0 0
-19.966 0.0 0
-19.956 0.0 0
-19.946 0.0 0
-19.936 0.0 0
-19.926 0.0 0
-19.916 0.0 0
-19.906 0.0 0
-19.896 0.0 0
-19.886 0.0 0
-19.876 0.0 0
-19.866 0.0 0
-19.856 0.0 0
-19.846 0.0 0
-19.836 0.0 0
-19.826 0.0 0
-19.816 0.0 0
-19.806 0.0 0
-19.796 0.0 0
-19.786 0.0 0
-19.776 0.0 0
-19.766 0.0 0
-19.756 0.0 0
-19.746 0.0 0
-19.736 0.0 0
-19.726 0.0 0
-19.716 0.0 0
-19.706 0.0 0
-19.696 0.0 0
-19.686 0.0 0
-19.676 0.0 0
-19.666 0.0 0
-19.656 0.0 0
-19.646 0.0 0
-19.636 0.0 0
-19.626 0.0 0
-19.616 0.0 0
-19.606 0.0 0
-19.596 0.0 0
-19.586 0.0 0
-19.576 0.0 0
-19.566 0.0 0
-19.556 0.0 0
-19.546 0.0 0
-19.536 0.0 0
-19.526 0.0 0
-19.516 0.0 0
-19.506 0.0 0
-19.496 0.0 0
-19.486 0.0 0
-19.476 0.0 0
-19.466 0.0 0
-19.456 0.0 0
-19.446 0.0 0
-19.436 0.0 0
-19.426 0.0 0
-19.416 0.0 0
-19.406 0.0 0
-19.396 0.0 0
-19.386 0.0 0
-19.376 0.0 0
-19.366 0.0 0
-19.356 0.0 0
-19.346 0.0 0
-19.336 0.0 0
-19.326 0.0 0
-19.316 0.0 0
-19.306 0.0 0
-19.296 0.0 0
-19.286 0.0 0
-19.276 0.0 0
-19.266 0.0 0
-19.256 0.0 0
-19.246 0.0 0
-19.236 0.0 0
-19.226 0.0 0
-19.216 0.0 0
-19.206 0.0 0
-19.196 0.0 0
-19.186 0.0 0
-19.176 0.0 0
-19.166 0.0 0
-19.156 0.0 0
-19.146 0.0 0
-19.136 0.0 0
-19.126 0.0 0
-19.116 0.0 0
-19.106 0.0 0
-19.096 0.0 0
-19.086 0.0 0
-19.076 0.0 0
-19.066 0.0 0
-19.056 0.0 0
-19.046 0.0 0
-19.036 0.0 0
-19.026 0.0 0
-19.016 0.0 0
-19.006 0.0 0
-18.996 0.0 0
-18.986 0.0 0
-18.976 0.0 0
-18.966 0.0 0
-18.956 0.0 0
-18.946 0.0 0
-18.936 0.0 0
-18.926 0.0 0
-18.916 0.0 0
-18.906 0.0 0
-18.896 0.0 0
-18.886 0.0 0
-18.876 0.0 0
-18.866 0.0 0
-18.856 0.0 0
-18.846 0.0 0
-18.836 0.0 0
-18.826 0.0 0
-18.816 0.0 0
-18.806 0.0 0
-18.796 0.0 0
-18.786 0.0 0
-18.776 0.0 0
-18.766 0.0 0
-18.756 0.0 0
-18.746 0.0 0
-18.736 0.0 0
-18.726 0.0 0
-18.716 0.0 0
-18.706 0.0 0
-18.696 0.0 0
-18.686 0.0 0
-18.676 0.0 0
-18.666 0.0 0
-18.656 0.0 0
-18.646 0.0 0
-18.636 0.0 0
-18.626 0.0 0
-18.616 0.0 0
-18.606 0.0 0
-18.596 0.0 0
-18.586 0.0 0
-18.576 0.0 0
-18.566 0.0 0
-18.556 0.0 0
-18.546 0.0 0
-18.536 0.0 0
-18.526 0.0 0
-18.516 0.0 0
-18.506 0.0 0
-18.496 0.0 0
-18.486 0.0 0
-18.476 0.0 0
-18.466 0.0 0
-18.456 0.0 0
-18.446 0.0 0
-18.436 0.0 0
-18.426 0.0 0
-18.416 0.0 0
-18.406 0.0 0
-18.396 0.0 0
-18.386 0.0 0
-18.376 0.0 0
-18.366 0.0 0
-18.356 0.0 0
-18.346 0.0 0
-18.336 0.0 0
-18.326 0.0 0
-18.316 0.0 0
-18.306 0.0 0
-18.296 0.0 0
-18.286 0.0 0
-18.276 0.0 0
-18.266 0.0 0
-18.256 0.0 0
-18.246 0.0 0
-18.236 0.0 0
-18.226 0.0 0
-18.216 0.0 0
-18.206 0.0 0
-18.196 0.0 0
-18.186 0.0 0
-18.176 0.0 0
-18.166 0.0 0
-18.156 0.0 0
-18.146 0.0 0
-18.136 0.0 0
-18.126 0.0 0
-18.116 0.0 0
-18.106 0.0 0
-18.096 0.0 0
-18.086 0.0 0
-18.076 0.0 0
-18.066 0.0 0
-18.056 0.0 0
-18.046 0.0 0
-18.036 0.0 0
-18.026 0.0 0
-18.016 0.0 0
-18.006 0.0 0
-17.996 0.0 0
-17.986 0.0 0
-17.976 0.0 0
-17.966 0.0 0
-17.956 0.0 0
-17.946 0.0 0
-17.936 0.0 0
-17.926 0.0 0
-17.916 0.0 0
-17.906 0.0 0
-17.896 0.0 0
-17.886 0.0 0
-17.876 0.0 0
-17.866 0.0 0
-17.856 0.0 0
-17.846 0.0 0
-17.836 0.0 0
-17.826 0.0 0
-17.816 0.0 0
-17.806 0.0 0
-17.796 0.0 0
-17.786 0.0 0
-17.776 0.0 0
-17.766 0.0 0
-17.756 0.0 0
-17.746 0.0 0
-17.736 0.0 0
-17.726 0.0 0
-17.716 0.0 0
-17.706 0.0 0
-17.696 0.0 0
-17.686 0.0 0
-17.676 0.0 0
-17.666 0.0 0
-17.656 0.0 0
-17.646 0.0 0
-17.636 0.0 0
-17.626 0.0 0
-17.616 0.0 0
-17.606 0.0 0
-17.596 0.0 0
-17.586 0.0 0
-17.576 0.0 0
-17.566 0.0 0
-17.556 0.0 0
-17.546 0.0 0
-17.536 0.0 0
-17.526 0.0 0
-17.516 0.0 0
-17.506 0.0 0
-17.496 0.0 0
-17.486 0.0 0
-17.476 0.0 0
-17.466 0.0 0
-17.456 0.0 0
-17.446 0.0 0
-17.436 0.0 0
-17.426 0.0 0
-17.416 0.0 0
-17.406 0.0 0
-17.396 0.0 0
-17.386 0.0 0
-17.376 0.0 0
-17.366 0.0 0
-17.356 0.0 0
-17.346 0.0 0
-17.336 0.0 0
-17.326 0.0 0
-17.316 0.0 0
-17.306 0.0 0
-17.296 0.0 0
-17.286 0.0 0
-17.276 0.0 0
-17.266 0.0 0
-17.256 0.0 0
-17.246 0.0 0
-17.236 0.0 0
-17.226 0.0 0
-17.216 0.0 0
-17.206 0.0 0
-17.196 0.0 0
-17.186 0.0 0
-17.176 0.0 0
-17.166 0.0 0
-17.156 0.0 0
-17.146 0.0 0
-17.136 0.0 0
-17.126 0.0 0
-17.116 0.0 0
-17.106 0.0 0
-17.096 0.0 0
-17.086 0.0 0
-17.076 0.0 0
-17.066 0.0 0
-17.056 0.0 0
-17.046 0.0 0
-17.036 0.0 0
-17.026 0.0 0
-17.016 0.0 0
-17.006 0.0 0
-16.996 0.0 0
-16.986 0.0 0
-16.976 0.0 0
-16.966 0.0 0
-16.956 0.0 0
-16.946 0.0 0
-16.936 0.0 0
-16.926 0.0 0
-16.916 0.0 0
-16.906 0.0 0
-16.896 0.0 0
-16.886 0.0 0
-16.876 0.0 0
-16.866 0.0 0
-16.856 0.0 0
-16.846 0.0 0
-16.836 0.0 0
-16.826 0.0 0
-16.816 0.0 0
-16.806 0.0 0
-16.796 0.0 0
-16.786 0.0 0
-16.776 0.0 0
-16.766 0.0 0
-16.756 0.0 0
-16.746 0.0 0
-16.736 0.0 0
-16.726 0.0 0
-16.716 0.0 0
-16.706 0.0 0
-16.696 0.0 0
-16.686 0.0 0
-16.676 0.0 0
-16.666 0.0 0
-16.656 0.0 0
-16.646 0.0 0
-16.636 0.0 0
-16.626 0.0 0
-16.616 0.0 0
-16.606 0.0 0
-16.596 0.0 0
-16.586 0.0 0
-16.576 0.0 0
-16.566 0.0 0
-16.556 0.0 0
-16.546 0.0 0
-16.536 0.0 0
-16.526 0.0 0
-16.516 0.0 0
-16.506 0.0 0
-16.496 0.0 0
-16.486 0.0 0
-16.476 0.0 0
-16.466 0.0 0
-16.456 0.0 0
-16.446 0.0 0
-16.436 0.0 0
-16.426 0.0 0
-16.416 0.0 0
-16.406 0.0 0
-16.396 0.0 0
-16.386 0.0 0
-16.376 0.0 0
-16.366 0.0 0
-16.356 0.0 0
-16.346 0.0 0
-16.336 0.0 0
-16.326 0.0 0
-16.316 0.0 0
-16.306 0.0 0
-16.296 0.0 0
-16.286 0.0 0
-16.276 0.0 0
-16.266 0.0 0
-16.256 0.0 0
-16.246 0.0 0
-16.236 0.0 0
-16.226 0.0 0
-16.216 0.0 0
-16.206 0.0 0
-16.196 0.0 0
-16.186 0.0 0
-16.176 0.0 0
-16.166 0.0 0
-16.156 0.0 0
-16.146 0.0 0
-16.136 0.0 0
-16.126 0.0 0
-16.116 0.0 0
-16.106 0.0 0
-16.096 0.0 0
-16.086 0.0 0
-16.076 0.0 0
-16.066 0.0 0
-16.056 0.0 0
-16.046 0.0 0
-16.036 0.0 0
-16.026 0.0 0
-16.016 0.0 0
-16.006 0.0 0
-15.996 0.0 0
-15.986 0.0 0
-15.976 0.0 0
-15.966 0.0 0
-15.956 0.0 0
-15.946 0.0 0
-15.936 0.0 0
-15.926 0.0 0
-15.916 0.0 0
-15.906 0.0 0
-15.896 0.0 0
-15.886 0.0 0
-15.876 0.0 0
-15.866 0.0 0
-15.856 0.0 0
-15.846 0.0 0
-15.836 0.0 0
-15.826 0.0 0
-15.816 0.0 0
-15.806 0.0 0
-15.796 0.0 0
-15.786 0.0 0
-15.776 0.0 0
-15.766 0.0 0
-15.756 0.0 0
-15.746 0.0 0
-15.736 0.0 0
-15.726 0.0 0
-15.716 0.0 0
-15.706 0.0 0
-15.696 0.0 0
-15.686 0.0 0
-15.676 0.0 0
-15.666 0.0 0
-15.656 0.0 0
-15.646 0.0 0
-15.636 0.0 0
-15.626 0.0 0
-15.616 0.0 0
-15.606 0.0 0
-15.596 0.0 0
-15.586 0.0 0
-15.576 0.0 0
-15.566 0.0 0
-15.556 0.0 0
-15.546 0.0 0
-15.536 0.0 0
-15.526 0.0 0
-15.516 0.0 0
-15.506 0.0 0
-15.496 0.0 0
-15.486 0.0 0
-15.476 0.0 0
-15.466 0.0 0
-15.456 0.0 0
-15.446 0.0 0
-15.436 0.0 0
-15.426 0.0 0
-15.416 0.0 0
-15.406 0.0 0
-15.396 0.0 0
-15.386 0.0 0
-15.376 0.0 0
-15.366 0.0 0
-15.356 0.0 0
-15.346 0.0 0
-15.336 0.0 0
-15.326 0.0 0
-15.316 0.0 0
-15.306 0.0 0
-15.296 0.0 0
-15.286 0.0 0
-15.276 0.0 0
-15.266 0.0 0
-15.256 0.0 0
-15.246 0.0 0
-15.236 0.0 0
-15.226 0.0 0
-15.216 0.0 0
-15.206 0.0 0
-15.196 0.0 0
-15.186 0.0 0
-15.176 0.0 0
-15.166 0.0 0
-15.156 0.0 0
-15.146 0.0 0
-15.136 0.0 0
-15.126 0.0 0
-15.116 0.0 0
-15.106 0.0 0
-15.096 0.0 0
-15.086 0.0 0
-15.076 0.0 0
-15.066 0.0 0
-15.056 0.0 0
-15.046 0.0 0
-15.036 0.0 0
-15.026 0.0 0
-15.016 0.0 0
-15.006 0.0 0
-14.996 0.0 0
-14.986 0.0 0
-14.976 0.0 0
-14.966 0.0 0
-14.956 0.0 0
-14.946 0.0 0
-14.936 0.0 0
-14.926 0.0 0
-14.916 0.0 0
-14.906 0.0 0
-14.896 0.0 0
-14.886 0.0 0
-14.876 0.0 0
-14.866 0.0 0
-14.856 0.0 0
-14.846 0.0 0
-14.836 0.0 0
-14.826 0.0 0
-14.816 0.0 0
-14.806 0.0 0
-14.796 0.0 0
-14.786 0.0 0
-14.776 0.0 0
-14.766 0.0 0
-14.756 0.0 0
-14.746 0.0 0
-14.736 0.0 0
-14.726 0.0 0
-14.716 0.0 0
-14.706 0.0 0
-14.696 0.0 0
-14.686 0.0 0
-14.676 0.0 0
-14.666 0.0 0
-14.656 0.0 0
-14.646 0.0 0
-14.636 0.0 0
-14.626 0.0 0
-14.616 0.0 0
-14.606 0.0 0
-14.596 0.0 0
-14.586 0.0 0
-14.576 0.0 0
-14.566 0.0 0
-14.556 0.0 0
-14.546 0.0 0
-14.536 0.0 0
-14.526 0.0 0
-14.516 0.0 0
-14.506 0.0 0
-14.496 0.0 0
-14.486 0.0 0
-14.476 0.0 0
-14.466 0.0 0
-14.456 0.0 0
-14.446 0.0 0
-14.436 0.0 0
-14.426 0.0 0
-14.416 0.0 0
-14.406 0.0 0
-14.396 0.0 0
-14.386 0.0 0
-14.376 0.0 0
-14.366 0.0 0
-14.356 0.0 0
-14.346 0.0 0
-14.336 0.0 0
-14.326 0.0 0
-14.316 0.0 0
-14.306 0.0 0
-14.296 0.0 0
-14.286 0.0 0
-14.276 0.0 0
-14.266 0.0 0
-14.256 0.0 0
-14.246 0.0 0
-14.236 0.0 0
-14.226 0.0 0
-14.216 0.0 0
-14.206 0.0 0
-14.196 0.0 0
-14.186 0.0 0
-14.176 0.0 0
-14.166 0.0 0
-14.156 0.0 0
-14.146 0.0 0
-14.136 0.0 0
-14.126 0.0 0
-14.116 0.0 0
-14.106 0.0 0
-14.096 0.0 0
-14.086 0.0 0
-14.076 0.0 0
-14.066 0.0 0
-14.056 0.0 0
-14.046 0.0 0
-14.036 0.0 0
-14.026 0.0 0
-14.016 0.0 0
-14.006 0.0 0
-13.996 0.0 0
-13.986 0.0 0
-13.976 0.0 0
-13.966 0.0 0
-13.956 0.0 0
-13.946 0.0 0
-13.936 0.0 0
-13.926 0.0 0
-13.916 0.0 0
-13.906 0.0 0
-13.896 0.0 0
-13.886 0.0 0
-13.876 0.0 0
-13.866 0.0 0
-13.856 0.0 0
-13.846 0.0 0
-13.836 0.0 0
-13.826 0.0 0
-13.816 0.0 0
-13.806 0.0 0
-13.796 0.0 0
-13.786 0.0 0
-13.776 0.0 0
-13.766 0.0 0
-13.756 0.0 0
-13.746 0.0 0
-13.736 0.0 0
-13.726 0.0 0
-13.716 0.0 0
-13.706 0.0 0
-13.696 0.0 0
-13.686 0.0 0
-13.676 0.0 0
-13.666 0.0 0
-13.656 0.0 0
-13.646 0.0 0
-13.636 0.0 0
-13.626 0.0 0
-13.616 0.0 0
-13.606 0.0 0
-13.596 0.0 0
-13.586 0.0 0
-13.576 0.0 0
-13.566 0.0 0
-13.556 0.0 0
-13.546 0.0 0
-13.536 0.0 0
-13.526 0.0 0
-13.516 0.0 0
-13.506 0.0 0
-13.496 0.0 0
-13.486 0.0 0
-13.476 0.0 0
-13.466 0.0 0
-13.456 0.0 0
-13.446 0.0 0
-13.436 0.0 0
-13.426 0.0 0
-13.416 0.0 0
-13.406 0.0 0
-13.396 0.0 0
-13.386 0.0 0
-13.376 0.0 0
-13.366 0.0 0
-13.356 0.0 0
-13.346 0.0 0
-13.336 0.0 0
-13.326 0.0 0
-13.316 0.0 0
-13.306 0.0 0
-13.296 0.0 0
-13.286 0.0 0
-13.276 0.0 0
-13.266 0.0 0
-13.256 0.0 0
-13.246 0.0 0
-13.236 0.0 0
-13.226 0.0 0
-13.216 0.0 0
-13.206 0.0 0
-13.196 0.0 0
-13.186 0.0 0
-13.176 0.0 0
-13.166 0.0 0
-13.156 0.0 0
-13.146 0.0 0
-13.136 0.0 0
-13.126 0.0 0
-13.116 0.0 0
-13.106 0.0 0
-13.096 0.0 0
-13.086 0.0 0
-13.076 0.0 0
-13.066 0.0 0
-13.056 0.0 0
-13.046 0.0 0
-13.036 0.0 0
-13.026 0.0 0
-13.016 0.0 0
-13.006 0.0 0
-12.996 0.0 0
-12.986 0.0 0
-12.976 0.0 0
-12.966 0.0 0
-12.956 0.0 0
-12.946 0.0 0
-12.936 0.0 0
-12.926 0.0 0
-12.916 0.0 0
-12.906 0.0 0
-12.896 0.0 0
-12.886 0.0 0
-12.876 0.0 0
-12.866 0.0 0
-12.856 0.0 0
-12.846 0.0 0
-12.836 0.0 0
-12.826 0.0 0
-12.816 0.0 0
-12.806 0.0 0
-12.796 0.0 0
-12.786 0.0 0
-12.776 0.0 0
-12.766 0.0 0
-12.756 0.0 0
-12.746 0.0 0
-12.736 0.0 0
-12.726 0.0 0
-12.716 0.0 0
-12.706 0.0 0
-12.696 0.0 0
-12.686 0.0 0
-12.676 0.0 0
-12.666 0.0 0
-12.656 0.0 0
-12.646 0.0 0
-12.636 0.0 0
-12.626 0.0 0
-12.616 0.0 0
-12.606 0.0 0
-12.596 0.0 0
-12.586 0.0 0
-12.576 0.0 0
-12.566 0.0 0
-12.556 0.0 0
-12.546 0.0 0
-12.536 0.0 0
-12.526 0.0 0
-12.516 0.0 0
-12.506 0.0 0
-12.496 0.0 0
-12.486 0.0 0
-12.476 0.0 0
-12.466 0.0 0
-12.456 0.0 0
-12.446 0.0 0
-12.436 0.0 0
-12.426 0.0 0
-12.416 0.0 0
-12.406 0.0 0
-12.396 0.0 0
-12.386 0.0 0
-12.376 0.0 0
-12.366 0.0 0
-12.356 0.0 0
-12.346 0.0 0
-12.336 0.0 0
-12.326 0.0 0
-12.316 0.0 0
-12.306 0.0 0
-12.296 0.0 0
-12.286 0.0 0
-12.276 0.0 0
-12.266 0.0 0
-12.256 0.0 0
-12.246 0.0 0
-12.236 0.0 0
-12.226 0.0 0
-12.216 0.0 0
-12.206 0.0 0
-12.196 0.0 0
-12.186 0.0 0
-12.176 0.0 0
-12.166 0.0 0
-12.156 0.0 0
-12.146 0.0 0
-12.136 0.0 0
-12.126 0.0 0
-12.116 0.0 0
-12.106 0.0 0
-12.096 0.0 0
-12.086 0.0 0
-12.076 0.0 0
-12.066 0.0 0
-12.056 0.0 0
-12.046 0.0 0
-12.036 0.0 0
-12.026 0.0 0
-12.016 0.0 0
-12.006 0.0 0
-11.996 0.0 0
-11.986 0.0 0
-11.976 0.0 0
-11.966 0.0 0
-11.956 0.0 0
-11.946 0.0 0
-11.936 0.0 0
-11.926 0.0 0
-11.916 0.0 0
-11.906 0.0 0
-11.896 0.0 0
-11.886 0.0 0
-11.876 0.0 0
-11.866 0.0 0
-11.856 0.0 0
-11.846 0.0 0
-11.836 0.0 0
-11.826 0.0 0
-11.816 0.0 0
-11.806 0.0 0
-11.796 0.0 0
-11.786 0.0 0
-11.776 0.0 0
-11.766 0.0 0
-11.756 0.0 0
-11.746 0.0 0
-11.736 0.0 0
-11.726 0.0 0
-11.716 0.0 0
-11.706 0.0 0
-11.696 0.0 0
-11.686 0.0 0
-11.676 0.0 0
-11.666 0.0 0
-11.656 0.0 0
-11.646 0.0 0
-11.636 0.0 0
-11.626 0.0 0
-11.616 0.0 0
-11.606 0.0 0
-11.596 0.0 0
-11.586 0.0 0
-11.576 0.0 0
-11.566 0.0 0
-11.556 0.0 0
-11.546 0.0 0
-11.536 0.0 0
-11.526 0.0 0
-11.516 0.0 0
-11.506 0.0 0
-11.496 0.0 0
-11.486 0.0 0
-11.476 0.0 0
-11.466 0.0 0
-11.456 0.0 0
-11.446 0.0 0
-11.436 0.0 0
-11.426 0.0 0
-11.416 0.0 0
-11.406 0.0 0
-11.396 0.0 0
-11.386 0.0 0
-11.376 0.0 0
-11.366 0.0 0
-11.356 0.0 0
-11.346 0.0 0
-11.336 0.0 0
-11.326 0.0 0
-11.316 0.0 0
-11.306 0.0 0
-11.296 0.0 0
-11.286 0.0 0
-11.276 0.0 0
-11.266 0.0 0
-11.256 0.0 0
-11.246 0.0 0
-11.236 0.0 0
-11.226 0.0 0
-11.216 0.0 0
-11.206 0.0 0
-11.196 0.0 0
-11.186 0.0 0
-11.176 0.0 0
-11.166 0.0 0
-11.156 0.0 0
-11.146 0.0 0
-11.136 0.0 0
-11.126 0.0 0
-11.116 0.0 0
-11.106 0.0 0
-11.096 0.0 0
-11.086 0.0 0
-11.076 0.0 0
-11.066 0.0 0
-11.056 0.0 0
-11.046 0.0 0
-11.036 0.0 0
-11.026 0.0 0
-11.016 0.0 0
-11.006 0.0 0
-10.996 0.0 0
-10.986 0.0 0
-10.976 0.0 0
-10.966 0.0 0
-10.956 0.0 0
-10.946 0.0 0
-10.936 0.0 0
-10.926 0.0 0
-10.916 0.0 0
-10.906 0.0 0
-10.896 0.0 0
-10.886 0.0 0
-10.876 0.0 0
-10.866 0.0 0
-10.856 0.0 0
-10.846 0.0 0
-10.836 0.0 0
-10.826 0.0 0
-10.816 0.0 0
-10.806 0.0 0
-10.796 0.0 0
-10.786 0.0 0
-10.776 0.0 0
-10.766 0.0 0
-10.756 0.0 0
-10.746 0.0 0
-10.736 0.0 0
-10.726 0.0 0
-10.716 0.0 0
-10.706 0.0 0
-10.696 0.0 0
-10.686 0.0 0
-10.676 1.76e-13 0
-10.666 3.68e-13 0
-10.656 7.63e-13 0
-10.646 2.04e-12 0
-10.636 4.16e-12 -3.37e-14
-10.626 8.41e-12 -2.57e-13
-10.616 1.71e-11 -5.37e-13
-10.606 3.39e-11 -1.46e-12
-10.596 6.63e-11 -3.01e-12
-10.586 1.29e-10 -6.13e-12
-10.576 2.47e-10 -1.26e-11
-10.566 4.68e-10 -2.51e-11
-10.556 8.79e-10 -4.95e-11
-10.546 1.63e-09 -9.67e-11
-10.536 3e-09 -1.87e-10
-10.526 5.46e-09 -3.57e-10
-10.516 9.83e-09 -6.76e-10
-10.506 1.75e-08 -1.26e-09
-10.496 3.09e-08 -2.34e-09
-10.486 5.38e-08 -4.29e-09
-10.476 9.29e-08 -7.78e-09
-10.466 1.59e-07 -1.4e-08
-10.456 2.68e-07 -2.48e-08
-10.446 4.48e-07 -4.36e-08
-10.436 7.42e-07 -7.57e-08
-10.426 1.21e-06 -1.3e-07
-10.416 1.97e-06 -2.22e-07
-10.406 3.16e-06 -3.73e-07
-10.396 5.01e-06 -6.22e-07
-10.386 7.86e-06 -1.03e-06
-10.376 1.22e-05 -1.67e-06
-10.366 1.88e-05 -2.7e-06
-10.356 2.86e-05 -4.32e-06
-10.346 4.3e-05 -6.83e-06
-10.336 6.41e-05 -1.07e-05
-10.326 9.45e-05 -1.65e-05
-10.316 0.000138 -2.53e-05
-10.306 0.000199 -3.84e-05
-10.296 0.000285 -5.77e-05
-10.286 0.000403 -8.56e-05
-10.276 0.000563 -0.000126
-10.266 0.00078 -0.000183
-10.256 0.00107 -0.000263
-10.246 0.00145 -0.000375
-10.236 0.00195 -0.000528
-10.226 0.00259 -0.000736
-10.216 0.0034 -0.00102
-10.206 0.00442 -0.00139
-10.196 0.0057 -0.00187
-10.186 0.00726 -0.0025
-10.176 0.00915 -0.00331
-10.166 0.0114 -0.00434
-10.156 0.0141 -0.00563
-10.146 0.0172 -0.00721
-10.136 0.0209 -0.00916
-10.126 0.025 -0.0115
-10.116 0.0296 -0.0143
-10.106 0.0347 -0.0176
-10.096 0.0403 -0.0214
-10.086 0.0463 -0.0258
-10.076 0.0526 -0.0308
-10.066 0.0592 -0.0363
-10.056 0.0659 -0.0424
-10.046 0.0726 -0.049
-10.036 0.0792 -0.056
-10.026 0.0854 -0.0634
-10.016 0.0913 -0.071
-10.006 0.0965 -0.0787
-9.996 0.101 -0.0864
-9.986 0.105 -0.0938
-9.976 0.107 -0.101
-9.966 0.109 -0.107
-9.956 0.109 -0.113
-9.946 0.108 -0.117
-9.936 0.107 -0.121
-9.926 0.104 -0.123
-9.916 0.0999 -0.125
-9.906 0.0952 -0.125
-9.896 0.0898 -0.123
-9.886 0.0839 -0.121
-9.876 0.0775 -0.117
-9.866 0.0709 -0.112
-9.856 0.0641 -0.106
-9.846 0.0574 -0.0996
-9.836 0.0509 -0.0925
-9.826 0.0447 -0.085
-9.816 0.0388 -0.0774
-9.806 0.0333 -0.0697
-9.796 0.0283 -0.0621
-9.786 0.0239 -0.0547
-9.776 0.0199 -0.0478
-9.766 0.0164 -0.0413
-9.756 0.0134 -0.0353
-9.746 0.0108 -0.0298
-9.736 0.00862 -0.025
-9.726 0.00681 -0.0207
-9.716 0.00533 -0.017
-9.706 0.00413 -0.0138
-9.696 0.00316 -0.011
-9.686 0.0024 -0.00878
-9.676 0.0018 -0.0069
-9.666 0.00134 -0.00537
-9.656 0.000983 -0.00414
-9.646 0.000715 -0.00315
-9.636 0.000515 -0.00238
-9.626 0.000367 -0.00177
-9.616 0.000259 -0.00131
-9.606 0.00018 -0.000957
-9.596 0.000125 -0.000692
-9.586 8.51e-05 -0.000496
-9.576 5.75e-05 -0.000351
-9.566 3.85e-05 -0.000246
-9.556 2.55e-05 -0.000171
-9.546 1.67e-05 -0.000117
-9.536 1.08e-05 -7.95e-05
-9.526 6.94e-06 -5.34e-05
-9.516 4.4e-06 -3.55e-05
-9.506 2.77e-06 -2.34e-05
-9.496 1.72e-06 -1.52e-05
-9.486 1.06e-06 -9.81e-06
-9.476 6.43e-07 -6.25e-06
-9.466 3.87e-07 -3.95e-06
-9.456 2.31e-07 -2.46e-06
-9.446 1.36e-07 -1.52e-06
-9.436 7.94e-08 -9.3e-07
-9.426 4.59e-08 -5.63e-07
-9.416 2.62e-08 -3.37e-07
-9.406 1.48e-08 -1.99e-07
-9.396 8.28e-09 -1.17e-07
-9.386 4.58e-09 -6.78e-08
-9.376 2.51e-09 -3.89e-08
-9.366 1.36e-09 -2.21e-08
-9.356 7.29e-10 -1.24e-08
-9.346 3.87e-10 -6.89e-09
-9.336 2.03e-10 -3.79e-09
-9.326 1.05e-10 -2.06e-09
-9.316 5.42e-11 -1.11e-09
-9.306 2.75e-11 -5.92e-10
-9.296 1.39e-11 -3.12e-10
-9.286 6.82e-12 -1.63e-10
-9.276 3.36e-12 -8.4e-11
-9.266 1.64e-12 -4.29e-11
-9.256 6.49e-13 -2.17e-11
-9.246 3.11e-13 -1.08e-11
-9.236 1.48e-13 -5.29e-12
-9.226 0.0 -2.59e-12
-9.216 0.0 -1.01e-12
-9.206 0.0 -4.85e-13
-9.196 0.0 -2.31e-13
-9.186 0.0 0
-9.176 0.0 0
-9.166 0.0 0
-9.156 2.94e-13 0
-9.146 6.19e-13 0
-9.136 1.29e-12 0
-9.126 2.65e-12 0
-9.116 5.38e-12 0
-9.106 1.08e-11 0
-9.096 2.16e-11 0
-9.086 4.25e-11 0
-9.076 8.27e-11 0
-9.066 1.59e-10 0
-9.056 3.04e-10 0
-9.046 5.74e-10 0
-9.036 1.07e-09 0
-9.026 1.98e-09 0
-9.016 3.61e-09 0
-9.006 6.52e-09 0
-8.996 1.16e-08 0
-8.986 2.06e-08 0
-8.976 3.6e-08 -5.19e-13
-8.966 6.23e-08 -1.08e-12
-8.956 1.07e-07 -2.23e-12
-8.946 1.81e-07 -4.56e-12
-8.936 3.03e-07 -9.21e-12
-8.926 5.01e-07 -1.84e-11
-8.916 8.22e-07 -3.63e-11
-8.906 1.33e-06 -7.11e-11
-8.896 2.14e-06 -1.37e-10
-8.886 3.4e-06 -2.63e-10
-8.876 5.33e-06 -4.98e-10
-8.866 8.28e-06 -9.32e-10
-8.856 1.27e-05 -1.73e-09
-8.846 1.94e-05 -3.16e-09
-8.836 2.91e-05 -5.74e-09
-8.826 4.33e-05 -1.03e-08
-8.816 6.38e-05 -1.83e-08
-8.806 9.3e-05 -3.2e-08
-8.796 0.000134 -5.56e-08
-8.786 0.000191 -9.56e-08
-8.776 0.00027 -1.62e-07
-8.766 0.000377 -2.73e-07
-8.756 0.000521 -4.54e-07
-8.746 0.000712 -7.47e-07
-8.736 0.000964 -1.22e-06
-8.726 0.00129 -1.96e-06
-8.716 0.00171 -3.12e-06
-8.706 0.00225 -4.91e-06
-8.696 0.00292 -7.66e-06
-8.686 0.00376 -1.18e-05
-8.676 0.00478 -1.8e-05
-8.666 0.00604 -2.72e-05
-8.656 0.00755 -4.07e-05
-8.646 0.00935 -6.01e-05
-8.636 0.0115 -8.8e-05
-8.626 0.014 -0.000127
-8.616 0.0168 -0.000182
-8.606 0.0201 -0.000258
-8.596 0.0239 -0.000362
-8.586 0.0282 -0.000502
-8.576 0.033 -0.00069
-8.566 0.0384 -0.000938
-8.556 0.0444 -0.00126
-8.546 0.051 -0.00168
-8.536 0.0583 -0.00221
-8.526 0.0663 -0.00289
-8.516 0.0751 -0.00374
-8.506 0.0848 -0.00478
-8.496 0.0953 -0.00607
-8.486 0.107 -0.00762
-8.476 0.119 -0.00949
-8.466 0.133 -0.0117
-8.456 0.148 -0.0143
-8.446 0.164 -0.0174
-8.436 0.181 -0.0209
-8.426 0.199 -0.025
-8.416 0.219 -0.0296
-8.406 0.24 -0.0348
-8.396 0.262 -0.0407
-8.386 0.285 -0.0473
-8.376 0.309 -0.0546
-8.366 0.333 -0.0628
-8.356 0.359 -0.0718
-8.346 0.384 -0.0817
-8.336 0.411 -0.0927
-8.326 0.437 -0.105
-8.316 0.463 -0.118
-8.306 0.489 -0.132
-8.296 0.515 -0.147
-8.286 0.54 -0.164
-8.276 0.564 -0.182
-8.266 0.587 -0.202
-8.256 0.609 -0.223
-8.246 0.63 -0.245
-8.236 0.649 -0.269
-8.226 0.667 -0.293
-8.216 0.682 -0.32
-8.206 0.696 -0.347
-8.196 0.707 -0.375
-8.186 0.716 -0.403
-8.176 0.721 -0.432
-8.166 0.724 -0.462
-8.156 0.724 -0.491
-8.146 0.721 -0.521
-8.136 0.714 -0.55
-8.126 0.704 -0.578
-8.116 0.691 -0.606
-8.106 0.675 -0.632
-8.096 0.655 -0.657
-8.086 0.632 -0.68
-8.076 0.607 -0.701
-8.066 0.579 -0.721
-8.056 0.549 -0.737
-8.046 0.517 -0.752
-8.036 0.484 -0.763
-8.026 0.45 -0.771
-8.016 0.415 -0.777
-8.006 0.38 -0.779
-7.996 0.346 -0.777
-7.986 0.312 -0.773
-7.976 0.28 -0.764
-7.966 0.249 -0.752
-7.956 0.219 -0.737
-7.946 0.192 -0.718
-7.936 0.167 -0.696
-7.926 0.144 -0.671
-7.916 0.123 -0.643
-7.906 0.105 -0.612
-7.896 0.0889 -0.58
-7.886 0.0752 -0.545
-7.876 0.0635 -0.51
-7.866 0.054 -0.473
-7.856 0.0463 -0.436
-7.846 0.0405 -0.399
-7.836 0.0365 -0.362
-7.826 0.0341 -0.326
-7.816 0.0332 -0.292
-7.806 0.0339 -0.259
-7.796 0.0362 -0.228
-7.786 0.0399 -0.199
-7.776 0.0453 -0.173
-7.766 0.0523 -0.148
-7.756 0.061 -0.127
-7.746 0.0716 -0.107
-7.736 0.0843 -0.0901
-7.726 0.0991 -0.0755
-7.716 0.116 -0.063
-7.706 0.136 -0.0527
-7.696 0.159 -0.0443
-7.686 0.185 -0.0378
-7.676 0.214 -0.033
-7.666 0.246 -0.03
-7.656 0.283 -0.0285
-7.646 0.323 -0.0287
-7.636 0.367 -0.0304
-7.626 0.414 -0.0338
-7.616 0.466 -0.0389
-7.606 0.522 -0.0459
-7.596 0.581 -0.0549
-7.586 0.644 -0.0662
-7.576 0.709 -0.0799
-7.566 0.778 -0.0963
-7.556 0.848 -0.116
-7.546 0.919 -0.139
-7.536 0.99 -0.165
-7.526 1.06 -0.195
-7.516 1.13 -0.23
-7.506 1.2 -0.269
-7.496 1.26 -0.313
-7.486 1.32 -0.361
-7.476 1.37 -0.415
-7.466 1.41 -0.473
-7.456 1.45 -0.536
-7.446 1.48 -0.604
-7.436 1.5 -0.675
-7.426 1.5 -0.751
-7.416 1.5 -0.829
-7.406 1.49 -0.909
-7.396 1.47 -0.99
-7.386 1.43 -1.07
-7.376 1.39 -1.15
-7.366 1.34 -1.23
-7.356 1.28 -1.3
-7.346 1.22 -1.37
-7.336 1.15 -1.44
-7.326 1.08 -1.5
-7.316 1.0 -1.54
-7.306 0.928 -1.58
-7.296 0.852 -1.61
-7.286 0.777 -1.63
-7.276 0.704 -1.64
-7.266 0.634 -1.63
-7.256 0.568 -1.62
-7.246 0.506 -1.59
-7.236 0.449 -1.55
-7.226 0.397 -1.51
-7.216 0.349 -1.45
-7.206 0.306 -1.39
-7.196 0.267 -1.32
-7.186 0.233 -1.24
-7.176 0.203 -1.16
-7.166 0.177 -1.08
-7.156 0.154 -0.991
-7.146 0.134 -0.907
-7.136 0.116 -0.825
-7.126 0.101 -0.745
-7.116 0.0877 -0.668
-7.106 0.0761 -0.596
-7.096 0.0659 -0.528
-7.086 0.0569 -0.466
-7.076 0.0491 -0.409
-7.066 0.0422 -0.358
-7.056 0.0361 -0.312
-7.046 0.0307 -0.272
-7.036 0.026 -0.236
-7.026 0.0219 -0.206
-7.016 0.0183 -0.18
-7.006 0.0152 -0.157
-6.996 0.0126 -0.138
-6.986 0.0103 -0.122
-6.976 0.00843 -0.108
-6.966 0.00685 -0.0967
-6.956 0.00556 -0.0866
-6.946 0.00453 -0.0778
-6.936 0.00372 -0.07
-6.926 0.00311 -0.0631
-6.916 0.00268 -0.0569
-6.906 0.0024 -0.0511
-6.896 0.00227 -0.0458
-6.886 0.00226 -0.0409
-6.876 0.00237 -0.0363
-6.866 0.00258 -0.032
-6.856 0.0029 -0.028
-6.846 0.00331 -0.0244
-6.836 0.00381 -0.021
-6.826 0.0044 -0.018
-6.816 0.00507 -0.0152
-6.806 0.00582 -0.0128
-6.796 0.00663 -0.0106
-6.786 0.0075 -0.00877
-6.776 0.00842 -0.00718
-6.766 0.00936 -0.00584
-6.756 0.0103 -0.00472
-6.746 0.0113 -0.00381
-6.736 0.0122 -0.00309
-6.726 0.0131 -0.00252
-6.716 0.0139 -0.00211
-6.706 0.0146 -0.00182
-6.696 0.0152 -0.00165
-6.686 0.0157 -0.00158
-6.676 0.0161 -0.0016
-6.666 0.0164 -0.0017
-6.656 0.0165 -0.00189
-6.646 0.0166 -0.00216
-6.636 0.0165 -0.0025
-6.626 0.0164 -0.00292
-6.616 0.0162 -0.00342
-6.606 0.016 -0.00399
-6.596 0.0158 -0.00464
-6.586 0.0157 -0.00535
-6.576 0.0155 -0.00613
-6.566 0.0155 -0.00696
-6.556 0.0155 -0.00785
-6.546 0.0156 -0.00877
-6.536 0.0158 -0.00971
-6.526 0.0161 -0.0107
-6.516 0.0164 -0.0116
-6.506 0.0169 -0.0125
-6.496 0.0174 -0.0134
-6.486 0.0179 -0.0141
-6.476 0.0185 -0.0149
-6.466 0.019 -0.0155
-6.456 0.0194 -0.0159
-6.446 0.0197 -0.0163
-6.436 0.02 -0.0166
-6.426 0.0201 -0.0167
-6.416 0.0201 -0.0167
-6.406 0.0199 -0.0166
-6.396 0.0196 -0.0165
-6.386 0.0191 -0.0163
-6.376 0.0185 -0.016
-6.366 0.0177 -0.0158
-6.356 0.0169 -0.0155
-6.346 0.016 -0.0153
-6.336 0.015 -0.0152
-6.326 0.014 -0.0151
-6.316 0.0131 -0.0151
-6.306 0.0122 -0.0153
-6.296 0.0113 -0.0155
-6.286 0.0105 -0.0158
-6.276 0.00985 -0.0163
-6.266 0.00929 -0.0168
-6.256 0.00886 -0.0173
-6.246 0.00856 -0.0179
-6.236 0.00838 -0.0185
-6.226 0.00832 -0.019
-6.216 0.00837 -0.0195
-6.206 0.00853 -0.02
-6.196 0.00879 -0.0203
-6.186 0.00912 -0.0204
-6.176 0.00952 -0.0205
-6.166 0.00999 -0.0203
-6.156 0.0105 -0.02
-6.146 0.011 -0.0195
-6.136 0.0116 -0.0189
-6.126 0.0122 -0.0182
-6.116 0.0129 -0.0173
-6.106 0.0135 -0.0163
-6.096 0.0142 -0.0152
-6.086 0.0149 -0.0141
-6.076 0.0156 -0.0129
-6.066 0.0164 -0.0118
-6.056 0.0171 -0.0107
-6.046 0.0179 -0.00961
-6.036 0.0187 -0.00863
-6.026 0.0194 -0.00773
-6.016 0.0202 -0.00695
-6.006 0.0209 -0.00629
-5.996 0.0216 -0.00575
-5.986 0.0222 -0.00534
-5.976 0.0228 -0.00507
-5.966 0.0233 -0.00492
-5.956 0.0237 -0.0049
-5.946 0.024 -0.005
-5.936 0.0243 -0.0052
-5.926 0.0244 -0.00551
-5.916 0.0245 -0.0059
-5.906 0.0245 -0.00636
-5.896 0.0244 -0.00688
-5.886 0.0242 -0.00745
-5.876 0.024 -0.00806
-5.866 0.0238 -0.00869
-5.856 0.0235 -0.00934
-5.846 0.0232 -0.01
-5.836 0.0228 -0.0107
-5.826 0.0225 -0.0113
-5.816 0.0221 -0.012
-5.806 0.0218 -0.0126
-5.796 0.0214 -0.0133
-5.786 0.0211 -0.014
-5.776 0.0207 -0.0147
-5.766 0.0203 -0.0154
-5.756 0.0199 -0.0161
-5.746 0.0195 -0.0168
-5.736 0.019 -0.0176
-5.726 0.0185 -0.0184
-5.716 0.018 -0.0192
-5.706 0.0175 -0.02
-5.696 0.0169 -0.0208
-5.686 0.0163 -0.0216
-5.676 0.0156 -0.0224
-5.666 0.015 -0.0231
-5.656 0.0144 -0.0238
-5.646 0.0137 -0.0244
-5.636 0.0131 -0.0249
-5.626 0.0125 -0.0253
-5.616 0.012 -0.0256
-5.606 0.0115 -0.0258
-5.596 0.0111 -0.026
-5.586 0.0108 -0.026
-5.576 0.0105 -0.0259
-5.566 0.0103 -0.0258
-5.556 0.0103 -0.0256
-5.546 0.0103 -0.0253
-5.536 0.0104 -0.025
-5.526 0.0106 -0.0246
-5.516 0.0108 -0.0243
-5.506 0.0112 -0.0239
-5.496 0.0116 -0.0236
-5.486 0.0121 -0.0232
-5.476 0.0126 -0.0228
-5.466 0.0131 -0.0225
-5.456 0.0137 -0.0221
-5.446 0.0142 -0.0218
-5.436 0.0147 -0.0214
-5.426 0.0152 -0.021
-5.416 0.0156 -0.0205
-5.406 0.016 -0.0201
-5.396 0.0163 -0.0195
-5.386 0.0165 -0.019
-5.376 0.0166 -0.0184
-5.366 0.0167 -0.0177
-5.356 0.0167 -0.017
-5.346 0.0166 -0.0163
-5.336 0.0165 -0.0156
-5.326 0.0163 -0.0148
-5.316 0.0162 -0.0141
-5.306 0.016 -0.0133
-5.296 0.0158 -0.0126
-5.286 0.0157 -0.0119
-5.276 0.0156 -0.0112
-5.266 0.0156 -0.0106
-5.256 0.0156 -0.0101
-5.246 0.0157 -0.00956
-5.236 0.0159 -0.00912
-5.226 0.0161 -0.00875
-5.216 0.0164 -0.00844
-5.206 0.0167 -0.00819
-5.196 0.017 -0.00801
-5.186 0.0174 -0.00789
-5.176 0.0178 -0.00784
-5.166 0.0182 -0.00784
-5.156 0.0185 -0.00791
-5.146 0.0188 -0.00803
-5.136 0.0191 -0.00821
-5.126 0.0193 -0.00845
-5.116 0.0194 -0.00874
-5.106 0.0195 -0.00908
-5.096 0.0195 -0.00946
-5.086 0.0195 -0.00989
-5.076 0.0194 -0.0104
-5.066 0.0192 -0.0109
-5.056 0.0191 -0.0114
-5.046 0.0189 -0.0119
-5.036 0.0187 -0.0124
-5.026 0.0185 -0.0129
-5.016 0.0184 -0.0134
-5.006 0.0184 -0.0139
-4.996 0.0184 -0.0143
-4.986 0.0185 -0.0147
-4.976 0.0187 -0.015
-4.966 0.019 -0.0152
-4.956 0.0194 -0.0154
-4.946 0.02 -0.0155
-4.936 0.0207 -0.0155
-4.926 0.0215 -0.0155
-4.916 0.0224 -0.0155
-4.906 0.0235 -0.0153
-4.896 0.0246 -0.0152
-4.886 0.0258 -0.015
-4.876 0.0271 -0.0149
-4.866 0.0284 -0.0147
-4.856 0.0298 -0.0146
-4.846 0.0311 -0.0145
-4.836 0.0325 -0.0144
-4.826 0.0338 -0.0144
-4.816 0.0351 -0.0144
-4.806 0.0362 -0.0145
-4.796 0.0374 -0.0147
-4.786 0.0384 -0.0149
-4.776 0.0393 -0.0151
-4.766 0.0401 -0.0154
-4.756 0.0408 -0.0157
-4.746 0.0413 -0.016
-4.736 0.0418 -0.0163
-4.726 0.0422 -0.0166
-4.716 0.0425 -0.0168
-4.706 0.0428 -0.0171
-4.696 0.043 -0.0173
-4.686 0.0431 -0.0174
-4.676 0.0433 -0.0175
-4.666 0.0435 -0.0176
-4.656 0.0437 -0.0175
-4.646 0.0439 -0.0174
-4.636 0.0442 -0.0173
-4.626 0.0446 -0.017
-4.616 0.045 -0.0167
-4.606 0.0454 -0.0164
-4.596 0.0458 -0.016
-4.586 0.0463 -0.0155
-4.576 0.0467 -0.015
-4.566 0.0472 -0.0145
-4.556 0.0475 -0.0139
-4.546 0.0478 -0.0134
-4.536 0.048 -0.0128
-4.526 0.0481 -0.0123
-4.516 0.048 -0.0117
-4.506 0.0478 -0.0112
-4.496 0.0474 -0.0107
-4.486 0.0468 -0.0103
-4.476 0.046 -0.00992
-4.466 0.0451 -0.00961
-4.456 0.044 -0.00936
-4.446 0.0428 -0.00918
-4.436 0.0415 -0.00906
-4.426 0.04 -0.00902
-4.416 0.0385 -0.00904
-4.406 0.0369 -0.00913
-4.396 0.0353 -0.0093
-4.386 0.0336 -0.00953
-4.376 0.032 -0.00984
-4.366 0.0304 -0.0102
-4.356 0.0289 -0.0107
-4.346 0.0275 -0.0113
-4.336 0.0262 -0.012
-4.326 0.0249 -0.0128
-4.316 0.0238 -0.0137
-4.306 0.0228 -0.0148
-4.296 0.022 -0.016
-4.286 0.0212 -0.0174
-4.276 0.0207 -0.019
-4.266 0.0202 -0.0207
-4.256 0.0199 -0.0225
-4.246 0.0196 -0.0245
-4.236 0.0195 -0.0267
-4.226 0.0195 -0.0289
-4.216 0.0196 -0.0312
-4.206 0.0198 -0.0336
-4.196 0.0201 -0.036
-4.186 0.0204 -0.0383
-4.176 0.0208 -0.0407
-4.166 0.0213 -0.0429
-4.156 0.0218 -0.0451
-4.146 0.0223 -0.0471
-4.136 0.0229 -0.049
-4.126 0.0234 -0.0507
-4.116 0.024 -0.0524
-4.106 0.0246 -0.0538
-4.096 0.0252 -0.0552
-4.086 0.0258 -0.0564
-4.076 0.0264 -0.0574
-4.066 0.0269 -0.0584
-4.056 0.0274 -0.0592
-4.046 0.0278 -0.06
-4.036 0.0282 -0.0606
-4.026 0.0286 -0.0611
-4.016 0.0289 -0.0615
-4.006 0.0291 -0.0618
-3.996 0.0293 -0.0619
-3.986 0.0295 -0.0618
-3.976 0.0297 -0.0615
-3.966 0.0298 -0.061
-3.956 0.0299 -0.0602
-3.946 0.03 -0.0592
-3.936 0.03 -0.0579
-3.926 0.0301 -0.0564
-3.916 0.0302 -0.0546
-3.906 0.0302 -0.0525
-3.896 0.0302 -0.0503
-3.886 0.0303 -0.0478
-3.876 0.0303 -0.0452
-3.866 0.0304 -0.0426
-3.856 0.0304 -0.0399
-3.846 0.0305 -0.0371
-3.836 0.0306 -0.0345
-3.826 0.0307 -0.0319
-3.816 0.0309 -0.0294
-3.806 0.0311 -0.0271
-3.796 0.0314 -0.025
-3.786 0.0317 -0.0231
-3.776 0.0322 -0.0214
-3.766 0.0327 -0.0199
-3.756 0.0333 -0.0187
-3.746 0.0341 -0.0176
-3.736 0.0349 -0.0167
-3.726 0.0359 -0.016
-3.716 0.037 -0.0155
-3.706 0.0382 -0.015
-3.696 0.0396 -0.0146
-3.686 0.041 -0.0144
-3.676 0.0425 -0.0141
-3.666 0.044 -0.0139
-3.656 0.0456 -0.0137
-3.646 0.0472 -0.0134
-3.636 0.0489 -0.0131
-3.626 0.0505 -0.0129
-3.616 0.0521 -0.0125
-3.606 0.0537 -0.0122
-3.596 0.0553 -0.0118
-3.586 0.0568 -0.0113
-3.576 0.0583 -0.0109
-3.566 0.0597 -0.0104
-3.556 0.061 -0.01
-3.546 0.0623 -0.00957
-3.536 0.0634 -0.00916
-3.526 0.0645 -0.00878
-3.516 0.0656 -0.00845
-3.506 0.0665 -0.00816
-3.496 0.0673 -0.00792
-3.486 0.0679 -0.00774
-3.476 0.0685 -0.00762
-3.466 0.0689 -0.00755
-3.456 0.0691 -0.00754
-3.446 0.0691 -0.00757
-3.436 0.069 -0.00766
-3.426 0.0687 -0.00779
-3.416 0.0682 -0.00795
-3.406 0.0676 -0.00816
-3.396 0.0668 -0.0084
-3.386 0.0658 -0.00867
-3.376 0.0648 -0.00897
-3.366 0.0636 -0.0093
-3.356 0.0624 -0.00966
-3.346 0.0611 -0.01
-3.336 0.0598 -0.0105
-3.326 0.0585 -0.0109
-3.316 0.0572 -0.0114
-3.306 0.056 -0.0118
-3.296 0.0549 -0.0123
-3.286 0.0539 -0.0128
-3.276 0.0531 -0.0133
-3.266 0.0524 -0.0138
-3.256 0.0518 -0.0143
-3.246 0.0514 -0.0148
-3.236 0.0512 -0.0152
-3.226 0.0511 -0.0156
-3.216 0.0511 -0.0159
-3.206 0.0512 -0.0162
-3.196 0.0515 -0.0165
-3.186 0.0518 -0.0166
-3.176 0.0523 -0.0168
-3.166 0.0527 -0.0169
-3.156 0.0532 -0.0169
-3.146 0.0537 -0.017
-3.136 0.0542 -0.017
-3.126 0.0546 -0.017
-3.116 0.055 -0.017
-3.106 0.0553 -0.017
-3.096 0.0556 -0.0171
-3.086 0.0557 -0.0172
-3.076 0.0558 -0.0174
-3.066 0.0558 -0.0176
-3.056 0.0556 -0.0179
-3.046 0.0554 -0.0182
-3.036 0.0551 -0.0186
-3.026 0.0547 -0.0191
-3.016 0.0542 -0.0197
-3.006 0.0536 -0.0205
-2.996 0.053 -0.0213
-2.986 0.0523 -0.0223
-2.976 0.0516 -0.0234
-2.966 0.0509 -0.0246
-2.956 0.0502 -0.026
-2.946 0.0495 -0.0277
-2.936 0.0488 -0.0295
-2.926 0.0482 -0.0315
-2.916 0.0476 -0.0338
-2.906 0.0471 -0.0363
-2.896 0.0466 -0.039
-2.886 0.0462 -0.042
-2.876 0.0459 -0.0451
-2.866 0.0456 -0.0485
-2.856 0.0454 -0.052
-2.846 0.0452 -0.0556
-2.836 0.045 -0.0594
-2.826 0.0449 -0.0633
-2.816 0.0448 -0.0672
-2.806 0.0447 -0.0712
-2.796 0.0445 -0.0751
-2.786 0.0444 -0.079
-2.776 0.0442 -0.0828
-2.766 0.044 -0.0865
-2.756 0.0438 -0.09
-2.746 0.0435 -0.0934
-2.736 0.0432 -0.0965
-2.726 0.0429 -0.0994
-2.716 0.0425 -0.102
-2.706 0.0422 -0.104
-2.696 0.0418 -0.106
-2.686 0.0415 -0.108
-2.676 0.0412 -0.109
-2.666 0.0409 -0.109
-2.656 0.0406 -0.11
-2.646 0.0404 -0.109
-2.636 0.0402 -0.108
-2.626 0.04 -0.107
-2.616 0.0399 -0.105
-2.606 0.0399 -0.103
-2.596 0.0398 -0.1
-2.586 0.0398 -0.0975
-2.576 0.0398 -0.0943
-2.566 0.0398 -0.0909
-2.556 0.0399 -0.0875
-2.546 0.0399 -0.084
-2.536 0.0399 -0.0805
-2.526 0.0398 -0.0771
-2.516 0.0398 -0.0739
-2.506 0.0396 -0.0709
-2.496 0.0395 -0.0681
-2.486 0.0393 -0.0656
-2.476 0.0391 -0.0633
-2.466 0.0389 -0.0614
-2.456 0.0386 -0.0598
-2.446 0.0383 -0.0584
-2.436 0.0379 -0.0573
-2.426 0.0376 -0.0565
-2.416 0.0373 -0.0559
-2.406 0.0369 -0.0555
-2.396 0.0366 -0.0553
-2.386 0.0363 -0.0553
-2.376 0.0361 -0.0555
-2.366 0.0359 -0.0558
-2.356 0.0357 -0.0562
-2.346 0.0355 -0.0567
-2.336 0.0354 -0.0574
-2.326 0.0353 -0.0581
-2.316 0.0353 -0.0589
-2.306 0.0353 -0.0597
-2.296 0.0353 -0.0607
-2.286 0.0353 -0.0617
-2.276 0.0353 -0.0627
-2.266 0.0354 -0.0637
-2.256 0.0355 -0.0648
-2.246 0.0355 -0.0658
-2.236 0.0356 -0.0669
-2.226 0.0357 -0.0679
-2.216 0.0357 -0.0688
-2.206 0.0358 -0.0698
-2.196 0.0358 -0.0706
-2.186 0.0358 -0.0714
-2.176 0.0358 -0.0721
-2.166 0.0358 -0.0728
-2.156 0.0358 -0.0734
-2.146 0.0358 -0.074
-2.136 0.0358 -0.0745
-2.126 0.0358 -0.075
-2.116 0.0358 -0.0755
-2.106 0.0357 -0.0759
-2.096 0.0357 -0.0764
-2.086 0.0357 -0.0768
-2.076 0.0357 -0.0771
-2.066 0.0357 -0.0775
-2.056 0.0356 -0.0777
-2.046 0.0356 -0.0779
-2.036 0.0356 -0.078
-2.026 0.0356 -0.0779
-2.016 0.0356 -0.0777
-2.006 0.0356 -0.0773
-1.996 0.0355 -0.0768
-1.986 0.0355 -0.076
-1.976 0.0355 -0.0751
-1.966 0.0355 -0.074
-1.956 0.0355 -0.0727
-1.946 0.0355 -0.0713
-1.936 0.0355 -0.0697
-1.926 0.0355 -0.068
-1.916 0.0355 -0.0662
-1.906 0.0356 -0.0643
-1.896 0.0357 -0.0624
-1.886 0.0358 -0.0604
-1.876 0.0359 -0.0585
-1.866 0.0361 -0.0565
-1.856 0.0362 -0.0546
-1.846 0.0364 -0.0528
-1.836 0.0365 -0.051
-1.826 0.0366 -0.0494
-1.816 0.0368 -0.0479
-1.806 0.0368 -0.0465
-1.796 0.0369 -0.0453
-1.786 0.0369 -0.0442
-1.776 0.0368 -0.0434
-1.766 0.0367 -0.0427
-1.756 0.0366 -0.0422
-1.746 0.0364 -0.0419
-1.736 0.0362 -0.0417
-1.726 0.036 -0.0418
-1.716 0.0358 -0.042
-1.706 0.0355 -0.0423
-1.696 0.0354 -0.0428
-1.686 0.0352 -0.0434
-1.676 0.0351 -0.0441
-1.666 0.0351 -0.0449
-1.656 0.0352 -0.0458
-1.646 0.0353 -0.0466
-1.636 0.0356 -0.0475
-1.626 0.0359 -0.0484
-1.616 0.0363 -0.0493
-1.606 0.0368 -0.0502
-1.596 0.0373 -0.0511
-1.586 0.0379 -0.0519
-1.576 0.0386 -0.0526
-1.566 0.0392 -0.0533
-1.556 0.0399 -0.054
-1.546 0.0405 -0.0546
-1.536 0.041 -0.0552
-1.526 0.0416 -0.0557
-1.516 0.042 -0.0561
-1.506 0.0424 -0.0565
-1.496 0.0427 -0.0569
-1.486 0.0429 -0.0572
-1.476 0.0431 -0.0574
-1.466 0.0432 -0.0576
-1.456 0.0432 -0.0577
-1.446 0.0432 -0.0578
-1.436 0.0432 -0.0578
-1.426 0.0431 -0.0578
-1.416 0.0431 -0.0577
-1.406 0.043 -0.0576
-1.396 0.043 -0.0575
-1.386 0.043 -0.0573
-1.376 0.043 -0.057
-1.366 0.043 -0.0568
-1.356 0.0431 -0.0565
-1.346 0.0433 -0.0562
-1.336 0.0434 -0.0559
-1.326 0.0436 -0.0557
-1.316 0.0437 -0.0554
-1.306 0.0439 -0.0552
-1.296 0.0441 -0.0551
-1.286 0.0442 -0.055
-1.276 0.0444 -0.055
-1.266 0.0445 -0.0551
-1.256 0.0445 -0.0553
-1.246 0.0445 -0.0556
-1.236 0.0445 -0.056
-1.226 0.0444 -0.0565
-1.216 0.0443 -0.0571
-1.206 0.0441 -0.0578
-1.196 0.0438 -0.0586
-1.186 0.0436 -0.0594
-1.176 0.0433 -0.0603
-1.166 0.0429 -0.0612
-1.156 0.0426 -0.0621
-1.146 0.0422 -0.063
-1.136 0.0418 -0.0638
-1.126 0.0414 -0.0646
-1.116 0.041 -0.0653
-1.106 0.0406 -0.0658
-1.096 0.0402 -0.0663
-1.086 0.0398 -0.0666
-1.076 0.0394 -0.0669
-1.066 0.039 -0.0669
-1.056 0.0387 -0.0669
-1.046 0.0383 -0.0668
-1.036 0.0379 -0.0666
-1.026 0.0376 -0.0663
-1.016 0.0372 -0.0659
-1.006 0.0368 -0.0656
-0.996 0.0364 -0.0652
-0.986 0.036 -0.0648
-0.976 0.0356 -0.0645
-0.966 0.0352 -0.0643
-0.956 0.0348 -0.0641
-0.946 0.0344 -0.0641
-0.936 0.034 -0.0642
-0.926 0.0337 -0.0644
-0.916 0.0334 -0.0647
-0.906 0.0331 -0.0651
-0.896 0.0329 -0.0657
-0.886 0.0327 -0.0664
-0.876 0.0326 -0.0672
-0.866 0.0326 -0.068
-0.856 0.0326 -0.0689
-0.846 0.0327 -0.0699
-0.836 0.0328 -0.0708
-0.826 0.033 -0.0718
-0.816 0.0332 -0.0726
-0.806 0.0334 -0.0734
-0.796 0.0337 -0.0741
-0.786 0.0339 -0.0746
-0.776 0.0342 -0.0751
-0.766 0.0343 -0.0753
-0.756 0.0344 -0.0755
-0.746 0.0345 -0.0754
-0.736 0.0345 -0.0752
-0.726 0.0343 -0.0749
-0.716 0.0341 -0.0745
-0.706 0.0338 -0.0739
-0.696 0.0334 -0.0733
-0.686 0.0329 -0.0725
-0.676 0.0324 -0.0718
-0.666 0.0318 -0.071
-0.656 0.0312 -0.0702
-0.646 0.0305 -0.0694
-0.636 0.0299 -0.0687
-0.626 0.0293 -0.068
-0.616 0.0287 -0.0674
-0.606 0.0282 -0.0669
-0.596 0.0277 -0.0665
-0.586 0.0273 -0.0662
-0.576 0.0271 -0.066
-0.566 0.0269 -0.066
-0.556 0.0268 -0.0661
-0.546 0.0268 -0.0663
-0.536 0.0269 -0.0666
-0.526 0.0271 -0.0671
-0.516 0.0274 -0.0677
-0.506 0.0277 -0.0684
-0.496 0.028 -0.0691
-0.486 0.0284 -0.0699
-0.476 0.0288 -0.0706
-0.466 0.0292 -0.0713
-0.456 0.0296 -0.072
-0.446 0.03 -0.0725
-0.436 0.0304 -0.0729
-0.426 0.0308 -0.0731
-0.416 0.0311 -0.0731
-0.406 0.0314 -0.0729
-0.396 0.0317 -0.0725
-0.386 0.032 -0.0718
-0.376 0.0323 -0.071
-0.366 0.0325 -0.0701
-0.356 0.0328 -0.0689
-0.346 0.0331 -0.0677
-0.336 0.0333 -0.0663
-0.326 0.0336 -0.0649
-0.316 0.0339 -0.0635
-0.306 0.0343 -0.0621
-0.296 0.0347 -0.0606
-0.286 0.0351 -0.0592
-0.276 0.0355 -0.0578
-0.266 0.0359 -0.0564
-0.256 0.0363 -0.055
-0.246 0.0368 -0.0537
-0.236 0.0372 -0.0523
-0.226 0.0376 -0.051
-0.216 0.038 -0.0496
-0.206 0.0384 -0.0482
-0.196 0.0387 -0.0468
-0.186 0.039 -0.0453
-0.176 0.0393 -0.0439
-0.166 0.0395 -0.0424
-0.156 0.0397 -0.041
-0.146 0.0398 -0.0396
-0.136 0.0399 -0.0382
-0.126 0.0401 -0.0369
-0.116 0.0402 -0.0357
-0.106 0.0403 -0.0347
-0.096 0.0404 -0.0337
-0.086 0.0405 -0.0329
-0.076 0.0407 -0.0322
-0.066 0.0409 -0.0317
-0.056 0.0412 -0.0313
-0.046 0.0415 -0.0311
-0.036 0.0418 -0.0311
-0.026 0.0422 -0.0312
-0.016 0.0426 -0.0314
-0.006 0.043 -0.0318
0.004 0.0434 -0.0322
0.014 0.0438 -0.0328
0.024 0.0441 -0.0334
0.034 0.0444 -0.0341
0.044 0.0445 -0.0348
0.054 0.0446 -0.0355
0.064 0.0445 -0.0363
0.074 0.0443 -0.037
0.084 0.0439 -0.0378
0.094 0.0434 -0.0386
0.104 0.0427 -0.0394
0.114 0.042 -0.0401
0.124 0.0411 -0.0409
0.134 0.0401 -0.0417
0.144 0.0391 -0.0425
0.154 0.0381 -0.0433
0.164 0.0371 -0.044
0.174 0.0362 -0.0448
0.184 0.0353 -0.0456
0.194 0.0346 -0.0463
0.204 0.0339 -0.0471
0.214 0.0335 -0.0478
0.224 0.0332 -0.0485
0.234 0.0332 -0.0491
0.244 0.0333 -0.0497
0.254 0.0336 -0.0503
0.264 0.0341 -0.0508
0.274 0.0348 -0.0513
0.284 0.0357 -0.0517
0.294 0.0368 -0.052
0.304 0.038 -0.0523
0.314 0.0393 -0.0525
0.324 0.0408 -0.0527
0.334 0.0423 -0.0528
0.344 0.044 -0.0529
0.354 0.0458 -0.053
0.364 0.0477 -0.053
0.374 0.0496 -0.0529
0.384 0.0517 -0.0529
0.394 0.0537 -0.0528
0.404 0.0559 -0.0527
0.414 0.058 -0.0525
0.424 0.0602 -0.0523
0.434 0.0624 -0.0521
0.444 0.0646 -0.0519
0.454 0.0667 -0.0516
0.464 0.0687 -0.0513
0.474 0.0706 -0.051
0.484 0.0724 -0.0507
0.494 0.074 -0.0503
0.504 0.0754 -0.05
0.514 0.0765 -0.0497
0.524 0.0773 -0.0495
0.534 0.0777 -0.0493
0.544 0.0779 -0.0492
0.554 0.0777 -0.0492
0.564 0.0771 -0.0493
0.574 0.0762 -0.0494
0.584 0.0749 -0.0498
0.594 0.0734 -0.0502
0.604 0.0716 -0.0508
0.614 0.0696 -0.0516
0.624 0.0674 -0.0525
0.634 0.0651 -0.0535
0.644 0.0628 -0.0547
0.654 0.0605 -0.0559
0.664 0.0582 -0.0573
0.674 0.0561 -0.0588
0.684 0.0542 -0.0603
0.694 0.0525 -0.0619
0.704 0.0511 -0.0635
0.714 0.0499 -0.0652
0.724 0.049 -0.0668
0.734 0.0485 -0.0683
0.744 0.0482 -0.0699
0.754 0.0481 -0.0713
0.764 0.0484 -0.0726
0.774 0.0488 -0.0737
0.784 0.0495 -0.0748
0.794 0.0504 -0.0756
0.804 0.0514 -0.0763
0.814 0.0525 -0.0767
0.824 0.0536 -0.0769
0.834 0.0549 -0.077
0.844 0.0561 -0.0767
0.854 0.0572 -0.0763
0.864 0.0583 -0.0757
0.874 0.0593 -0.0749
0.884 0.0601 -0.0738
0.894 0.0608 -0.0726
0.904 0.0613 -0.0713
0.914 0.0615 -0.0698
0.924 0.0615 -0.0682
0.934 0.0612 -0.0665
0.944 0.0607 -0.0648
0.954 0.0599 -0.063
0.964 0.0588 -0.0613
0.974 0.0575 -0.0595
0.984 0.0561 -0.0577
0.994 0.0544 -0.0559
1.004 0.0526 -0.0542
1.014 0.0507 -0.0526
1.024 0.0488 -0.051
1.034 0.0469 -0.0495
1.044 0.0451 -0.048
1.054 0.0434 -0.0466
1.064 0.0419 -0.0452
1.074 0.0406 -0.0439
1.084 0.0396 -0.0427
1.094 0.0389 -0.0416
1.104 0.0386 -0.0405
1.114 0.0386 -0.0395
1.124 0.039 -0.0386
1.134 0.0397 -0.0378
1.144 0.0408 -0.037
1.154 0.0422 -0.0364
1.164 0.0438 -0.0358
1.174 0.0457 -0.0354
1.184 0.0476 -0.035
1.194 0.0497 -0.0347
1.204 0.0517 -0.0346
1.214 0.0536 -0.0345
1.224 0.0554 -0.0345
1.234 0.057 -0.0345
1.244 0.0583 -0.0346
1.254 0.0593 -0.0348
1.264 0.0599 -0.035
1.274 0.0601 -0.0352
1.284 0.0599 -0.0354
1.294 0.0593 -0.0356
1.304 0.0584 -0.0359
1.314 0.0571 -0.0361
1.324 0.0554 -0.0363
1.334 0.0536 -0.0365
1.344 0.0515 -0.0366
1.354 0.0494 -0.0368
1.364 0.0471 -0.0369
1.374 0.0448 -0.0369
1.384 0.0426 -0.037
1.394 0.0404 -0.037
1.404 0.0384 -0.037
1.414 0.0366 -0.0369
1.424 0.0349 -0.0369
1.434 0.0335 -0.0368
1.444 0.0322 -0.0367
1.454 0.0312 -0.0366
1.464 0.0305 -0.0364
1.474 0.0299 -0.0362
1.484 0.0295 -0.036
1.494 0.0293 -0.0358
1.504 0.0292 -0.0356
1.514 0.0293 -0.0354
1.524 0.0295 -0.0352
1.534 0.0297 -0.035
1.544 0.0301 -0.0348
1.554 0.0305 -0.0346
1.564 0.0309 -0.0344
1.574 0.0314 -0.0343
1.584 0.0319 -0.0343
1.594 0.0325 -0.0343
1.604 0.0331 -0.0343
1.614 0.0339 -0.0344
1.624 0.0347 -0.0346
1.634 0.0356 -0.0349
1.644 0.0366 -0.0352
1.654 0.0377 -0.0356
1.664 0.039 -0.036
1.674 0.0405 -0.0365
1.684 0.0422 -0.037
1.694 0.044 -0.0376
1.704 0.046 -0.0382
1.714 0.0483 -0.0388
1.724 0.0507 -0.0394
1.734 0.0533 -0.04
1.744 0.0561 -0.0406
1.754 0.0591 -0.0412
1.764 0.0623 -0.0418
1.774 0.0656 -0.0424
1.784 0.0692 -0.043
1.794 0.0729 -0.0436
1.804 0.0767 -0.0442
1.814 0.0808 -0.0448
1.824 0.0849 -0.0454
1.834 0.0892 -0.046
1.844 0.0937 -0.0467
1.854 0.0982 -0.0474
1.864 0.103 -0.0481
1.874 0.108 -0.0488
1.884 0.112 -0.0496
1.894 0.117 -0.0503
1.904 0.122 -0.051
1.914 0.127 -0.0517
1.924 0.131 -0.0523
1.934 0.136 -0.0528
1.944 0.14 -0.0533
1.954 0.144 -0.0538
1.964 0.147 -0.0541
1.974 0.151 -0.0543
1.984 0.153 -0.0545
1.994 0.156 -0.0546
2.004 0.157 -0.0546
2.014 0.158 -0.0545
2.024 0.159 -0.0544
2.034 0.159 -0.0543
2.044 0.158 -0.0541
2.054 0.157 -0.0539
2.064 0.155 -0.0537
2.074 0.153 -0.0536
2.084 0.15 -0.0534
2.094 0.147 -0.0533
2.104 0.143 -0.0533
2.114 0.139 -0.0532
2.124 0.135 -0.0533
2.134 0.131 -0.0534
2.144 0.127 -0.0535
2.154 0.123 -0.0537
2.164 0.119 -0.0539
2.174 0.115 -0.0542
2.184 0.111 -0.0545
2.194 0.107 -0.0549
2.204 0.104 -0.0553
2.214 0.101 -0.0557
2.224 0.0981 -0.0561
2.234 0.0957 -0.0566
2.244 0.0937 -0.0571
2.254 0.0923 -0.0577
2.264 0.0914 -0.0582
2.274 0.0911 -0.0587
2.284 0.0915 -0.0593
2.294 0.0926 -0.0599
2.304 0.0945 -0.0604
2.314 0.0971 -0.061
2.324 0.1 -0.0616
2.334 0.104 -0.0623
2.344 0.109 -0.0629
2.354 0.114 -0.0636
2.364 0.119 -0.0643
2.374 0.124 -0.0651
2.384 0.129 -0.0659
2.394 0.134 -0.0668
2.404 0.139 -0.0677
2.414 0.143 -0.0687
2.424 0.146 -0.0699
2.434 0.148 -0.0711
2.444 0.15 -0.0723
2.454 0.15 -0.0737
2.464 0.149 -0.0752
2.474 0.147 -0.0767
2.484 0.144 -0.0783
2.494 0.14 -0.0799
2.504 0.135 -0.0816
2.514 0.129 -0.0834
2.524 0.123 -0.0852
2.534 0.116 -0.087
2.544 0.108 -0.0889
2.554 0.101 -0.0909
2.564 0.0928 -0.0928
2.574 0.0852 -0.0948
2.584 0.0777 -0.0969
2.594 0.0707 -0.0989
2.604 0.0641 -0.101
2.614 0.0581 -0.103
2.624 0.0528 -0.105
2.634 0.0483 -0.107
2.644 0.0445 -0.109
2.654 0.0416 -0.11
2.664 0.0395 -0.112
2.674 0.0383 -0.113
2.684 0.0378 -0.113
2.694 0.038 -0.114
2.704 0.0389 -0.114
2.714 0.0403 -0.113
2.724 0.0422 -0.112
2.734 0.0444 -0.111
2.744 0.0469 -0.109
2.754 0.0495 -0.107
2.764 0.052 -0.105
2.774 0.0544 -0.102
2.784 0.0565 -0.0994
2.794 0.0582 -0.0968
2.804 0.0595 -0.0943
2.814 0.0602 -0.092
2.824 0.0603 -0.09
2.834 0.0599 -0.0884
2.844 0.0589 -0.0871
2.854 0.0572 -0.0862
2.864 0.0551 -0.0858
2.874 0.0524 -0.0857
2.884 0.0494 -0.0859
2.894 0.0461 -0.0864
2.904 0.0425 -0.0871
2.914 0.0387 -0.0878
2.924 0.035 -0.0885
2.934 0.0312 -0.0892
2.944 0.0276 -0.0896
2.954 0.0241 -0.0898
2.964 0.0208 -0.0898
2.974 0.0178 -0.0896
2.984 0.0151 -0.0891
2.994 0.0126 -0.0884
3.004 0.0104 -0.0877
3.014 0.00855 -0.087
3.024 0.00693 -0.0865
3.034 0.00555 -0.0864
3.044 0.0044 -0.0867
3.054 0.00345 -0.0877
3.064 0.00268 -0.0895
3.074 0.00206 -0.0923
3.084 0.00156 -0.0962
3.094 0.00117 -0.101
3.104 0.000872 -0.108
3.114 0.000641 -0.116
3.124 0.000466 -0.126
3.134 0.000335 -0.137
3.144 0.000239 -0.149
3.154 0.000168 -0.163
3.164 0.000117 -0.178
3.174 8.06e-05 -0.195
3.184 5.49e-05 -0.212
3.194 3.7e-05 -0.231
3.204 2.47e-05 -0.25
3.214 1.63e-05 -0.269
3.224 1.06e-05 -0.289
3.234 6.87e-06 -0.308
3.244 4.39e-06 -0.327
3.254 2.77e-06 -0.345
3.264 1.73e-06 -0.361
3.274 1.07e-06 -0.377
3.284 6.56e-07 -0.39
3.294 3.97e-07 -0.402
3.304 2.38e-07 -0.411
3.314 1.41e-07 -0.418
3.324 8.25e-08 -0.422
3.334 4.78e-08 -0.424
3.344 2.74e-08 -0.424
3.354 1.56e-08 -0.421
3.364 8.73e-09 -0.415
3.374 4.84e-09 -0.407
3.384 2.66e-09 -0.397
3.394 1.44e-09 -0.386
3.404 7.76e-10 -0.372
3.414 4.13e-10 -0.357
3.424 2.17e-10 -0.342
3.434 1.13e-10 -0.325
3.444 5.81e-11 -0.308
3.454 2.96e-11 -0.291
3.464 1.49e-11 -0.273
3.474 7.43e-12 -0.256
3.484 3.66e-12 -0.239
3.494 1.78e-12 -0.223
3.504 8.61e-13 -0.207
3.514 4.11e-13 -0.192
3.524 0.0 -0.178
3.534 0.0 -0.165
3.544 0.0 -0.153
3.554 0.0 -0.142
3.564 0.0 -0.132
3.574 0.0 -0.122
3.584 0.0 -0.114
3.594 0.0 -0.106
3.604 0.0 -0.0997
3.614 0.0 -0.094
3.624 0.0 -0.0892
3.634 0.0 -0.0851
3.644 0.0 -0.0818
3.654 0.0 -0.0793
3.664 0.0 -0.0775
3.674 0.0 -0.0764
3.684 0.0 -0.076
3.694 0.0 -0.0762
3.704 0.0 -0.0769
3.714 0.0 -0.0781
3.724 0.0 -0.0798
3.734 0.0 -0.0818
3.744 0.0 -0.0842
3.754 0.0 -0.0869
3.764 0.0 -0.0897
3.774 0.0 -0.0926
3.784 0.0 -0.0955
3.794 0.0 -0.0983
3.804 0.0 -0.101
3.814 0.0 -0.103
3.824 0.0 -0.105
3.834 0.0 -0.107
3.844 0.0 -0.107
3.854 0.0 -0.108
3.864 0.0 -0.107
3.874 0.0 -0.106
3.884 0.0 -0.104
3.894 0.0 -0.101
3.904 0.0 -0.0978
3.914 0.0 -0.0937
3.924 0.0 -0.0891
3.934 0.0 -0.0839
3.944 0.0 -0.0783
3.954 0.0 -0.0725
3.964 0.0 -0.0665
3.974 0.0 -0.0604
3.984 0.0 -0.0543
3.994 0.0 -0.0484
4.004 0.0 -0.0427
4.014 0.0 -0.0373
4.024 0.0 -0.0323
4.034 0.0 -0.0276
4.044 0.0 -0.0234
4.054 0.0 -0.0197
4.064 0.0 -0.0163
4.074 0.0 -0.0134
4.084 0.0 -0.0109
4.094 0.0 -0.00881
4.104 0.0 -0.00703
4.114 0.0 -0.00555
4.124 0.0 -0.00433
4.134 0.0 -0.00335
4.144 0.0 -0.00256
4.154 0.0 -0.00194
4.164 0.0 -0.00145
4.174 0.0 -0.00108
4.184 0.0 -0.000789
4.194 0.0 -0.000572
4.204 0.0 -0.000411
4.214 0.0 -0.000292
4.224 0.0 -0.000205
4.234 0.0 -0.000143
4.244 0.0 -9.83e-05
4.254 0.0 -6.69e-05
4.264 0.0 -4.51e-05
4.274 0.0 -3.01e-05
4.284 0.0 -1.98e-05
4.294 0.0 -1.3e-05
4.304 0.0 -8.36e-06
4.314 0.0 -5.34e-06
