ATOMIC_POSITIONS (angstrom)
Fe2      4.173945418   2.185566501   1.494282248
O        6.064552617   4.051117427   3.926539926
Fe1      1.688730708   0.884256213   0.604567865
Fe2      7.551157099   3.953948403   2.703325759
Fe1     10.036371773   5.255258671   3.593030174
O        7.670135020   2.062740241   2.349951632
O        6.784197534   4.630264899   1.069289230
O        5.660549900   2.088397477   0.271068080
O        4.054977518   4.076774696   1.847646441
O        4.940904947   1.509249985   3.128308808
