30.7
30.7
40.4
40.4
47.0
47.0
50.8
55.4
55.4
58.9
62.8
62.8
66.9
75.8
80.3
80.3
88.8
88.8
89.5
94.4
94.4
97.1
109.5
115.3
115.7
115.7
120.9
120.9
121.1
127.8
129.0
129.0
132.0
134.1
134.1
138.2
138.2
141.4
148.4
148.4
155.2
157.3
157.3
159.2
174.8
176.0
176.0
182.1
187.6
187.6
193.1
194.9
194.9
197.3
197.3
205.2
222.1
222.1
228.3
228.3
228.3
246.2
248.7
248.7
252.2
271.8
276.3
276.3
285.6
285.6
286.3
292.2
296.5
296.5
299.7
299.7
299.8
308.9
311.4
311.5
311.5
315.0
315.0
320.3
320.9
320.9
324.4
325.1
325.1
327.1
331.6
331.6
335.8
336.1
336.1
339.6
344.0
344.0
351.7
351.7
353.1
356.1
356.1
363.6
363.6
363.9
370.6
370.6
378.8
393.8
774.2
774.2
780.8
780.8
786.8
793.2
793.2
811.8
818.3
818.3
821.4
826.3
826.3
828.3
836.8
840.0
840.0
843.1
843.1
845.9
854.4
854.4
864.3
937.9
937.9
940.2
941.6
941.6
945.3
949.2
949.2
957.6
964.3
967.5
970.7
970.7
