-21.1569 2.04e-20 -3.82e-16
-21.1469 3.79e-20 -5.84e-16
-21.1369 6.95e-20 -8.84e-16
-21.1269 1.26e-19 -1.32e-15
-21.1169 2.26e-19 -1.96e-15
-21.1069 4.01e-19 -2.87e-15
-21.0969 7.04e-19 -4.15e-15
-21.0869 1.22e-18 -5.95e-15
-21.0769 2.1e-18 -8.44e-15
-21.0669 3.57e-18 -1.18e-14
-21.0569 6.01e-18 -1.64e-14
-21.0469 1e-17 -2.26e-14
-21.0369 1.65e-17 -3.06e-14
-21.0269 2.68e-17 -4.11e-14
-21.0169 4.31e-17 -5.47e-14
-21.0069 6.87e-17 -7.19e-14
-20.9969 1.08e-16 -9.35e-14
-20.9869 1.69e-16 -1.2e-13
-20.9769 2.61e-16 -1.53e-13
-20.9669 3.97e-16 -1.93e-13
-20.9569 6e-16 -2.4e-13
-20.9469 8.96e-16 -2.96e-13
-20.9369 1.32e-15 -3.6e-13
-20.9269 1.93e-15 -4.34e-13
-20.9169 2.8e-15 -5.18e-13
-20.9069 4e-15 -6.12e-13
-20.8969 5.66e-15 -7.14e-13
-20.8869 7.91e-15 -8.24e-13
-20.8769 1.1e-14 -9.42e-13
-20.8669 1.5e-14 -1.06e-12
-20.8569 2.03e-14 -1.19e-12
-20.8469 2.72e-14 -1.32e-12
-20.8369 3.61e-14 -1.44e-12
-20.8269 4.74e-14 -1.56e-12
-20.8169 6.15e-14 -1.67e-12
-20.8069 7.89e-14 -1.77e-12
-20.7969 1e-13 -1.85e-12
-20.7869 1.26e-13 -1.92e-12
-20.7769 1.56e-13 -1.97e-12
-20.7669 1.92e-13 -1.99e-12
-20.7569 2.34e-13 -2e-12
-20.7469 2.81e-13 -1.99e-12
-20.7369 3.35e-13 -1.95e-12
-20.7269 3.94e-13 -1.9e-12
-20.7169 4.59e-13 -1.82e-12
-20.7069 5.29e-13 -1.73e-12
-20.6969 6.03e-13 -1.63e-12
-20.6869 6.8e-13 -1.52e-12
-20.6769 7.58e-13 -1.39e-12
-20.6669 8.36e-13 -1.27e-12
-20.6569 9.13e-13 -1.14e-12
-20.6469 9.86e-13 -1.02e-12
-20.6369 1.05e-12 -8.98e-13
-20.6269 1.11e-12 -7.83e-13
-20.6169 1.16e-12 -6.75e-13
-20.6069 1.2e-12 -5.76e-13
-20.5969 1.23e-12 -4.86e-13
-20.5869 1.25e-12 -4.06e-13
-20.5769 1.25e-12 -3.36e-13
-20.5669 1.24e-12 -2.74e-13
-20.5569 1.21e-12 -2.22e-13
-20.5469 1.17e-12 -1.77e-13
-20.5369 1.12e-12 -1.4e-13
-20.5269 1.07e-12 -1.1e-13
-20.5169 1e-12 -8.5e-14
-20.5069 9.29e-13 -6.51e-14
-20.4969 8.53e-13 -4.93e-14
-20.4869 7.75e-13 -3.7e-14
-20.4769 6.96e-13 -2.74e-14
-20.4669 6.19e-13 -2.01e-14
-20.4569 5.44e-13 -1.07e-11
-20.4469 4.74e-13 -2.25e-11
-20.4369 4.08e-13 -4.65e-11
-20.4269 3.47e-13 -9.55e-11
-20.4169 2.92e-13 -1.94e-10
-20.4069 2.44e-13 -3.89e-10
-20.3969 2.01e-13 -7.72e-10
-20.3869 1.64e-13 -1.52e-09
-20.3769 1.32e-13 -2.94e-09
-20.3669 1.05e-13 -5.66e-09
-20.3569 8.32e-14 -1.08e-08
-20.3469 6.49e-14 -2.02e-08
-20.3369 5.02e-14 -3.77e-08
-20.3269 3.83e-14 -6.93e-08
-20.3169 2.9e-14 -1.26e-07
-20.3069 2.17e-14 -2.27e-07
-20.2969 1.6e-14 -4.05e-07
-20.2869 1.17e-14 -7.14e-07
-20.2769 8.5e-15 -1.25e-06
-20.2669 6.08e-15 -2.15e-06
-20.2569 4.31e-15 -3.67e-06
-20.2469 3.02e-15 -6.19e-06
-20.2369 1.29e-11 -1.03e-05
-20.2269 2.69e-11 -1.71e-05
-20.2169 5.56e-11 -2.79e-05
-20.2069 1.14e-10 -4.52e-05
-20.1969 2.3e-10 -7.23e-05
-20.1869 4.61e-10 -0.000114
-20.1769 9.12e-10 -0.000179
-20.1669 1.79e-09 -0.000277
-20.1569 3.46e-09 -0.000425
-20.1469 6.64e-09 -0.000643
-20.1369 1.26e-08 -0.000965
-20.1269 2.36e-08 -0.00143
-20.1169 4.39e-08 -0.0021
-20.1069 8.06e-08 -0.00305
-20.0969 1.46e-07 -0.00437
-20.0869 2.63e-07 -0.00621
-20.0769 4.67e-07 -0.00873
-20.0669 8.22e-07 -0.0121
-20.0569 1.43e-06 -0.0167
-20.0469 2.46e-06 -0.0227
-20.0369 4.19e-06 -0.0305
-20.0269 7.05e-06 -0.0406
-20.0169 1.18e-05 -0.0535
-20.0069 1.94e-05 -0.0697
-19.9969 3.16e-05 -0.0899
-19.9869 5.09e-05 -0.115
-19.9769 8.13e-05 -0.144
-19.9669 0.000128 -0.18
-19.9569 0.0002 -0.222
-19.9469 0.000309 -0.272
-19.9369 0.000473 -0.328
-19.9269 0.000715 -0.392
-19.9169 0.00107 -0.463
-19.9069 0.00158 -0.542
-19.8969 0.00231 -0.627
-19.8869 0.00335 -0.717
-19.8769 0.0048 -0.812
-19.8669 0.0068 -0.909
-19.8569 0.00953 -1.01
-19.8469 0.0132 -1.1
-19.8369 0.0181 -1.2
-19.8269 0.0246 -1.28
-19.8169 0.033 -1.36
-19.8069 0.0438 -1.43
-19.7969 0.0576 -1.48
-19.7869 0.0748 -1.52
-19.7769 0.0961 -1.55
-19.7669 0.122 -1.56
-19.7569 0.154 -1.55
-19.7469 0.191 -1.52
-19.7369 0.236 -1.48
-19.7269 0.287 -1.43
-19.7169 0.346 -1.36
-19.7069 0.412 -1.28
-19.6969 0.486 -1.19
-19.6869 0.567 -1.1
-19.6769 0.654 -1
-19.6669 0.746 -0.905
-19.6569 0.843 -0.807
-19.6469 0.942 -0.713
-19.6369 1.04 -0.623
-19.6269 1.14 -0.538
-19.6169 1.23 -0.46
-19.6069 1.32 -0.389
-19.5969 1.39 -0.325
-19.5869 1.46 -0.269
-19.5769 1.51 -0.22
-19.5669 1.55 -0.178
-19.5569 1.57 -0.143
-19.5469 1.57 -0.113
-19.5369 1.56 -0.0888
-19.5269 1.53 -0.0689
-19.5169 1.49 -0.0529
-19.5069 1.43 -0.0401
-19.4969 1.35 -0.0301
-19.4869 1.27 -0.0224
-19.4769 1.18 -0.0164
-19.4669 1.09 -0.012
-19.4569 0.99 -0.00859
-19.4469 0.891 -0.00611
-19.4369 0.793 -0.0043
-19.4269 0.699 -0.003
-19.4169 0.609 -0.00206
-19.4069 0.525 -0.00141
-19.3969 0.447 -0.000947
-19.3869 0.377 -0.000631
-19.3769 0.315 -0.000416
-19.3669 0.26 -0.000272
-19.3569 0.212 -0.000175
-19.3469 0.171 -0.000112
-19.3369 0.137 -7.07e-05
-19.3269 0.108 -4.42e-05
-19.3169 0.0847 -2.73e-05
-19.3069 0.0655 -1.67e-05
-19.2969 0.0502 -1.01e-05
-19.2869 0.038 -6.05e-06
-19.2769 0.0284 -3.58e-06
-19.2669 0.0211 -2.1e-06
-19.2569 0.0154 -1.21e-06
-19.2469 0.0112 -6.96e-07
-19.2369 0.00803 -3.95e-07
-19.2269 0.0057 -2.21e-07
-19.2169 0.004 -1.23e-07
-19.2069 0.00278 -6.74e-08
-19.1969 0.00191 -3.66e-08
-19.1869 0.0013 -1.97e-08
-19.1769 0.000872 -1.04e-08
-19.1669 0.00058 -5.49e-09
-19.1569 0.000382 -2.86e-09
-19.1469 0.000248 -1.47e-09
-19.1369 0.00016 -7.48e-10
-19.1269 0.000102 -3.76e-10
-19.1169 6.42e-05 -1.87e-10
-19.1069 4e-05 -9.24e-11
-19.0969 2.47e-05 -4.5e-11
-19.0869 1.5e-05 -2.17e-11
-19.0769 9.08e-06 -1.04e-11
-19.0669 5.42e-06 0
-19.0569 3.2e-06 0
-19.0469 1.87e-06 0
-19.0369 1.08e-06 0
-19.0269 6.17e-07 0
-19.0169 3.49e-07 0
-19.0069 1.95e-07 0
-18.9969 1.08e-07 0
-18.9869 5.92e-08 0
-18.9769 3.21e-08 0
-18.9669 1.72e-08 0
-18.9569 9.11e-09 0
-18.9469 4.77e-09 0
-18.9369 2.48e-09 0
-18.9269 1.27e-09 0
-18.9169 6.45e-10 0
-18.9069 3.24e-10 0
-18.8969 1.61e-10 0
-18.8869 7.91e-11 0
-18.8769 3.85e-11 0
-18.8669 1.85e-11 0
-18.8569 8.8e-12 0
-18.8469 0.0 0
-18.8369 0.0 0
-18.8269 0.0 0
-18.8169 0.0 0
-18.8069 0.0 0
-18.7969 0.0 0
-18.7869 0.0 0
-18.7769 0.0 0
-18.7669 0.0 0
-18.7569 0.0 0
-18.7469 0.0 0
-18.7369 0.0 0
-18.7269 0.0 0
-18.7169 0.0 0
-18.7069 0.0 0
-18.6969 0.0 0
-18.6869 0.0 0
-18.6769 0.0 0
-18.6669 0.0 0
-18.6569 0.0 0
-18.6469 0.0 0
-18.6369 0.0 0
-18.6269 0.0 0
-18.6169 0.0 0
-18.6069 0.0 0
-18.5969 0.0 0
-18.5869 0.0 0
-18.5769 0.0 0
-18.5669 0.0 0
-18.5569 0.0 0
-18.5469 0.0 0
-18.5369 0.0 0
-18.5269 0.0 0
-18.5169 0.0 0
-18.5069 0.0 0
-18.4969 0.0 0
-18.4869 0.0 0
-18.4769 0.0 0
-18.4669 0.0 0
-18.4569 0.0 0
-18.4469 0.0 0
-18.4369 0.0 0
-18.4269 0.0 0
-18.4169 0.0 0
-18.4069 0.0 0
-18.3969 0.0 0
-18.3869 0.0 0
-18.3769 0.0 0
-18.3669 0.0 0
-18.3569 0.0 0
-18.3469 0.0 0
-18.3369 0.0 0
-18.3269 0.0 0
-18.3169 0.0 0
-18.3069 0.0 0
-18.2969 0.0 0
-18.2869 0.0 0
-18.2769 0.0 0
-18.2669 0.0 0
-18.2569 0.0 0
-18.2469 0.0 0
-18.2369 0.0 0
-18.2269 0.0 0
-18.2169 0.0 0
-18.2069 0.0 0
-18.1969 0.0 0
-18.1869 0.0 0
-18.1769 0.0 0
-18.1669 0.0 0
-18.1569 0.0 0
-18.1469 0.0 0
-18.1369 0.0 0
-18.1269 0.0 0
-18.1169 0.0 0
-18.1069 0.0 0
-18.0969 0.0 0
-18.0869 0.0 0
-18.0769 0.0 0
-18.0669 0.0 0
-18.0569 0.0 0
-18.0469 0.0 0
-18.0369 0.0 0
-18.0269 0.0 0
-18.0169 0.0 0
-18.0069 0.0 0
-17.9969 0.0 0
-17.9869 0.0 0
-17.9769 0.0 0
-17.9669 0.0 0
-17.9569 0.0 0
-17.9469 0.0 0
-17.9369 0.0 0
-17.9269 0.0 0
-17.9169 0.0 0
-17.9069 0.0 0
-17.8969 0.0 0
-17.8869 0.0 0
-17.8769 0.0 0
-17.8669 0.0 0
-17.8569 0.0 0
-17.8469 0.0 0
-17.8369 0.0 0
-17.8269 0.0 0
-17.8169 0.0 0
-17.8069 0.0 0
-17.7969 0.0 0
-17.7869 0.0 0
-17.7769 0.0 0
-17.7669 0.0 0
-17.7569 0.0 0
-17.7469 0.0 0
-17.7369 0.0 0
-17.7269 0.0 0
-17.7169 0.0 0
-17.7069 0.0 0
-17.6969 0.0 0
-17.6869 0.0 0
-17.6769 0.0 0
-17.6669 0.0 0
-17.6569 0.0 0
-17.6469 0.0 0
-17.6369 0.0 0
-17.6269 0.0 0
-17.6169 0.0 0
-17.6069 0.0 0
-17.5969 0.0 0
-17.5869 0.0 0
-17.5769 0.0 0
-17.5669 0.0 0
-17.5569 0.0 0
-17.5469 0.0 0
-17.5369 0.0 0
-17.5269 0.0 0
-17.5169 0.0 0
-17.5069 0.0 0
-17.4969 0.0 0
-17.4869 0.0 0
-17.4769 0.0 0
-17.4669 0.0 0
-17.4569 0.0 0
-17.4469 0.0 0
-17.4369 0.0 0
-17.4269 0.0 0
-17.4169 0.0 0
-17.4069 0.0 0
-17.3969 0.0 0
-17.3869 0.0 0
-17.3769 0.0 0
-17.3669 0.0 0
-17.3569 0.0 0
-17.3469 0.0 0
-17.3369 0.0 0
-17.3269 0.0 0
-17.3169 0.0 0
-17.3069 0.0 0
-17.2969 0.0 0
-17.2869 0.0 0
-17.2769 0.0 0
-17.2669 0.0 0
-17.2569 0.0 0
-17.2469 0.0 0
-17.2369 0.0 0
-17.2269 0.0 0
-17.2169 0.0 0
-17.2069 0.0 0
-17.1969 0.0 0
-17.1869 0.0 0
-17.1769 0.0 0
-17.1669 0.0 0
-17.1569 0.0 0
-17.1469 0.0 0
-17.1369 0.0 0
-17.1269 0.0 0
-17.1169 0.0 0
-17.1069 0.0 0
-17.0969 0.0 0
-17.0869 0.0 0
-17.0769 0.0 0
-17.0669 0.0 0
-17.0569 0.0 0
-17.0469 0.0 0
-17.0369 0.0 0
-17.0269 0.0 0
-17.0169 0.0 0
-17.0069 0.0 0
-16.9969 0.0 0
-16.9869 0.0 0
-16.9769 0.0 0
-16.9669 0.0 0
-16.9569 0.0 0
-16.9469 0.0 0
-16.9369 0.0 0
-16.9269 0.0 0
-16.9169 0.0 0
-16.9069 0.0 0
-16.8969 0.0 0
-16.8869 0.0 0
-16.8769 0.0 0
-16.8669 0.0 0
-16.8569 0.0 0
-16.8469 0.0 0
-16.8369 0.0 0
-16.8269 0.0 0
-16.8169 0.0 0
-16.8069 0.0 0
-16.7969 0.0 0
-16.7869 0.0 0
-16.7769 0.0 0
-16.7669 0.0 0
-16.7569 0.0 0
-16.7469 0.0 0
-16.7369 0.0 0
-16.7269 0.0 0
-16.7169 0.0 0
-16.7069 0.0 0
-16.6969 0.0 0
-16.6869 0.0 0
-16.6769 0.0 0
-16.6669 0.0 0
-16.6569 0.0 0
-16.6469 0.0 0
-16.6369 0.0 0
-16.6269 0.0 0
-16.6169 0.0 0
-16.6069 0.0 0
-16.5969 0.0 0
-16.5869 0.0 0
-16.5769 0.0 0
-16.5669 0.0 0
-16.5569 0.0 0
-16.5469 0.0 0
-16.5369 0.0 0
-16.5269 0.0 0
-16.5169 0.0 0
-16.5069 0.0 0
-16.4969 0.0 0
-16.4869 0.0 0
-16.4769 0.0 0
-16.4669 0.0 0
-16.4569 0.0 0
-16.4469 0.0 0
-16.4369 0.0 0
-16.4269 0.0 0
-16.4169 0.0 0
-16.4069 0.0 0
-16.3969 0.0 0
-16.3869 0.0 0
-16.3769 0.0 0
-16.3669 0.0 0
-16.3569 0.0 0
-16.3469 0.0 0
-16.3369 0.0 0
-16.3269 0.0 0
-16.3169 0.0 0
-16.3069 0.0 0
-16.2969 0.0 0
-16.2869 0.0 0
-16.2769 0.0 0
-16.2669 0.0 0
-16.2569 0.0 0
-16.2469 0.0 0
-16.2369 0.0 0
-16.2269 0.0 0
-16.2169 0.0 0
-16.2069 0.0 0
-16.1969 0.0 0
-16.1869 0.0 0
-16.1769 0.0 0
-16.1669 0.0 0
-16.1569 0.0 0
-16.1469 0.0 0
-16.1369 0.0 0
-16.1269 0.0 0
-16.1169 0.0 0
-16.1069 0.0 0
-16.0969 0.0 0
-16.0869 0.0 0
-16.0769 0.0 0
-16.0669 0.0 0
-16.0569 0.0 0
-16.0469 0.0 0
-16.0369 0.0 0
-16.0269 0.0 0
-16.0169 0.0 0
-16.0069 0.0 0
-15.9969 0.0 0
-15.9869 0.0 0
-15.9769 0.0 0
-15.9669 0.0 0
-15.9569 0.0 0
-15.9469 0.0 0
-15.9369 0.0 0
-15.9269 0.0 0
-15.9169 0.0 0
-15.9069 0.0 0
-15.8969 0.0 0
-15.8869 0.0 0
-15.8769 0.0 0
-15.8669 0.0 0
-15.8569 0.0 0
-15.8469 0.0 0
-15.8369 0.0 0
-15.8269 0.0 0
-15.8169 0.0 0
-15.8069 0.0 0
-15.7969 0.0 0
-15.7869 0.0 0
-15.7769 0.0 0
-15.7669 0.0 0
-15.7569 0.0 0
-15.7469 0.0 0
-15.7369 0.0 0
-15.7269 0.0 0
-15.7169 0.0 0
-15.7069 0.0 0
-15.6969 0.0 0
-15.6869 0.0 0
-15.6769 0.0 0
-15.6669 0.0 0
-15.6569 0.0 0
-15.6469 0.0 0
-15.6369 0.0 0
-15.6269 0.0 0
-15.6169 0.0 0
-15.6069 0.0 0
-15.5969 0.0 0
-15.5869 0.0 0
-15.5769 0.0 0
-15.5669 0.0 0
-15.5569 0.0 0
-15.5469 0.0 0
-15.5369 0.0 0
-15.5269 0.0 0
-15.5169 0.0 0
-15.5069 0.0 0
-15.4969 0.0 0
-15.4869 0.0 0
-15.4769 0.0 0
-15.4669 0.0 0
-15.4569 0.0 0
-15.4469 0.0 0
-15.4369 0.0 0
-15.4269 0.0 0
-15.4169 0.0 0
-15.4069 0.0 0
-15.3969 0.0 0
-15.3869 0.0 0
-15.3769 0.0 0
-15.3669 0.0 0
-15.3569 0.0 0
-15.3469 0.0 0
-15.3369 0.0 0
-15.3269 0.0 0
-15.3169 0.0 0
-15.3069 0.0 0
-15.2969 0.0 0
-15.2869 0.0 0
-15.2769 0.0 0
-15.2669 0.0 0
-15.2569 0.0 0
-15.2469 0.0 0
-15.2369 0.0 0
-15.2269 0.0 0
-15.2169 0.0 0
-15.2069 0.0 0
-15.1969 0.0 0
-15.1869 0.0 0
-15.1769 0.0 0
-15.1669 0.0 0
-15.1569 0.0 0
-15.1469 0.0 0
-15.1369 0.0 0
-15.1269 0.0 0
-15.1169 0.0 0
-15.1069 0.0 0
-15.0969 0.0 0
-15.0869 0.0 0
-15.0769 0.0 0
-15.0669 0.0 0
-15.0569 0.0 0
-15.0469 0.0 0
-15.0369 0.0 0
-15.0269 0.0 0
-15.0169 0.0 0
-15.0069 0.0 0
-14.9969 0.0 0
-14.9869 0.0 0
-14.9769 0.0 0
-14.9669 0.0 0
-14.9569 0.0 0
-14.9469 0.0 0
-14.9369 0.0 0
-14.9269 0.0 0
-14.9169 0.0 0
-14.9069 0.0 0
-14.8969 0.0 0
-14.8869 0.0 0
-14.8769 0.0 0
-14.8669 0.0 0
-14.8569 0.0 0
-14.8469 0.0 0
-14.8369 0.0 0
-14.8269 0.0 0
-14.8169 0.0 0
-14.8069 0.0 0
-14.7969 0.0 0
-14.7869 0.0 0
-14.7769 0.0 0
-14.7669 0.0 0
-14.7569 0.0 0
-14.7469 0.0 0
-14.7369 0.0 0
-14.7269 0.0 0
-14.7169 0.0 0
-14.7069 0.0 0
-14.6969 0.0 0
-14.6869 0.0 0
-14.6769 0.0 0
-14.6669 0.0 0
-14.6569 0.0 0
-14.6469 0.0 0
-14.6369 0.0 0
-14.6269 0.0 0
-14.6169 0.0 0
-14.6069 0.0 0
-14.5969 0.0 0
-14.5869 0.0 0
-14.5769 0.0 0
-14.5669 0.0 0
-14.5569 0.0 0
-14.5469 0.0 0
-14.5369 0.0 0
-14.5269 0.0 0
-14.5169 0.0 0
-14.5069 0.0 0
-14.4969 0.0 0
-14.4869 0.0 0
-14.4769 0.0 0
-14.4669 0.0 0
-14.4569 0.0 0
-14.4469 0.0 0
-14.4369 0.0 0
-14.4269 0.0 0
-14.4169 0.0 0
-14.4069 0.0 0
-14.3969 0.0 0
-14.3869 0.0 0
-14.3769 0.0 0
-14.3669 0.0 0
-14.3569 0.0 0
-14.3469 0.0 0
-14.3369 0.0 0
-14.3269 0.0 0
-14.3169 0.0 0
-14.3069 0.0 0
-14.2969 0.0 0
-14.2869 0.0 0
-14.2769 0.0 0
-14.2669 0.0 0
-14.2569 0.0 0
-14.2469 0.0 0
-14.2369 0.0 0
-14.2269 0.0 0
-14.2169 0.0 0
-14.2069 0.0 0
-14.1969 0.0 0
-14.1869 0.0 0
-14.1769 0.0 0
-14.1669 0.0 0
-14.1569 0.0 0
-14.1469 0.0 0
-14.1369 0.0 0
-14.1269 0.0 0
-14.1169 0.0 0
-14.1069 0.0 0
-14.0969 0.0 0
-14.0869 0.0 0
-14.0769 0.0 0
-14.0669 0.0 0
-14.0569 0.0 0
-14.0469 0.0 0
-14.0369 0.0 0
-14.0269 0.0 0
-14.0169 0.0 0
-14.0069 0.0 0
-13.9969 0.0 0
-13.9869 0.0 0
-13.9769 0.0 0
-13.9669 0.0 0
-13.9569 0.0 0
-13.9469 0.0 0
-13.9369 0.0 0
-13.9269 0.0 0
-13.9169 0.0 0
-13.9069 0.0 0
-13.8969 0.0 0
-13.8869 0.0 0
-13.8769 0.0 0
-13.8669 0.0 0
-13.8569 0.0 0
-13.8469 0.0 0
-13.8369 0.0 0
-13.8269 0.0 0
-13.8169 0.0 0
-13.8069 0.0 0
-13.7969 0.0 0
-13.7869 0.0 0
-13.7769 0.0 0
-13.7669 0.0 0
-13.7569 0.0 0
-13.7469 0.0 0
-13.7369 0.0 0
-13.7269 0.0 0
-13.7169 0.0 0
-13.7069 0.0 0
-13.6969 0.0 0
-13.6869 0.0 0
-13.6769 0.0 0
-13.6669 0.0 0
-13.6569 0.0 0
-13.6469 0.0 0
-13.6369 0.0 0
-13.6269 0.0 0
-13.6169 0.0 0
-13.6069 0.0 0
-13.5969 0.0 0
-13.5869 0.0 0
-13.5769 0.0 0
-13.5669 0.0 0
-13.5569 0.0 0
-13.5469 0.0 0
-13.5369 0.0 0
-13.5269 0.0 0
-13.5169 0.0 0
-13.5069 0.0 0
-13.4969 0.0 0
-13.4869 0.0 0
-13.4769 0.0 0
-13.4669 0.0 0
-13.4569 0.0 0
-13.4469 0.0 0
-13.4369 0.0 0
-13.4269 0.0 0
-13.4169 0.0 0
-13.4069 0.0 0
-13.3969 0.0 0
-13.3869 0.0 0
-13.3769 0.0 0
-13.3669 0.0 0
-13.3569 0.0 0
-13.3469 0.0 0
-13.3369 0.0 0
-13.3269 0.0 0
-13.3169 0.0 0
-13.3069 0.0 0
-13.2969 0.0 0
-13.2869 0.0 0
-13.2769 0.0 0
-13.2669 0.0 0
-13.2569 0.0 0
-13.2469 0.0 0
-13.2369 0.0 0
-13.2269 0.0 0
-13.2169 0.0 0
-13.2069 0.0 0
-13.1969 0.0 0
-13.1869 0.0 0
-13.1769 0.0 0
-13.1669 0.0 0
-13.1569 0.0 0
-13.1469 0.0 0
-13.1369 0.0 0
-13.1269 0.0 0
-13.1169 0.0 0
-13.1069 0.0 0
-13.0969 0.0 0
-13.0869 0.0 0
-13.0769 0.0 0
-13.0669 0.0 0
-13.0569 0.0 0
-13.0469 0.0 0
-13.0369 0.0 0
-13.0269 0.0 0
-13.0169 0.0 0
-13.0069 0.0 0
-12.9969 0.0 0
-12.9869 0.0 0
-12.9769 0.0 0
-12.9669 0.0 0
-12.9569 0.0 0
-12.9469 0.0 0
-12.9369 0.0 0
-12.9269 0.0 0
-12.9169 0.0 0
-12.9069 0.0 0
-12.8969 0.0 0
-12.8869 0.0 0
-12.8769 0.0 0
-12.8669 0.0 0
-12.8569 0.0 0
-12.8469 0.0 0
-12.8369 0.0 0
-12.8269 0.0 0
-12.8169 0.0 0
-12.8069 0.0 0
-12.7969 0.0 0
-12.7869 0.0 0
-12.7769 0.0 0
-12.7669 0.0 0
-12.7569 0.0 0
-12.7469 0.0 0
-12.7369 0.0 0
-12.7269 0.0 0
-12.7169 0.0 0
-12.7069 0.0 0
-12.6969 0.0 0
-12.6869 0.0 0
-12.6769 0.0 0
-12.6669 0.0 0
-12.6569 0.0 0
-12.6469 0.0 0
-12.6369 0.0 0
-12.6269 0.0 0
-12.6169 0.0 0
-12.6069 0.0 0
-12.5969 0.0 0
-12.5869 0.0 0
-12.5769 0.0 0
-12.5669 0.0 0
-12.5569 0.0 0
-12.5469 0.0 0
-12.5369 0.0 0
-12.5269 0.0 0
-12.5169 0.0 0
-12.5069 0.0 0
-12.4969 0.0 0
-12.4869 0.0 0
-12.4769 0.0 0
-12.4669 0.0 0
-12.4569 0.0 0
-12.4469 0.0 0
-12.4369 0.0 0
-12.4269 0.0 0
-12.4169 0.0 0
-12.4069 0.0 0
-12.3969 0.0 0
-12.3869 0.0 0
-12.3769 0.0 0
-12.3669 0.0 0
-12.3569 0.0 0
-12.3469 0.0 0
-12.3369 0.0 0
-12.3269 0.0 0
-12.3169 0.0 0
-12.3069 0.0 0
-12.2969 0.0 0
-12.2869 0.0 0
-12.2769 0.0 0
-12.2669 0.0 0
-12.2569 0.0 0
-12.2469 0.0 0
-12.2369 0.0 0
-12.2269 0.0 0
-12.2169 0.0 0
-12.2069 0.0 0
-12.1969 0.0 0
-12.1869 0.0 0
-12.1769 0.0 0
-12.1669 0.0 0
-12.1569 0.0 0
-12.1469 0.0 0
-12.1369 0.0 0
-12.1269 0.0 0
-12.1169 0.0 0
-12.1069 0.0 0
-12.0969 0.0 0
-12.0869 0.0 0
-12.0769 0.0 0
-12.0669 0.0 0
-12.0569 0.0 0
-12.0469 0.0 0
-12.0369 0.0 0
-12.0269 0.0 0
-12.0169 0.0 0
-12.0069 0.0 0
-11.9969 0.0 0
-11.9869 0.0 0
-11.9769 0.0 0
-11.9669 0.0 0
-11.9569 0.0 0
-11.9469 0.0 0
-11.9369 0.0 0
-11.9269 0.0 0
-11.9169 0.0 0
-11.9069 0.0 0
-11.8969 0.0 0
-11.8869 0.0 0
-11.8769 0.0 0
-11.8669 0.0 0
-11.8569 0.0 0
-11.8469 0.0 0
-11.8369 0.0 0
-11.8269 0.0 0
-11.8169 0.0 0
-11.8069 0.0 0
-11.7969 0.0 0
-11.7869 0.0 0
-11.7769 0.0 0
-11.7669 0.0 0
-11.7569 0.0 0
-11.7469 0.0 0
-11.7369 0.0 0
-11.7269 0.0 0
-11.7169 0.0 0
-11.7069 0.0 0
-11.6969 0.0 0
-11.6869 0.0 0
-11.6769 0.0 0
-11.6669 0.0 0
-11.6569 0.0 0
-11.6469 0.0 0
-11.6369 0.0 0
-11.6269 0.0 0
-11.6169 0.0 0
-11.6069 0.0 0
-11.5969 0.0 0
-11.5869 0.0 0
-11.5769 0.0 0
-11.5669 0.0 0
-11.5569 0.0 0
-11.5469 0.0 0
-11.5369 0.0 0
-11.5269 0.0 0
-11.5169 0.0 0
-11.5069 0.0 0
-11.4969 0.0 0
-11.4869 0.0 0
-11.4769 0.0 0
-11.4669 0.0 0
-11.4569 0.0 0
-11.4469 0.0 0
-11.4369 0.0 0
-11.4269 0.0 0
-11.4169 0.0 0
-11.4069 0.0 0
-11.3969 0.0 0
-11.3869 0.0 0
-11.3769 0.0 0
-11.3669 0.0 0
-11.3569 0.0 0
-11.3469 0.0 0
-11.3369 0.0 0
-11.3269 0.0 0
-11.3169 0.0 0
-11.3069 0.0 0
-11.2969 0.0 0
-11.2869 0.0 0
-11.2769 0.0 0
-11.2669 0.0 0
-11.2569 0.0 0
-11.2469 0.0 0
-11.2369 0.0 0
-11.2269 0.0 0
-11.2169 0.0 0
-11.2069 0.0 0
-11.1969 0.0 0
-11.1869 0.0 0
-11.1769 0.0 0
-11.1669 0.0 0
-11.1569 0.0 0
-11.1469 0.0 0
-11.1369 0.0 0
-11.1269 0.0 0
-11.1169 0.0 0
-11.1069 0.0 0
-11.0969 0.0 0
-11.0869 0.0 0
-11.0769 0.0 0
-11.0669 0.0 0
-11.0569 0.0 0
-11.0469 0.0 0
-11.0369 0.0 0
-11.0269 0.0 0
-11.0169 0.0 0
-11.0069 0.0 0
-10.9969 0.0 0
-10.9869 0.0 0
-10.9769 0.0 0
-10.9669 0.0 0
-10.9569 0.0 0
-10.9469 0.0 0
-10.9369 0.0 0
-10.9269 0.0 0
-10.9169 0.0 0
-10.9069 0.0 0
-10.8969 0.0 0
-10.8869 0.0 0
-10.8769 0.0 0
-10.8669 0.0 0
-10.8569 0.0 0
-10.8469 0.0 0
-10.8369 0.0 0
-10.8269 0.0 0
-10.8169 0.0 0
-10.8069 0.0 0
-10.7969 0.0 0
-10.7869 0.0 0
-10.7769 0.0 0
-10.7669 0.0 0
-10.7569 0.0 0
-10.7469 0.0 0
-10.7369 0.0 0
-10.7269 0.0 0
-10.7169 0.0 0
-10.7069 0.0 0
-10.6969 0.0 0
-10.6869 0.0 0
-10.6769 0.0 0
-10.6669 0.0 0
-10.6569 0.0 0
-10.6469 0.0 0
-10.6369 0.0 0
-10.6269 0.0 0
-10.6169 0.0 0
-10.6069 0.0 0
-10.5969 0.0 0
-10.5869 0.0 0
-10.5769 0.0 0
-10.5669 0.0 0
-10.5569 0.0 0
-10.5469 0.0 0
-10.5369 0.0 0
-10.5269 0.0 0
-10.5169 0.0 0
-10.5069 0.0 0
-10.4969 0.0 0
-10.4869 0.0 0
-10.4769 0.0 0
-10.4669 0.0 0
-10.4569 0.0 0
-10.4469 0.0 0
-10.4369 0.0 0
-10.4269 0.0 0
-10.4169 0.0 0
-10.4069 0.0 0
-10.3969 0.0 0
-10.3869 0.0 0
-10.3769 0.0 0
-10.3669 0.0 0
-10.3569 0.0 0
-10.3469 0.0 0
-10.3369 0.0 0
-10.3269 0.0 0
-10.3169 0.0 0
-10.3069 0.0 0
-10.2969 0.0 0
-10.2869 0.0 0
-10.2769 0.0 0
-10.2669 0.0 0
-10.2569 0.0 0
-10.2469 0.0 0
-10.2369 0.0 0
-10.2269 0.0 0
-10.2169 0.0 0
-10.2069 0.0 0
-10.1969 0.0 0
-10.1869 0.0 0
-10.1769 0.0 0
-10.1669 0.0 0
-10.1569 0.0 0
-10.1469 0.0 0
-10.1369 0.0 0
-10.1269 0.0 0
-10.1169 0.0 0
-10.1069 0.0 0
-10.0969 0.0 0
-10.0869 0.0 0
-10.0769 0.0 0
-10.0669 0.0 0
-10.0569 0.0 0
-10.0469 0.0 0
-10.0369 0.0 0
-10.0269 0.0 0
-10.0169 0.0 0
-10.0069 0.0 0
-9.9969 0.0 0
-9.9869 0.0 0
-9.9769 0.0 0
-9.9669 0.0 0
-9.9569 0.0 0
-9.9469 0.0 0
-9.9369 0.0 0
-9.9269 0.0 0
-9.9169 0.0 0
-9.9069 0.0 0
-9.8969 0.0 0
-9.8869 0.0 0
-9.8769 0.0 0
-9.8669 0.0 0
-9.8569 0.0 0
-9.8469 0.0 0
-9.8369 0.0 0
-9.8269 0.0 0
-9.8169 0.0 0
-9.8069 0.0 0
-9.7969 0.0 0
-9.7869 0.0 0
-9.7769 0.0 0
-9.7669 0.0 0
-9.7569 0.0 0
-9.7469 0.0 0
-9.7369 0.0 0
-9.7269 0.0 0
-9.7169 0.0 0
-9.7069 0.0 0
-9.6969 0.0 0
-9.6869 0.0 0
-9.6769 0.0 0
-9.6669 0.0 0
-9.6569 0.0 0
-9.6469 0.0 0
-9.6369 0.0 0
-9.6269 0.0 0
-9.6169 0.0 0
-9.6069 0.0 0
-9.5969 0.0 0
-9.5869 0.0 0
-9.5769 0.0 0
-9.5669 0.0 0
-9.5569 0.0 0
-9.5469 0.0 0
-9.5369 0.0 0
-9.5269 0.0 0
-9.5169 0.0 0
-9.5069 0.0 0
-9.4969 0.0 0
-9.4869 0.0 0
-9.4769 0.0 0
-9.4669 0.0 0
-9.4569 0.0 0
-9.4469 0.0 0
-9.4369 0.0 0
-9.4269 0.0 0
-9.4169 0.0 0
-9.4069 0.0 0
-9.3969 0.0 0
-9.3869 0.0 0
-9.3769 0.0 0
-9.3669 0.0 0
-9.3569 0.0 0
-9.3469 0.0 0
-9.3369 0.0 0
-9.3269 0.0 0
-9.3169 0.0 0
-9.3069 0.0 0
-9.2969 0.0 0
-9.2869 0.0 0
-9.2769 0.0 0
-9.2669 0.0 0
-9.2569 0.0 0
-9.2469 0.0 0
-9.2369 0.0 0
-9.2269 0.0 0
-9.2169 0.0 0
-9.2069 0.0 0
-9.1969 0.0 0
-9.1869 0.0 0
-9.1769 0.0 0
-9.1669 0.0 0
-9.1569 0.0 0
-9.1469 0.0 0
-9.1369 0.0 0
-9.1269 0.0 0
-9.1169 0.0 0
-9.1069 0.0 0
-9.0969 0.0 0
-9.0869 0.0 0
-9.0769 0.0 0
-9.0669 0.0 0
-9.0569 0.0 0
-9.0469 0.0 0
-9.0369 0.0 0
-9.0269 0.0 0
-9.0169 0.0 0
-9.0069 0.0 0
-8.9969 0.0 0
-8.9869 0.0 0
-8.9769 0.0 0
-8.9669 0.0 0
-8.9569 0.0 0
-8.9469 0.0 0
-8.9369 0.0 0
-8.9269 0.0 0
-8.9169 0.0 0
-8.9069 0.0 0
-8.8969 0.0 0
-8.8869 0.0 0
-8.8769 0.0 0
-8.8669 0.0 0
-8.8569 0.0 0
-8.8469 0.0 0
-8.8369 0.0 0
-8.8269 0.0 0
-8.8169 0.0 0
-8.8069 0.0 0
-8.7969 0.0 0
-8.7869 0.0 0
-8.7769 0.0 0
-8.7669 0.0 0
-8.7569 0.0 0
-8.7469 0.0 0
-8.7369 0.0 0
-8.7269 0.0 0
-8.7169 0.0 0
-8.7069 0.0 0
-8.6969 0.0 0
-8.6869 0.0 0
-8.6769 0.0 0
-8.6669 0.0 0
-8.6569 0.0 0
-8.6469 0.0 0
-8.6369 0.0 0
-8.6269 0.0 0
-8.6169 0.0 0
-8.6069 0.0 0
-8.5969 0.0 0
-8.5869 0.0 0
-8.5769 0.0 0
-8.5669 0.0 0
-8.5569 0.0 0
-8.5469 0.0 0
-8.5369 0.0 0
-8.5269 0.0 0
-8.5169 0.0 0
-8.5069 0.0 0
-8.4969 0.0 0
-8.4869 0.0 0
-8.4769 0.0 0
-8.4669 0.0 0
-8.4569 0.0 0
-8.4469 0.0 0
-8.4369 0.0 0
-8.4269 0.0 0
-8.4169 0.0 0
-8.4069 0.0 0
-8.3969 0.0 0
-8.3869 0.0 0
-8.3769 0.0 0
-8.3669 0.0 0
-8.3569 0.0 0
-8.3469 0.0 0
-8.3369 0.0 0
-8.3269 0.0 0
-8.3169 0.0 0
-8.3069 0.0 0
-8.2969 0.0 0
-8.2869 0.0 0
-8.2769 0.0 0
-8.2669 0.0 0
-8.2569 0.0 0
-8.2469 0.0 0
-8.2369 0.0 0
-8.2269 0.0 0
-8.2169 0.0 0
-8.2069 0.0 0
-8.1969 0.0 0
-8.1869 0.0 0
-8.1769 0.0 0
-8.1669 0.0 0
-8.1569 0.0 0
-8.1469 0.0 0
-8.1369 0.0 0
-8.1269 0.0 0
-8.1169 0.0 0
-8.1069 0.0 0
-8.0969 0.0 0
-8.0869 0.0 0
-8.0769 0.0 0
-8.0669 0.0 0
-8.0569 0.0 0
-8.0469 0.0 0
-8.0369 0.0 0
-8.0269 0.0 0
-8.0169 0.0 0
-8.0069 0.0 0
-7.9969 0.0 0
-7.9869 0.0 0
-7.9769 0.0 0
-7.9669 0.0 0
-7.9569 0.0 0
-7.9469 0.0 0
-7.9369 0.0 0
-7.9269 0.0 0
-7.9169 0.0 0
-7.9069 0.0 0
-7.8969 0.0 0
-7.8869 0.0 0
-7.8769 0.0 0
-7.8669 0.0 0
-7.8569 0.0 0
-7.8469 0.0 0
-7.8369 0.0 0
-7.8269 0.0 0
-7.8169 0.0 0
-7.8069 0.0 0
-7.7969 0.0 0
-7.7869 0.0 0
-7.7769 0.0 0
-7.7669 0.0 0
-7.7569 0.0 0
-7.7469 0.0 0
-7.7369 0.0 0
-7.7269 0.0 0
-7.7169 0.0 0
-7.7069 0.0 0
-7.6969 0.0 0
-7.6869 0.0 0
-7.6769 0.0 0
-7.6669 0.0 0
-7.6569 0.0 0
-7.6469 0.0 0
-7.6369 0.0 0
-7.6269 0.0 0
-7.6169 0.0 0
-7.6069 0.0 0
-7.5969 0.0 0
-7.5869 0.0 0
-7.5769 0.0 0
-7.5669 0.0 0
-7.5569 0.0 0
-7.5469 0.0 0
-7.5369 0.0 0
-7.5269 0.0 0
-7.5169 0.0 0
-7.5069 0.0 0
-7.4969 0.0 0
-7.4869 0.0 0
-7.4769 0.0 0
-7.4669 0.0 0
-7.4569 0.0 0
-7.4469 0.0 0
-7.4369 0.0 0
-7.4269 0.0 0
-7.4169 0.0 0
-7.4069 0.0 0
-7.3969 0.0 0
-7.3869 0.0 0
-7.3769 0.0 0
-7.3669 0.0 0
-7.3569 0.0 0
-7.3469 0.0 0
-7.3369 0.0 0
-7.3269 0.0 0
-7.3169 0.0 0
-7.3069 0.0 0
-7.2969 0.0 0
-7.2869 0.0 0
-7.2769 0.0 0
-7.2669 0.0 0
-7.2569 0.0 0
-7.2469 0.0 0
-7.2369 0.0 0
-7.2269 0.0 0
-7.2169 0.0 0
-7.2069 0.0 0
-7.1969 0.0 0
-7.1869 0.0 0
-7.1769 0.0 0
-7.1669 0.0 0
-7.1569 0.0 0
-7.1469 0.0 0
-7.1369 0.0 0
-7.1269 0.0 0
-7.1169 0.0 0
-7.1069 0.0 0
-7.0969 0.0 0
-7.0869 0.0 0
-7.0769 0.0 0
-7.0669 0.0 0
-7.0569 0.0 0
-7.0469 0.0 0
-7.0369 0.0 0
-7.0269 0.0 0
-7.0169 0.0 0
-7.0069 0.0 0
-6.9969 0.0 0
-6.9869 0.0 0
-6.9769 0.0 0
-6.9669 0.0 0
-6.9569 0.0 0
-6.9469 0.0 0
-6.9369 0.0 0
-6.9269 0.0 0
-6.9169 0.0 0
-6.9069 0.0 0
-6.8969 0.0 0
-6.8869 0.0 0
-6.8769 0.0 0
-6.8669 0.0 0
-6.8569 0.0 0
-6.8469 0.0 0
-6.8369 0.0 0
-6.8269 0.0 0
-6.8169 0.0 0
-6.8069 0.0 0
-6.7969 0.0 0
-6.7869 0.0 0
-6.7769 0.0 0
-6.7669 0.0 0
-6.7569 0.0 0
-6.7469 0.0 0
-6.7369 0.0 0
-6.7269 0.0 0
-6.7169 0.0 0
-6.7069 0.0 0
-6.6969 0.0 0
-6.6869 0.0 0
-6.6769 0.0 0
-6.6669 0.0 0
-6.6569 0.0 0
-6.6469 0.0 0
-6.6369 0.0 0
-6.6269 0.0 0
-6.6169 0.0 0
-6.6069 0.0 0
-6.5969 0.0 0
-6.5869 0.0 0
-6.5769 0.0 0
-6.5669 0.0 0
-6.5569 0.0 0
-6.5469 0.0 0
-6.5369 0.0 0
-6.5269 0.0 0
-6.5169 0.0 0
-6.5069 0.0 0
-6.4969 0.0 0
-6.4869 0.0 0
-6.4769 0.0 0
-6.4669 0.0 0
-6.4569 0.0 0
-6.4469 0.0 0
-6.4369 0.0 0
-6.4269 0.0 0
-6.4169 0.0 0
-6.4069 0.0 0
-6.3969 0.0 0
-6.3869 0.0 0
-6.3769 0.0 0
-6.3669 0.0 0
-6.3569 0.0 0
-6.3469 0.0 0
-6.3369 0.0 0
-6.3269 0.0 0
-6.3169 0.0 0
-6.3069 0.0 0
-6.2969 0.0 0
-6.2869 0.0 0
-6.2769 0.0 0
-6.2669 0.0 0
-6.2569 0.0 0
-6.2469 0.0 0
-6.2369 0.0 0
-6.2269 0.0 0
-6.2169 0.0 0
-6.2069 0.0 0
-6.1969 0.0 0
-6.1869 0.0 0
-6.1769 0.0 0
-6.1669 0.0 0
-6.1569 0.0 0
-6.1469 0.0 0
-6.1369 0.0 0
-6.1269 0.0 0
-6.1169 0.0 0
-6.1069 0.0 0
-6.0969 0.0 0
-6.0869 0.0 -2.92e-25
-6.0769 0.0 -6.14e-25
-6.0669 0.0 -1.28e-24
-6.0569 0.0 -2.63e-24
-6.0469 0.0 -5.34e-24
-6.0369 0.0 -1.08e-23
-6.0269 0.0 -2.14e-23
-6.0169 0.0 -4.22e-23
-6.0069 0.0 -8.22e-23
-5.9969 0.0 -1.58e-22
-5.9869 0.0 -3.02e-22
-5.9769 0.0 -5.7e-22
-5.9669 4.84e-23 -1.06e-21
-5.9569 1.02e-22 -1.96e-21
-5.9469 2.12e-22 -3.58e-21
-5.9369 4.38e-22 -6.48e-21
-5.9269 8.93e-22 -1.16e-20
-5.9169 1.8e-21 -2.05e-20
-5.9069 3.59e-21 -3.58e-20
-5.8969 7.1e-21 -6.19e-20
-5.8869 1.39e-20 -1.06e-19
-5.8769 2.68e-20 -1.79e-19
-5.8669 5.12e-20 -3.01e-19
-5.8569 9.67e-20 -4.98e-19
-5.8469 1.81e-19 -8.16e-19
-5.8369 3.35e-19 -1.32e-18
-5.8269 6.13e-19 -2.12e-18
-5.8169 1.11e-18 -3.37e-18
-5.8069 1.99e-18 -5.29e-18
-5.7969 3.52e-18 -8.21e-18
-5.7869 6.17e-18 -1.26e-17
-5.7769 1.07e-17 -1.92e-17
-5.7669 1.84e-17 -2.88e-17
-5.7569 3.12e-17 -4.29e-17
-5.7469 5.23e-17 -6.31e-17
-5.7369 8.69e-17 -9.18e-17
-5.7269 1.43e-16 -1.32e-16
-5.7169 2.32e-16 -1.88e-16
-5.7069 3.73e-16 -2.65e-16
-5.6969 5.93e-16 -3.7e-16
-5.6869 9.33e-16 -5.1e-16
-5.6769 1.45e-15 -6.96e-16
-5.6669 2.24e-15 -9.39e-16
-5.6569 3.41e-15 -1.25e-15
-5.6469 5.13e-15 -1.66e-15
-5.6369 7.65e-15 -2.16e-15
-5.6269 1.13e-14 -2.8e-15
-5.6169 1.65e-14 -3.57e-15
-5.6069 2.38e-14 -4.52e-15
-5.5969 3.39e-14 -5.66e-15
-5.5869 4.79e-14 -7e-15
-5.5769 6.69e-14 -8.57e-15
-5.5669 9.25e-14 -1.04e-14
-5.5569 1.26e-13 -1.24e-14
-5.5469 1.71e-13 -1.47e-14
-5.5369 2.29e-13 -1.73e-14
-5.5269 3.03e-13 -2.01e-14
-5.5169 3.97e-13 -2.3e-14
-5.5069 5.14e-13 -2.61e-14
-5.4969 6.58e-13 -2.94e-14
-5.4869 8.34e-13 -3.26e-14
-5.4769 1.05e-12 -3.58e-14
-5.4669 1.3e-12 -3.9e-14
-5.4569 1.59e-12 -4.19e-14
-5.4469 1.93e-12 -4.46e-14
-5.4369 2.32e-12 -4.69e-14
-5.4269 2.76e-12 -4.89e-14
-5.4169 3.24e-12 -5.03e-14
-5.4069 3.77e-12 -5.13e-14
-5.3969 4.34e-12 -5.17e-14
-5.3869 4.93e-12 -5.16e-14
-5.3769 5.55e-12 -5.09e-14
-5.3669 6.18e-12 -4.96e-14
-5.3569 6.81e-12 -4.79e-14
-5.3469 7.42e-12 -4.58e-14
-5.3369 8e-12 -4.32e-14
-5.3269 8.53e-12 -4.04e-14
-5.3169 9e-12 -3.74e-14
-5.3069 9.4e-12 -3.42e-14
-5.2969 9.7e-12 -3.09e-14
-5.2869 9.91e-12 -2.77e-14
-5.2769 1e-11 -2.45e-14
-5.2669 1e-11 -2.15e-14
-5.2569 9.89e-12 -1.86e-14
-5.2469 9.67e-12 -1.59e-14
-5.2369 9.36e-12 -1.35e-14
-5.2269 8.96e-12 -1.13e-14
-5.2169 8.48e-12 -9.42e-15
-5.2069 7.95e-12 -7.73e-15
-5.1969 7.36e-12 -6.28e-15
-5.1869 6.75e-12 -5.04e-15
-5.1769 6.12e-12 -4.01e-15
-5.1669 5.49e-12 -3.15e-15
-5.1569 4.87e-12 -2.45e-15
-5.1469 4.28e-12 -1.89e-15
-5.1369 3.72e-12 -1.44e-15
-5.1269 3.19e-12 -1.08e-15
-5.1169 2.71e-12 -8.05e-16
-5.1069 2.28e-12 -5.93e-16
-5.0969 1.9e-12 -4.33e-16
-5.0869 1.56e-12 -3.12e-16
-5.0769 1.27e-12 -2.23e-16
-5.0669 1.02e-12 -1.57e-16
-5.0569 8.15e-13 -1.1e-16
-5.0469 6.43e-13 -7.57e-17
-5.0369 5.01e-13 -5.17e-17
-5.0269 3.86e-13 -3.5e-17
-5.0169 2.95e-13 -2.34e-17
-5.0069 2.22e-13 -1.55e-17
-4.9969 1.66e-13 -1.01e-17
-4.9869 1.23e-13 -6.55e-18
-4.9769 8.96e-14 -4.19e-18
-4.9669 6.48e-14 -2.38e-11
-4.9569 4.63e-14 -4.98e-11
-4.9469 3.28e-14 -1.03e-10
-4.9369 2.29e-14 -2.12e-10
-4.9269 1.59e-14 -4.29e-10
-4.9169 1.09e-14 -8.61e-10
-4.9069 7.36e-15 -1.71e-09
-4.8969 4.93e-15 -3.36e-09
-4.8869 3.27e-15 -6.52e-09
-4.8769 2.14e-15 -1.25e-08
-4.8669 1.39e-15 -2.38e-08
-4.8569 8.93e-16 -4.48e-08
-4.8469 5.67e-16 -8.33e-08
-4.8369 3.56e-16 -1.53e-07
-4.8269 2.21e-16 -2.79e-07
-4.8169 1.36e-16 -5.03e-07
-4.8069 8.26e-17 -8.96e-07
-4.7969 2.34e-11 -1.58e-06
-4.7869 4.91e-11 -2.75e-06
-4.7769 1.02e-10 -4.75e-06
-4.7669 2.09e-10 -8.1e-06
-4.7569 4.24e-10 -1.37e-05
-4.7469 8.52e-10 -2.28e-05
-4.7369 1.69e-09 -3.77e-05
-4.7269 3.33e-09 -6.17e-05
-4.7169 6.47e-09 -9.97e-05
-4.7069 1.24e-08 -0.000159
-4.6969 2.37e-08 -0.000252
-4.6869 4.46e-08 -0.000395
-4.6769 8.3e-08 -0.000611
-4.6669 1.53e-07 -0.000936
-4.6569 2.78e-07 -0.00142
-4.6469 5.02e-07 -0.00213
-4.6369 8.95e-07 -0.00315
-4.6269 1.58e-06 -0.00462
-4.6169 2.76e-06 -0.00671
-4.6069 4.76e-06 -0.00963
-4.5969 8.12e-06 -0.0137
-4.5869 1.37e-05 -0.0192
-4.5769 2.29e-05 -0.0267
-4.5669 3.79e-05 -0.0367
-4.5569 6.2e-05 -0.0499
-4.5469 0.0001 -0.0672
-4.5369 0.000161 -0.0894
-4.5269 0.000254 -0.118
-4.5169 0.000399 -0.153
-4.5069 0.000618 -0.198
-4.4969 0.000947 -0.252
-4.4869 0.00144 -0.318
-4.4769 0.00216 -0.397
-4.4669 0.0032 -0.49
-4.4569 0.0047 -0.598
-4.4469 0.00682 -0.722
-4.4369 0.0098 -0.863
-4.4269 0.0139 -1.02
-4.4169 0.0196 -1.19
-4.4069 0.0273 -1.38
-4.3969 0.0375 -1.58
-4.3869 0.0511 -1.79
-4.3769 0.0688 -2.01
-4.3669 0.0917 -2.23
-4.3569 0.121 -2.44
-4.3469 0.158 -2.65
-4.3369 0.203 -2.84
-4.3269 0.26 -3.02
-4.3169 0.328 -3.18
-4.3069 0.409 -3.3
-4.2969 0.506 -3.4
-4.2869 0.618 -3.46
-4.2769 0.748 -3.49
-4.2669 0.895 -3.48
-4.2569 1.06 -3.43
-4.2469 1.24 -3.35
-4.2369 1.44 -3.23
-4.2269 1.65 -3.09
-4.2169 1.87 -2.93
-4.2069 2.09 -2.74
-4.1969 2.32 -2.54
-4.1869 2.55 -2.33
-4.1769 2.77 -2.12
-4.1669 2.98 -1.91
-4.1569 3.17 -1.7
-4.1469 3.33 -1.5
-4.1369 3.46 -1.31
-4.1269 3.57 -1.13
-4.1169 3.63 -0.968
-4.1069 3.66 -0.822
-4.0969 3.65 -0.691
-4.0869 3.6 -0.575
-4.0769 3.51 -0.475
-4.0669 3.39 -0.388
-4.0569 3.24 -0.315
-4.0469 3.06 -0.253
-4.0369 2.87 -0.201
-4.0269 2.65 -0.159
-4.0169 2.43 -0.124
-4.0069 2.2 -0.0967
-3.9969 1.97 -0.0745
-3.9869 1.75 -0.0569
-3.9769 1.53 -0.0431
-3.9669 1.33 -0.0324
-3.9569 1.15 -0.0242
-3.9469 0.974 -0.0179
-3.9369 0.819 -0.0132
-3.9269 0.682 -0.00959
-3.9169 0.562 -0.00694
-3.9069 0.458 -0.00498
-3.8969 0.37 -0.00354
-3.8869 0.295 -0.0025
-3.8769 0.233 -0.00175
-3.8669 0.182 -0.00122
-3.8569 0.141 -0.000839
-3.8469 0.108 -0.000573
-3.8369 0.082 -0.000389
-3.8269 0.0615 -0.000261
-3.8169 0.0457 -0.000174
-3.8069 0.0336 -0.000115
-3.7969 0.0244 -7.51e-05
-3.7869 0.0176 -4.87e-05
-3.7769 0.0125 -3.13e-05
-3.7669 0.00885 -1.99e-05
-3.7569 0.00618 -1.25e-05
-3.7469 0.00427 -7.84e-06
-3.7369 0.00292 -4.85e-06
-3.7269 0.00198 -2.97e-06
-3.7169 0.00133 -1.8e-06
-3.7069 0.000883 -1.08e-06
-3.6969 0.00058 -6.43e-07
-3.6869 0.000378 -3.78e-07
-3.6769 0.000243 -2.2e-07
-3.6669 0.000155 -1.27e-07
-3.6569 9.81e-05 -7.26e-08
-3.6469 6.14e-05 -4.1e-08
-3.6369 3.8e-05 -2.29e-08
-3.6269 2.33e-05 -1.27e-08
-3.6169 1.41e-05 -6.95e-09
-3.6069 8.5e-06 -3.76e-09
-3.5969 5.06e-06 -2.02e-09
-3.5869 2.98e-06 -1.07e-09
-3.5769 1.74e-06 -5.52e-10
-3.5669 1.01e-06 -2.87e-10
-3.5569 5.76e-07 -1.48e-10
-3.5469 3.26e-07 -7.54e-11
-3.5369 1.83e-07 -3.8e-11
-3.5269 1.02e-07 -1.89e-11
-3.5169 5.59e-08 -9.34e-12
-3.5069 3.05e-08 -4.56e-12
-3.4969 1.64e-08 -2.2e-12
-3.4869 8.77e-09 -1.05e-12
-3.4769 4.64e-09 0
-3.4669 2.43e-09 0
-3.4569 1.26e-09 0
-3.4469 6.46e-10 0
-3.4369 3.28e-10 0
-3.4269 1.65e-10 0
-3.4169 8.23e-11 0
-3.4069 2.9e-11 0
-3.3969 1.44e-11 0
-3.3869 7.08e-12 0
-3.3769 3.44e-12 0
-3.3669 1.66e-12 0
-3.3569 7.88e-13 0
-3.3469 0.0 0
-3.3369 0.0 0
-3.3269 0.0 0
-3.3169 0.0 0
-3.3069 0.0 0
-3.2969 0.0 0
-3.2869 0.0 0
-3.2769 0.0 0
-3.2669 0.0 0
-3.2569 0.0 0
-3.2469 0.0 0
-3.2369 0.0 0
-3.2269 0.0 0
-3.2169 0.0 0
-3.2069 0.0 0
-3.1969 0.0 0
-3.1869 0.0 0
-3.1769 0.0 0
-3.1669 0.0 0
-3.1569 0.0 0
-3.1469 0.0 0
-3.1369 0.0 0
-3.1269 0.0 0
-3.1169 0.0 0
-3.1069 0.0 0
-3.0969 0.0 0
-3.0869 0.0 0
-3.0769 0.0 0
-3.0669 0.0 0
-3.0569 0.0 0
-3.0469 0.0 0
-3.0369 0.0 0
-3.0269 0.0 0
-3.0169 0.0 0
-3.0069 0.0 0
-2.9969 0.0 0
-2.9869 0.0 0
-2.9769 0.0 0
-2.9669 0.0 0
-2.9569 0.0 0
-2.9469 0.0 0
-2.9369 0.0 0
-2.9269 0.0 0
-2.9169 0.0 0
-2.9069 0.0 0
-2.8969 0.0 0
-2.8869 0.0 0
-2.8769 0.0 0
-2.8669 0.0 0
-2.8569 0.0 0
-2.8469 0.0 0
-2.8369 0.0 0
-2.8269 0.0 0
-2.8169 0.0 0
-2.8069 0.0 0
-2.7969 0.0 0
-2.7869 0.0 0
-2.7769 0.0 0
-2.7669 0.0 0
-2.7569 0.0 0
-2.7469 0.0 0
-2.7369 0.0 0
-2.7269 0.0 0
-2.7169 0.0 0
-2.7069 0.0 0
-2.6969 0.0 0
-2.6869 0.0 0
-2.6769 0.0 0
-2.6669 0.0 0
-2.6569 0.0 0
-2.6469 0.0 0
-2.6369 0.0 0
-2.6269 0.0 0
-2.6169 0.0 0
-2.6069 0.0 0
-2.5969 0.0 0
-2.5869 0.0 0
-2.5769 0.0 0
-2.5669 0.0 0
-2.5569 0.0 0
-2.5469 0.0 0
-2.5369 0.0 0
-2.5269 0.0 0
-2.5169 0.0 0
-2.5069 0.0 0
-2.4969 0.0 0
-2.4869 0.0 0
-2.4769 0.0 0
-2.4669 0.0 0
-2.4569 0.0 0
-2.4469 0.0 0
-2.4369 0.0 0
-2.4269 0.0 0
-2.4169 0.0 0
-2.4069 0.0 0
-2.3969 0.0 0
-2.3869 0.0 0
-2.3769 0.0 0
-2.3669 0.0 0
-2.3569 0.0 0
-2.3469 0.0 0
-2.3369 0.0 0
-2.3269 0.0 0
-2.3169 0.0 0
-2.3069 0.0 0
-2.2969 0.0 0
-2.2869 0.0 0
-2.2769 0.0 0
-2.2669 0.0 0
-2.2569 0.0 0
-2.2469 0.0 0
-2.2369 0.0 0
-2.2269 0.0 0
-2.2169 0.0 0
-2.2069 0.0 0
-2.1969 0.0 0
-2.1869 0.0 0
-2.1769 0.0 0
-2.1669 0.0 0
-2.1569 0.0 0
-2.1469 0.0 0
-2.1369 0.0 0
-2.1269 0.0 0
-2.1169 0.0 0
-2.1069 0.0 0
-2.0969 0.0 0
-2.0869 0.0 0
-2.0769 0.0 0
-2.0669 0.0 0
-2.0569 0.0 0
-2.0469 0.0 0
-2.0369 0.0 0
-2.0269 0.0 0
-2.0169 0.0 0
-2.0069 0.0 0
-1.9969 0.0 0
-1.9869 0.0 0
-1.9769 0.0 0
-1.9669 0.0 0
-1.9569 0.0 0
-1.9469 0.0 0
-1.9369 0.0 0
-1.9269 0.0 0
-1.9169 0.0 0
-1.9069 0.0 0
-1.8969 0.0 0
-1.8869 0.0 0
-1.8769 0.0 0
-1.8669 0.0 0
-1.8569 0.0 0
-1.8469 0.0 0
-1.8369 0.0 0
-1.8269 0.0 0
-1.8169 0.0 0
-1.8069 0.0 0
-1.7969 0.0 0
-1.7869 0.0 0
-1.7769 0.0 0
-1.7669 0.0 0
-1.7569 0.0 0
-1.7469 0.0 0
-1.7369 0.0 0
-1.7269 0.0 0
-1.7169 0.0 0
-1.7069 0.0 0
-1.6969 0.0 0
-1.6869 0.0 0
-1.6769 0.0 0
-1.6669 0.0 0
-1.6569 0.0 0
-1.6469 0.0 0
-1.6369 0.0 0
-1.6269 0.0 0
-1.6169 0.0 0
-1.6069 0.0 0
-1.5969 0.0 0
-1.5869 0.0 0
-1.5769 0.0 0
-1.5669 0.0 0
-1.5569 0.0 0
-1.5469 0.0 0
-1.5369 0.0 0
-1.5269 0.0 0
-1.5169 0.0 0
-1.5069 0.0 0
-1.4969 0.0 0
-1.4869 0.0 0
-1.4769 0.0 0
-1.4669 0.0 0
-1.4569 0.0 0
-1.4469 0.0 0
-1.4369 0.0 0
-1.4269 0.0 -8.47e-26
-1.4169 0.0 -1.78e-25
-1.4069 0.0 -3.69e-25
-1.3969 0.0 -7.57e-25
-1.3869 0.0 -1.54e-24
-1.3769 0.0 -3.09e-24
-1.3669 0.0 -6.14e-24
-1.3569 0.0 -1.21e-23
-1.3469 0.0 -2.35e-23
-1.3369 0.0 -4.51e-23
-1.3269 0.0 -8.59e-23
-1.3169 0.0 -1.62e-22
-1.3069 0.0 -3.01e-22
-1.2969 0.0 -5.55e-22
-1.2869 0.0 -1.01e-21
-1.2769 0.0 -1.82e-21
-1.2669 0.0 -3.25e-21
-1.2569 0.0 -5.74e-21
-1.2469 0.0 -1e-20
-1.2369 0.0 -1.73e-20
-1.2269 0.0 -2.96e-20
-1.2169 0.0 -5e-20
-1.2069 0.0 -8.36e-20
-1.1969 0.0 -1.38e-19
-1.1869 0.0 -2.26e-19
-1.1769 0.0 -3.66e-19
-1.1669 0.0 -5.86e-19
-1.1569 0.0 -9.28e-19
-1.1469 0.0 -1.45e-18
-1.1369 0.0 -2.25e-18
-1.1269 0.0 -3.46e-18
-1.1169 0.0 -5.24e-18
-1.1069 0.0 -7.87e-18
-1.0969 6.38e-25 -1.17e-17
-1.0869 1.34e-24 -1.72e-17
-1.0769 2.79e-24 -2.49e-17
-1.0669 5.74e-24 -3.58e-17
-1.0569 1.17e-23 -5.09e-17
-1.0469 2.36e-23 -7.16e-17
-1.0369 4.7e-23 -9.96e-17
-1.0269 9.26e-23 -1.37e-16
-1.0169 1.81e-22 -1.87e-16
-1.0069 3.48e-22 -2.52e-16
-0.9969 6.65e-22 -3.35e-16
-0.9869 1.25e-21 -4.42e-16
-0.9769 2.34e-21 -5.76e-16
-0.9669 4.33e-21 -7.43e-16
-0.9569 7.92e-21 -9.48e-16
-0.9469 1.43e-20 -1.2e-15
-0.9369 2.56e-20 -1.5e-15
-0.9269 4.53e-20 -1.85e-15
-0.9169 7.93e-20 -2.26e-15
-0.9069 1.37e-19 -2.73e-15
-0.8969 2.35e-19 -3.26e-15
-0.8869 3.99e-19 -3.86e-15
-0.8769 6.68e-19 -4.52e-15
-0.8669 1.11e-18 -5.23e-15
-0.8569 1.82e-18 -6e-15
-0.8469 2.95e-18 -6.79e-15
-0.8369 4.74e-18 -7.62e-15
-0.8269 7.53e-18 -8.44e-15
-0.8169 1.18e-17 -9.26e-15
-0.8069 1.84e-17 -1.01e-14
-0.7969 2.83e-17 -1.08e-14
-0.7869 4.3e-17 -1.15e-14
-0.7769 6.47e-17 -1.2e-14
-0.7669 9.63e-17 -1.25e-14
-0.7569 1.42e-16 -1.29e-14
-0.7469 2.07e-16 -1.31e-14
-0.7369 2.98e-16 -1.32e-14
-0.7269 4.24e-16 -1.31e-14
-0.7169 5.99e-16 -1.29e-14
-0.7069 8.35e-16 -1.26e-14
-0.6969 1.15e-15 -1.21e-14
-0.6869 1.57e-15 -1.15e-14
-0.6769 2.13e-15 -1.09e-14
-0.6669 2.84e-15 -1.02e-14
-0.6569 3.75e-15 -9.37e-15
-0.6469 4.91e-15 -8.56e-15
-0.6369 6.35e-15 -7.73e-15
-0.6269 8.13e-15 -6.9e-15
-0.6169 1.03e-14 -6.1e-15
-0.6069 1.29e-14 -5.33e-15
-0.5969 1.6e-14 -4.61e-15
-0.5869 1.96e-14 -3.95e-15
-0.5769 2.37e-14 -3.34e-15
-0.5669 2.84e-14 -2.8e-15
-0.5569 3.37e-14 -2.32e-15
-0.5469 3.96e-14 -1.9e-15
-0.5369 4.6e-14 -1.54e-15
-0.5269 5.28e-14 -1.23e-15
-0.5169 6e-14 -9.79e-16
-0.5069 6.74e-14 -7.69e-16
-0.4969 7.5e-14 -5.97e-16
-0.4869 8.25e-14 -4.58e-16
-0.4769 8.98e-14 -3.48e-16
-0.4669 9.66e-14 -2.62e-16
-0.4569 1.03e-13 -1.95e-16
-0.4469 1.08e-13 -1.43e-16
-0.4369 1.13e-13 -1.04e-16
-0.4269 1.16e-13 -7.49e-17
-0.4169 1.19e-13 -5.34e-17
-0.4069 1.2e-13 -3.76e-17
-0.3969 1.2e-13 -2.62e-17
-0.3869 1.18e-13 -1.81e-17
-0.3769 1.15e-13 -1.23e-17
-0.3669 1.11e-13 -8.31e-18
-0.3569 1.07e-13 -5.54e-18
-0.3469 1.01e-13 -3.66e-18
-0.3369 9.43e-14 -2.39e-18
-0.3269 8.72e-14 -1.54e-18
-0.3169 7.99e-14 -9.87e-19
-0.3069 7.23e-14 -6.24e-19
-0.2969 6.48e-14 -3.9e-19
-0.2869 5.74e-14 -2.42e-19
-0.2769 5.03e-14 -1.48e-19
-0.2669 4.37e-14 -8.95e-20
-0.2569 3.75e-14 -5.36e-20
-0.2469 3.18e-14 -3.18e-20
-0.2369 2.67e-14 -1.86e-20
-0.2269 2.22e-14 -1.08e-20
-0.2169 1.82e-14 -6.2e-21
-0.2069 1.48e-14 -3.52e-21
-0.1969 1.19e-14 -1.97e-21
-0.1869 9.47e-15 -1.1e-21
-0.1769 7.46e-15 -6.03e-22
-0.1669 5.8e-15 -3.27e-22
-0.1569 4.47e-15 -1.76e-22
-0.1469 3.41e-15 -9.37e-23
-0.1369 2.57e-15 -4.93e-23
-0.1269 1.91e-15 -2.57e-23
-0.1169 1.41e-15 -1.32e-23
-0.1069 1.03e-15 -6.73e-24
-0.0969 7.43e-16 -3.39e-24
-0.0869 5.31e-16 -1.69e-24
-0.0769 3.75e-16 -8.34e-25
-0.0669 2.62e-16 -4.07e-25
-0.0569 1.81e-16 -1.96e-25
-0.0469 1.24e-16 -9.37e-26
-0.0369 8.37e-17 0
-0.0269 5.6e-17 0
-0.0169 3.71e-17 0
-0.0069 2.43e-17 0
0.0031 1.57e-17 0
0.0131 1.01e-17 0
0.0231 6.4e-18 0
0.0331 4.01e-18 0
0.0431 2.49e-18 0
0.0531 1.53e-18 0
0.0631 9.28e-19 0
0.0731 5.57e-19 0
0.0831 3.31e-19 0
0.0931 1.95e-19 0
0.1031 1.13e-19 0
0.1131 6.51e-20 0
0.1231 3.71e-20 0
0.1331 2.09e-20 0
0.1431 1.16e-20 0
0.1531 6.4e-21 0
0.1631 3.49e-21 0
0.1731 1.88e-21 0
0.1831 1e-21 0
0.1931 5.29e-22 0
0.2031 2.76e-22 0
0.2131 1.43e-22 0
0.2231 7.29e-23 0
0.2331 3.68e-23 0
0.2431 1.84e-23 0
0.2531 9.1e-24 0
0.2631 4.45e-24 0
0.2731 2.16e-24 0
0.2831 1.03e-24 0
0.2931 0.0 0
0.3031 0.0 0
0.3131 0.0 0
0.3231 0.0 0
0.3331 0.0 0
0.3431 0.0 0
0.3531 0.0 0
0.3631 0.0 0
0.3731 0.0 0
0.3831 0.0 0
0.3931 0.0 0
0.4031 0.0 0
0.4131 0.0 0
0.4231 0.0 0
0.4331 0.0 0
0.4431 0.0 0
0.4531 0.0 0
0.4631 0.0 0
0.4731 0.0 0
0.4831 0.0 0
0.4931 0.0 0
0.5031 0.0 0
0.5131 0.0 0
0.5231 0.0 0
0.5331 0.0 0
0.5431 0.0 0
0.5531 0.0 0
0.5631 0.0 0
0.5731 0.0 0
0.5831 0.0 0
0.5931 0.0 0
0.6031 0.0 0
0.6131 0.0 0
0.6231 0.0 0
0.6331 0.0 0
0.6431 0.0 0
0.6531 0.0 0
0.6631 0.0 0
0.6731 0.0 0
0.6831 0.0 0
0.6931 0.0 0
0.7031 0.0 0
0.7131 0.0 0
0.7231 0.0 0
0.7331 0.0 0
0.7431 0.0 0
0.7531 0.0 0
0.7631 0.0 0
0.7731 0.0 0
0.7831 0.0 0
0.7931 0.0 0
0.8031 0.0 0
0.8131 0.0 0
0.8231 0.0 0
0.8331 0.0 0
0.8431 0.0 0
0.8531 0.0 0
0.8631 0.0 0
0.8731 0.0 0
0.8831 0.0 0
0.8931 0.0 0
0.9031 0.0 0
0.9131 0.0 0
0.9231 0.0 0
0.9331 0.0 0
0.9431 0.0 0
0.9531 0.0 0
0.9631 0.0 0
0.9731 0.0 0
0.9831 0.0 0
0.9931 0.0 0
1.0031 0.0 0
1.0131 0.0 0
1.0231 0.0 0
1.0331 0.0 0
1.0431 0.0 0
1.0531 0.0 0
1.0631 0.0 0
1.0731 0.0 0
1.0831 0.0 0
1.0931 0.0 0
1.1031 0.0 0
1.1131 0.0 0
1.1231 0.0 0
1.1331 0.0 0
1.1431 0.0 0
1.1531 0.0 0
1.1631 0.0 0
1.1731 0.0 0
1.1831 0.0 0
1.1931 0.0 0
1.2031 0.0 0
1.2131 0.0 0
1.2231 0.0 0
1.2331 0.0 0
1.2431 0.0 0
1.2531 0.0 0
1.2631 0.0 0
1.2731 0.0 0
1.2831 0.0 0
1.2931 0.0 0
1.3031 0.0 0
1.3131 0.0 0
1.3231 0.0 0
1.3331 0.0 0
1.3431 0.0 0
1.3531 0.0 0
1.3631 0.0 0
1.3731 0.0 0
1.3831 0.0 0
1.3931 0.0 0
1.4031 0.0 0
1.4131 0.0 0
1.4231 0.0 0
1.4331 0.0 0
1.4431 0.0 0
1.4531 0.0 0
1.4631 0.0 0
1.4731 0.0 0
1.4831 0.0 0
1.4931 0.0 0
1.5031 0.0 0
1.5131 0.0 0
1.5231 0.0 0
1.5331 0.0 0
1.5431 0.0 0
1.5531 0.0 0
1.5631 0.0 0
1.5731 0.0 0
1.5831 0.0 0
1.5931 0.0 0
1.6031 0.0 0
1.6131 0.0 0
1.6231 0.0 0
1.6331 0.0 0
1.6431 0.0 0
1.6531 0.0 0
1.6631 0.0 0
1.6731 0.0 0
1.6831 0.0 0
1.6931 0.0 0
1.7031 0.0 0
1.7131 0.0 0
1.7231 0.0 0
1.7331 0.0 0
1.7431 0.0 0
1.7531 0.0 0
1.7631 0.0 0
1.7731 0.0 0
1.7831 0.0 0
1.7931 0.0 0
1.8031 0.0 0
1.8131 0.0 0
1.8231 0.0 0
1.8331 0.0 0
1.8431 0.0 0
1.8531 0.0 0
1.8631 0.0 0
1.8731 0.0 0
1.8831 0.0 0
1.8931 0.0 0
1.9031 0.0 0
1.9131 0.0 0
1.9231 0.0 0
1.9331 0.0 0
1.9431 0.0 0
1.9531 0.0 0
1.9631 0.0 0
1.9731 0.0 0
1.9831 0.0 0
1.9931 0.0 0
2.0031 0.0 0
2.0131 0.0 0
2.0231 0.0 0
2.0331 0.0 0
2.0431 0.0 0
2.0531 0.0 0
2.0631 0.0 0
2.0731 0.0 0
2.0831 0.0 0
2.0931 0.0 0
2.1031 0.0 0
2.1131 0.0 0
2.1231 0.0 0
2.1331 0.0 0
2.1431 0.0 0
2.1531 0.0 0
2.1631 0.0 0
2.1731 0.0 0
2.1831 0.0 0
2.1931 0.0 0
2.2031 0.0 0
2.2131 0.0 0
2.2231 0.0 0
2.2331 0.0 0
2.2431 0.0 0
2.2531 0.0 0
2.2631 0.0 0
2.2731 0.0 0
2.2831 0.0 0
2.2931 0.0 0
2.3031 0.0 0
2.3131 0.0 0
2.3231 0.0 0
2.3331 0.0 0
2.3431 0.0 0
2.3531 0.0 0
2.3631 0.0 0
2.3731 0.0 0
2.3831 0.0 0
2.3931 0.0 0
2.4031 0.0 0
2.4131 0.0 0
2.4231 0.0 0
2.4331 0.0 0
2.4431 0.0 0
2.4531 0.0 0
2.4631 0.0 0
2.4731 0.0 0
2.4831 0.0 0
2.4931 0.0 0
2.5031 0.0 0
2.5131 0.0 0
2.5231 0.0 0
2.5331 0.0 0
2.5431 0.0 0
2.5531 0.0 0
2.5631 0.0 0
2.5731 0.0 0
2.5831 0.0 0
2.5931 0.0 0
2.6031 0.0 0
2.6131 0.0 0
2.6231 0.0 0
2.6331 0.0 0
2.6431 0.0 0
2.6531 0.0 0
2.6631 0.0 0
2.6731 0.0 0
2.6831 0.0 0
2.6931 0.0 0
2.7031 0.0 0
2.7131 0.0 0
2.7231 0.0 0
2.7331 0.0 0
2.7431 0.0 0
2.7531 0.0 0
2.7631 0.0 0
2.7731 0.0 0
2.7831 0.0 0
2.7931 0.0 0
2.8031 0.0 0
2.8131 0.0 0
2.8231 0.0 0
2.8331 0.0 0
2.8431 0.0 0
2.8531 0.0 0
2.8631 0.0 0
2.8731 0.0 0
2.8831 0.0 0
2.8931 0.0 0
2.9031 0.0 0
2.9131 0.0 0
2.9231 0.0 0
2.9331 0.0 0
2.9431 0.0 0
2.9531 0.0 0
2.9631 0.0 0
2.9731 0.0 0
2.9831 0.0 0
2.9931 0.0 0
3.0031 0.0 0
3.0131 0.0 0
3.0231 0.0 0
3.0331 0.0 0
3.0431 0.0 0
3.0531 0.0 0
3.0631 0.0 0
3.0731 0.0 0
3.0831 0.0 0
3.0931 0.0 0
3.1031 0.0 0
3.1131 0.0 0
3.1231 0.0 0
3.1331 0.0 0
3.1431 0.0 0
3.1531 0.0 0
3.1631 0.0 0
3.1731 0.0 0
3.1831 0.0 0
3.1931 0.0 0
3.2031 0.0 0
3.2131 0.0 0
3.2231 0.0 0
3.2331 0.0 0
3.2431 0.0 0
3.2531 0.0 0
3.2631 0.0 0
3.2731 0.0 0
3.2831 0.0 0
3.2931 0.0 0
3.3031 0.0 0
3.3131 0.0 0
3.3231 0.0 0
3.3331 0.0 0
3.3431 0.0 0
3.3531 0.0 0
3.3631 0.0 0
3.3731 0.0 0
3.3831 0.0 0
3.3931 0.0 0
3.4031 0.0 0
3.4131 0.0 0
3.4231 0.0 0
3.4331 0.0 0
3.4431 0.0 0
3.4531 0.0 0
3.4631 0.0 0
3.4731 0.0 0
3.4831 0.0 0
3.4931 0.0 0
3.5031 0.0 0
3.5131 0.0 0
3.5231 0.0 0
3.5331 0.0 0
3.5431 0.0 0
3.5531 0.0 0
3.5631 0.0 0
3.5731 0.0 0
3.5831 0.0 0
3.5931 0.0 0
3.6031 0.0 0
3.6131 0.0 0
3.6231 0.0 0
3.6331 0.0 0
3.6431 0.0 0
3.6531 0.0 0
3.6631 0.0 0
3.6731 0.0 0
3.6831 0.0 0
3.6931 0.0 0
3.7031 0.0 0
3.7131 0.0 0
3.7231 0.0 0
3.7331 0.0 0
3.7431 0.0 0
3.7531 0.0 0
3.7631 0.0 0
3.7731 0.0 0
3.7831 0.0 0
3.7931 0.0 0
3.8031 0.0 0
3.8131 0.0 0
3.8231 0.0 0
3.8331 0.0 0
3.8431 0.0 0
3.8531 0.0 0
3.8631 0.0 0
3.8731 0.0 0
3.8831 0.0 0
3.8931 0.0 0
3.9031 0.0 0
3.9131 0.0 0
3.9231 0.0 0
3.9331 0.0 0
3.9431 0.0 0
3.9531 0.0 0
3.9631 0.0 0
3.9731 0.0 0
3.9831 0.0 0
3.9931 0.0 0
4.0031 0.0 0
4.0131 0.0 0
4.0231 0.0 0
4.0331 0.0 0
4.0431 0.0 0
4.0531 0.0 0
4.0631 0.0 0
4.0731 0.0 0
4.0831 0.0 0
4.0931 0.0 0
4.1031 0.0 0
4.1131 0.0 0
4.1231 0.0 0
4.1331 0.0 0
4.1431 0.0 0
4.1531 0.0 0
4.1631 0.0 0
4.1731 0.0 0
4.1831 0.0 0
4.1931 0.0 0
4.2031 0.0 0
4.2131 0.0 0
4.2231 0.0 0
4.2331 0.0 0
4.2431 0.0 0
4.2531 0.0 0
4.2631 0.0 0
4.2731 0.0 0
4.2831 0.0 0
4.2931 0.0 0
4.3031 0.0 0
4.3131 0.0 0
4.3231 0.0 0
4.3331 0.0 0
4.3431 0.0 0
4.3531 0.0 0
4.3631 0.0 0
4.3731 0.0 0
4.3831 0.0 0
4.3931 0.0 0
4.4031 0.0 0
4.4131 0.0 0
4.4231 0.0 0
4.4331 0.0 0
4.4431 0.0 0
4.4531 0.0 0
4.4631 0.0 0
4.4731 0.0 0
4.4831 0.0 0
4.4931 0.0 0
4.5031 0.0 0
4.5131 0.0 0
4.5231 0.0 0
4.5331 0.0 0
4.5431 0.0 0
4.5531 0.0 0
4.5631 0.0 0
4.5731 0.0 0
4.5831 0.0 0
4.5931 0.0 0
4.6031 0.0 0
4.6131 0.0 0
4.6231 0.0 0
4.6331 0.0 0
4.6431 0.0 0
4.6531 0.0 0
4.6631 0.0 0
4.6731 0.0 0
4.6831 0.0 0
4.6931 0.0 0
4.7031 0.0 0
4.7131 0.0 0
4.7231 0.0 0
4.7331 0.0 0
4.7431 0.0 0
4.7531 0.0 0
4.7631 0.0 0
4.7731 0.0 0
4.7831 0.0 0
4.7931 0.0 0
4.8031 0.0 0
4.8131 0.0 0
4.8231 0.0 0
4.8331 0.0 0
4.8431 0.0 0
4.8531 0.0 0
4.8631 0.0 0
4.8731 0.0 0
4.8831 0.0 0
4.8931 0.0 0
4.9031 0.0 0
4.9131 0.0 0
4.9231 0.0 0
4.9331 0.0 0
4.9431 0.0 0
4.9531 0.0 0
4.9631 0.0 0
4.9731 0.0 0
4.9831 0.0 0
4.9931 0.0 0
5.0031 0.0 0
5.0131 0.0 0
5.0231 0.0 0
5.0331 0.0 0
5.0431 0.0 0
5.0531 0.0 0
5.0631 0.0 0
5.0731 0.0 0
5.0831 0.0 0
5.0931 0.0 0
5.1031 0.0 0
5.1131 0.0 0
5.1231 0.0 0
5.1331 0.0 0
5.1431 0.0 0
5.1531 0.0 0
5.1631 0.0 0
5.1731 0.0 0
5.1831 0.0 0
5.1931 0.0 0
5.2031 0.0 0
5.2131 0.0 0
5.2231 0.0 0
5.2331 0.0 0
5.2431 0.0 0
5.2531 0.0 0
5.2631 0.0 0
5.2731 0.0 0
5.2831 0.0 0
5.2931 0.0 0
5.3031 0.0 0
5.3131 0.0 0
5.3231 0.0 0
5.3331 0.0 0
5.3431 0.0 0
5.3531 0.0 0
5.3631 0.0 0
5.3731 0.0 0
5.3831 0.0 0
5.3931 0.0 0
5.4031 0.0 0
5.4131 0.0 0
5.4231 0.0 0
5.4331 0.0 0
5.4431 0.0 0
5.4531 0.0 0
5.4631 0.0 0
5.4731 0.0 0
5.4831 0.0 0
5.4931 0.0 0
5.5031 0.0 0
5.5131 0.0 0
5.5231 0.0 0
5.5331 0.0 0
5.5431 0.0 0
5.5531 0.0 0
5.5631 0.0 0
5.5731 0.0 0
5.5831 0.0 0
5.5931 0.0 0
5.6031 0.0 0
5.6131 0.0 0
5.6231 0.0 0
5.6331 0.0 0
5.6431 0.0 0
5.6531 0.0 0
5.6631 0.0 0
5.6731 0.0 0
5.6831 0.0 0
5.6931 0.0 0
5.7031 0.0 0
5.7131 0.0 0
5.7231 0.0 0
5.7331 0.0 0
5.7431 0.0 0
5.7531 0.0 0
5.7631 0.0 0
5.7731 0.0 0
5.7831 0.0 0
5.7931 0.0 0
5.8031 0.0 0
5.8131 0.0 0
5.8231 0.0 0
5.8331 0.0 0
5.8431 0.0 0
5.8531 0.0 0
5.8631 0.0 0
5.8731 0.0 0
5.8831 0.0 0
5.8931 0.0 0
5.9031 0.0 0
5.9131 0.0 0
5.9231 0.0 0
5.9331 0.0 0
5.9431 0.0 0
5.9531 0.0 0
5.9631 0.0 0
5.9731 0.0 0
5.9831 0.0 0
5.9931 0.0 0
6.0031 0.0 0
6.0131 0.0 0
6.0231 0.0 -3.3e-20
6.0331 0.0 -6.96e-20
6.0431 9.13e-22 -1.45e-19
6.0531 1.92e-21 -2.99e-19
6.0631 4e-21 -6.1e-19
6.0731 8.25e-21 -1.23e-18
6.0831 1.68e-20 -2.46e-18
6.0931 3.39e-20 -4.86e-18
6.1031 6.76e-20 -9.49e-18
6.1131 1.33e-19 -1.83e-17
6.1231 2.6e-19 -3.51e-17
6.1331 5.03e-19 -6.63e-17
6.1431 9.61e-19 -1.24e-16
6.1531 1.82e-18 -2.3e-16
6.1631 3.39e-18 -4.21e-16
6.1731 6.28e-18 -7.62e-16
6.1831 1.15e-17 -1.37e-15
6.1931 2.08e-17 -2.42e-15
6.2031 3.72e-17 -4.25e-15
6.2131 6.59e-17 -7.37e-15
6.2231 1.15e-16 -1.26e-14
6.2331 2e-16 -2.15e-14
6.2431 3.43e-16 -3.61e-14
6.2531 5.82e-16 -5.99e-14
6.2631 9.77e-16 -9.85e-14
6.2731 1.62e-15 -1.6e-13
6.2831 2.66e-15 -2.58e-13
6.2931 4.32e-15 -4.1e-13
6.3031 6.95e-15 -6.45e-13
6.3131 1.1e-14 -1e-12
6.3231 1.74e-14 -1.55e-12
6.3331 2.7e-14 -2.36e-12
6.3431 4.16e-14 -3.56e-12
6.3531 6.34e-14 -5.3e-12
6.3631 9.54e-14 -7.82e-12
6.3731 1.42e-13 -1.14e-11
6.3831 2.1e-13 -1.65e-11
6.3931 3.06e-13 -2.35e-11
6.4031 4.41e-13 -3.33e-11
6.4131 6.29e-13 -4.65e-11
6.4231 8.88e-13 -6.43e-11
6.4331 1.24e-12 -8.79e-11
6.4431 1.71e-12 -1.19e-10
6.4531 2.34e-12 -1.59e-10
6.4631 3.16e-12 -2.11e-10
6.4731 4.23e-12 -2.76e-10
6.4831 5.6e-12 -3.58e-10
6.4931 7.33e-12 -4.59e-10
6.5031 9.49e-12 -5.82e-10
6.5131 1.22e-11 -7.31e-10
6.5231 1.54e-11 -9.07e-10
6.5331 1.93e-11 -1.11e-09
6.5431 2.39e-11 -1.35e-09
6.5531 2.94e-11 -1.62e-09
6.5631 3.56e-11 -1.93e-09
6.5731 4.28e-11 -2.27e-09
6.5831 5.08e-11 -2.64e-09
6.5931 5.97e-11 -3.04e-09
6.6031 6.93e-11 -3.46e-09
6.6131 7.97e-11 -3.9e-09
6.6231 9.07e-11 -4.34e-09
6.6331 1.02e-10 -4.78e-09
6.6431 1.14e-10 -5.22e-09
6.6531 1.25e-10 -5.62e-09
6.6631 1.36e-10 -6e-09
6.6731 1.47e-10 -6.33e-09
6.6831 1.56e-10 -6.61e-09
6.6931 1.65e-10 -6.83e-09
6.7031 1.72e-10 -6.98e-09
6.7131 1.78e-10 -7.05e-09
6.7231 1.81e-10 -7.05e-09
6.7331 1.83e-10 -6.98e-09
6.7431 1.83e-10 -6.83e-09
6.7531 1.81e-10 -6.61e-09
6.7631 1.77e-10 -6.33e-09
6.7731 1.71e-10 -6e-09
6.7831 1.63e-10 -5.62e-09
6.7931 1.55e-10 -5.21e-09
6.8031 1.45e-10 -4.78e-09
6.8131 1.34e-10 -4.34e-09
6.8231 1.23e-10 -3.89e-09
6.8331 1.11e-10 -3.45e-09
6.8431 9.99e-11 -3.03e-09
6.8531 8.86e-11 -2.64e-09
6.8631 7.78e-11 -2.27e-09
6.8731 6.75e-11 -1.93e-09
6.8831 5.8e-11 -1.62e-09
6.8931 4.93e-11 -1.35e-09
6.9031 4.14e-11 -1.11e-09
6.9131 3.44e-11 -9.04e-10
6.9231 2.83e-11 -7.29e-10
6.9331 2.3e-11 -5.81e-10
6.9431 1.85e-11 -4.58e-10
6.9531 1.48e-11 -3.57e-10
6.9631 1.16e-11 -2.75e-10
6.9731 9.06e-12 -2.1e-10
6.9831 6.98e-12 -1.59e-10
6.9931 5.33e-12 -1.19e-10
7.0031 4.02e-12 -8.76e-11
7.0131 3e-12 -6.4e-11
7.0231 2.21e-12 -4.63e-11
7.0331 1.62e-12 -3.31e-11
7.0431 1.17e-12 -2.34e-11
7.0531 8.35e-13 -1.64e-11
7.0631 5.9e-13 -1.14e-11
7.0731 4.13e-13 -7.79e-12
7.0831 2.86e-13 -5.28e-12
7.0931 1.95e-13 -3.54e-12
7.1031 1.32e-13 -2.35e-12
7.1131 8.86e-14 -1.54e-12
7.1231 5.87e-14 -9.99e-13
7.1331 3.85e-14 -6.42e-13
7.1431 2.5e-14 -4.08e-13
7.1531 1.6e-14 -2.56e-13
7.1631 1.02e-14 -1.59e-13
7.1731 6.38e-15 -9.79e-14
7.1831 3.96e-15 -5.96e-14
7.1931 2.43e-15 -3.58e-14
7.2031 1.48e-15 -2.13e-14
7.2131 8.9e-16 -1.26e-14
7.2231 5.29e-16 -7.32e-15
7.2331 3.11e-16 -4.22e-15
7.2431 1.81e-16 -2.13e-11
7.2531 1.04e-16 -4.45e-11
7.2631 5.94e-17 -9.18e-11
7.2731 3.35e-17 -1.87e-10
7.2831 1.87e-17 -3.78e-10
7.2931 1.03e-17 -7.56e-10
7.3031 5.62e-18 -1.49e-09
7.3131 3.03e-18 -2.92e-09
7.3231 1.62e-18 -5.65e-09
7.3331 8.54e-19 -1.08e-08
7.3431 4.46e-19 -2.05e-08
7.3531 1.99e-11 -3.83e-08
7.3631 4.15e-11 -7.09e-08
7.3731 8.58e-11 -1.3e-07
7.3831 1.75e-10 -2.36e-07
7.3931 3.54e-10 -4.22e-07
7.4031 7.07e-10 -7.49e-07
7.4131 1.4e-09 -1.31e-06
7.4231 2.73e-09 -2.28e-06
7.4331 5.29e-09 -3.92e-06
7.4431 1.01e-08 -6.65e-06
7.4531 1.92e-08 -1.12e-05
7.4631 3.59e-08 -1.86e-05
7.4731 6.65e-08 -3.06e-05
7.4831 1.22e-07 -4.97e-05
7.4931 2.21e-07 -8.01e-05
7.5031 3.97e-07 -0.000127
7.5131 7.04e-07 -0.000201
7.5231 1.24e-06 -0.000313
7.5331 2.15e-06 -0.000482
7.5431 3.69e-06 -0.000735
7.5531 6.26e-06 -0.00111
7.5631 1.05e-05 -0.00165
7.5731 1.75e-05 -0.00244
7.5831 2.88e-05 -0.00357
7.5931 4.69e-05 -0.00515
7.6031 7.55e-05 -0.00736
7.6131 0.00012 -0.0104
7.6231 0.00019 -0.0146
7.6331 0.000295 -0.0201
7.6431 0.000456 -0.0276
7.6531 0.000695 -0.0373
7.6631 0.00105 -0.05
7.6731 0.00157 -0.0662
7.6831 0.00231 -0.0868
7.6931 0.00338 -0.113
7.7031 0.00488 -0.144
7.7131 0.00698 -0.183
7.7231 0.00987 -0.23
7.7331 0.0138 -0.286
7.7431 0.0191 -0.351
7.7531 0.0262 -0.426
7.7631 0.0354 -0.513
7.7731 0.0475 -0.61
7.7831 0.063 -0.717
7.7931 0.0826 -0.835
7.8031 0.107 -0.961
7.8131 0.137 -1.09
7.8231 0.174 -1.23
7.8331 0.219 -1.37
7.8431 0.272 -1.52
7.8531 0.335 -1.65
7.8631 0.407 -1.78
7.8731 0.489 -1.9
7.8831 0.582 -2.01
7.8931 0.685 -2.1
7.9031 0.798 -2.17
7.9131 0.919 -2.22
7.9231 1.05 -2.25
7.9331 1.18 -2.25
7.9431 1.32 -2.22
7.9531 1.45 -2.18
7.9631 1.58 -2.11
7.9731 1.71 -2.02
7.9831 1.83 -1.92
7.9931 1.93 -1.8
8.0031 2.02 -1.67
8.0131 2.08 -1.53
8.0231 2.13 -1.39
8.0331 2.16 -1.25
8.0431 2.16 -1.11
8.0531 2.14 -0.973
8.0631 2.09 -0.846
8.0731 2.03 -0.728
8.0831 1.95 -0.619
8.0931 1.84 -0.521
8.1031 1.73 -0.434
8.1131 1.61 -0.357
8.1231 1.47 -0.291
8.1331 1.34 -0.235
8.1431 1.2 -0.187
8.1531 1.07 -0.148
8.1631 0.94 -0.115
8.1731 0.818 -0.0889
8.1831 0.704 -0.0679
8.1931 0.599 -0.0513
8.2031 0.504 -0.0383
8.2131 0.42 -0.0283
8.2231 0.346 -0.0207
8.2331 0.282 -0.015
8.2431 0.228 -0.0107
8.2531 0.181 -0.0076
8.2631 0.143 -0.00532
8.2731 0.112 -0.00369
8.2831 0.0864 -0.00253
8.2931 0.066 -0.00171
8.3031 0.0499 -0.00115
8.3131 0.0373 -0.000763
8.3231 0.0276 -0.000501
8.3331 0.0202 -0.000325
8.3431 0.0146 -0.000209
8.3531 0.0105 -0.000133
8.3631 0.00741 -8.35e-05
8.3731 0.00519 -5.2e-05
8.3831 0.0036 -3.2e-05
8.3931 0.00247 -1.95e-05
8.4031 0.00167 -1.17e-05
8.4131 0.00112 -6.98e-06
8.4231 0.000746 -4.11e-06
8.4331 0.00049 -2.4e-06
8.4431 0.000318 -1.38e-06
8.4531 0.000205 -7.88e-07
