-21.1569 1.96e-08 -0.000224
-21.1469 3.64e-08 -0.000343
-21.1369 6.68e-08 -0.000519
-21.1269 1.21e-07 -0.000776
-21.1169 2.17e-07 -0.00115
-21.1069 3.86e-07 -0.00168
-21.0969 6.77e-07 -0.00244
-21.0869 1.18e-06 -0.0035
-21.0769 2.02e-06 -0.00496
-21.0669 3.44e-06 -0.00695
-21.0569 5.78e-06 -0.00965
-21.0469 9.61e-06 -0.0132
-21.0369 1.58e-05 -0.018
-21.0269 2.57e-05 -0.0242
-21.0169 4.15e-05 -0.0321
-21.0069 6.61e-05 -0.0422
-20.9969 0.000104 -0.0549
-20.9869 0.000162 -0.0706
-20.9769 0.00025 -0.0898
-20.9669 0.000382 -0.113
-20.9569 0.000577 -0.141
-20.9469 0.000861 -0.174
-20.9369 0.00127 -0.212
-20.9269 0.00186 -0.255
-20.9169 0.00269 -0.304
-20.9069 0.00384 -0.359
-20.8969 0.00544 -0.419
-20.8869 0.00761 -0.484
-20.8769 0.0105 -0.553
-20.8669 0.0144 -0.625
-20.8569 0.0195 -0.698
-20.8469 0.0262 -0.772
-20.8369 0.0347 -0.845
-20.8269 0.0455 -0.914
-20.8169 0.0591 -0.979
-20.8069 0.0759 -1.04
-20.7969 0.0963 -1.09
-20.7869 0.121 -1.13
-20.7769 0.15 -1.15
-20.7669 0.185 -1.17
-20.7569 0.225 -1.18
-20.7469 0.27 -1.17
-20.7369 0.322 -1.15
-20.7269 0.379 -1.11
-20.7169 0.441 -1.07
-20.7069 0.508 -1.02
-20.6969 0.579 -0.956
-20.6869 0.653 -0.89
-20.6769 0.729 -0.819
-20.6669 0.804 -0.745
-20.6569 0.878 -0.671
-20.6469 0.948 -0.598
-20.6369 1.01 -0.527
-20.6269 1.07 -0.46
-20.6169 1.12 -0.397
-20.6069 1.16 -0.338
-20.5969 1.18 -0.286
-20.5869 1.2 -0.239
-20.5769 1.2 -0.197
-20.5669 1.19 -0.161
-20.5569 1.16 -0.13
-20.5469 1.13 -0.104
-20.5369 1.08 -0.0824
-20.5269 1.03 -0.0645
-20.5169 0.962 -0.0499
-20.5069 0.893 -0.0382
-20.4969 0.82 -0.029
-20.4869 0.745 -0.0217
-20.4769 0.669 -0.0161
-20.4669 0.595 -0.0118
-20.4569 0.523 -0.00857
-20.4469 0.455 -0.00615
-20.4369 0.392 -0.00437
-20.4269 0.334 -0.00307
-20.4169 0.281 -0.00213
-20.4069 0.234 -0.00147
-20.3969 0.193 -0.000997
-20.3869 0.157 -0.000671
-20.3769 0.127 -0.000446
-20.3669 0.101 -0.000294
-20.3569 0.0799 -0.000191
-20.3469 0.0624 -0.000123
-20.3369 0.0482 -7.86e-05
-20.3269 0.0368 -4.96e-05
-20.3169 0.0279 -3.09e-05
-20.3069 0.0208 -1.91e-05
-20.2969 0.0154 -1.17e-05
-20.2869 0.0113 -7.04e-06
-20.2769 0.00817 -4.2e-06
-20.2669 0.00585 -2.48e-06
-20.2569 0.00414 -1.45e-06
-20.2469 0.0029 -8.4e-07
-20.2369 0.00201 -4.8e-07
-20.2269 0.00138 -2.72e-07
-20.2169 0.000937 -1.52e-07
-20.2069 0.000629 -8.43e-08
-20.1969 0.000418 -4.62e-08
-20.1869 0.000274 -2.5e-08
-20.1769 0.000178 -1.34e-08
-20.1669 0.000115 -7.12e-09
-20.1569 7.29e-05 -3.74e-09
-20.1469 4.59e-05 -1.94e-09
-20.1369 2.86e-05 -9.97e-10
-20.1269 1.76e-05 -5.06e-10
-20.1169 1.07e-05 -2.54e-10
-20.1069 6.45e-06 -1.27e-10
-20.0969 3.85e-06 -6.22e-11
-20.0869 2.27e-06 -3.03e-11
-20.0769 1.32e-06 -1.46e-11
-20.0669 7.63e-07 -6.94e-12
-20.0569 4.36e-07 -7.37e-19
-20.0469 2.46e-07 -1e-18
-20.0369 1.37e-07 -1.35e-18
-20.0269 7.6e-08 -1.79e-18
-20.0169 4.15e-08 -2.36e-18
-20.0069 2.25e-08 -3.08e-18
-19.9969 1.2e-08 -3.97e-18
-19.9869 6.36e-09 -5.06e-18
-19.9769 3.33e-09 -6.38e-18
-19.9669 1.72e-09 -7.96e-18
-19.9569 8.84e-10 -9.82e-18
-19.9469 4.48e-10 -1.2e-17
-19.9369 2.25e-10 -1.45e-17
-19.9269 1.11e-10 -1.73e-17
-19.9169 5.47e-11 -2.05e-17
-19.9069 2.65e-11 -2.39e-17
-19.8969 1.27e-11 -2.77e-17
-19.8869 6.05e-12 -3.17e-17
-19.8769 4.73e-17 -3.58e-17
-19.8669 6.71e-17 -4.01e-17
-19.8569 9.4e-17 -4.45e-17
-19.8469 1.3e-16 -4.87e-17
-19.8369 1.79e-16 -5.28e-17
-19.8269 2.43e-16 -5.67e-17
-19.8169 3.26e-16 -6.01e-17
-19.8069 4.32e-16 -6.31e-17
-19.7969 5.68e-16 -6.55e-17
-19.7869 7.38e-16 -6.73e-17
-19.7769 9.49e-16 -6.84e-17
-19.7669 1.21e-15 -6.87e-17
-19.7569 1.52e-15 -6.83e-17
-19.7469 1.89e-15 -6.72e-17
-19.7369 2.33e-15 -6.54e-17
-19.7269 2.83e-15 -6.3e-17
-19.7169 3.41e-15 -6e-17
-19.7069 4.07e-15 -5.65e-17
-19.6969 4.79e-15 -5.26e-17
-19.6869 5.59e-15 -4.85e-17
-19.6769 6.45e-15 -4.43e-17
-19.6669 7.37e-15 -3.99e-17
-19.6569 8.32e-15 -3.56e-17
-19.6469 9.29e-15 -3.15e-17
-19.6369 1.03e-14 -2.75e-17
-19.6269 1.12e-14 -2.38e-17
-19.6169 1.21e-14 -2.03e-17
-19.6069 1.3e-14 -1.72e-17
-19.5969 1.37e-14 -1.44e-17
-19.5869 1.44e-14 -1.19e-17
-19.5769 1.49e-14 -9.73e-18
-19.5669 1.53e-14 -7.88e-18
-19.5569 1.55e-14 -6.31e-18
-19.5469 1.55e-14 -5e-18
-19.5369 1.54e-14 -3.92e-18
-19.5269 1.51e-14 -3.04e-18
-19.5169 1.47e-14 -2.33e-18
-19.5069 1.41e-14 -1.77e-18
-19.4969 1.34e-14 -1.33e-18
-19.4869 1.26e-14 -9.88e-19
-19.4769 1.17e-14 -7.26e-19
-19.4669 1.07e-14 -5.28e-19
-19.4569 9.77e-15 -3.79e-19
-19.4469 8.79e-15 -2.7e-19
-19.4369 7.83e-15 -1.9e-19
-19.4269 6.9e-15 -1.32e-19
-19.4169 6.01e-15 -9.11e-20
-19.4069 5.18e-15 -6.2e-20
-19.3969 4.42e-15 -4.18e-20
-19.3869 3.72e-15 -2.79e-20
-19.3769 3.11e-15 -1.84e-20
-19.3669 2.57e-15 -1.2e-20
-19.3569 2.09e-15 -7.74e-21
-19.3469 1.69e-15 -4.94e-21
-19.3369 1.35e-15 -3.12e-21
-19.3269 1.07e-15 -1.95e-21
-19.3169 8.36e-16 -1.21e-21
-19.3069 6.47e-16 -7.38e-22
-19.2969 4.95e-16 -4.46e-22
-19.2869 3.75e-16 -2.67e-22
-19.2769 2.81e-16 -1.58e-22
-19.2669 2.08e-16 -9.26e-23
-19.2569 1.52e-16 -5.36e-23
-19.2469 1.11e-16 -3.07e-23
-19.2369 7.93e-17 -1.74e-23
-19.2269 5.62e-17 -9.77e-24
-19.2169 3.95e-17 -5.42e-24
-19.2069 2.74e-17 -2.98e-24
-19.1969 1.88e-17 -1.62e-24
-19.1869 1.28e-17 -8.68e-25
-19.1769 8.6e-18 -4.61e-25
-19.1669 5.72e-18 -2.43e-25
-19.1569 3.76e-18 -1.26e-25
-19.1469 2.45e-18 -6.49e-26
-19.1369 1.58e-18 -3.3e-26
-19.1269 1e-18 -1.66e-26
-19.1169 6.33e-19 -8.28e-27
-19.1069 3.95e-19 -4.08e-27
-19.0969 2.43e-19 -1.99e-27
-19.0869 1.48e-19 -9.58e-28
-19.0769 8.96e-20 -4.57e-28
-19.0669 5.35e-20 0
-19.0569 3.16e-20 0
-19.0469 1.84e-20 0
-19.0369 1.07e-20 0
-19.0269 6.09e-21 0
-19.0169 3.45e-21 0
-19.0069 1.93e-21 0
-18.9969 1.07e-21 0
-18.9869 5.84e-22 0
-18.9769 3.16e-22 0
-18.9669 1.7e-22 0
-18.9569 8.99e-23 0
-18.9469 4.71e-23 0
-18.9369 2.44e-23 0
-18.9269 1.25e-23 0
-18.9169 6.37e-24 0
-18.9069 3.2e-24 0
-18.8969 1.59e-24 0
-18.8869 7.8e-25 0
-18.8769 3.79e-25 0
-18.8669 1.82e-25 0
-18.8569 8.68e-26 0
-18.8469 0.0 0
-18.8369 0.0 0
-18.8269 0.0 0
-18.8169 0.0 0
-18.8069 0.0 0
-18.7969 0.0 0
-18.7869 0.0 0
-18.7769 0.0 0
-18.7669 0.0 0
-18.7569 0.0 0
-18.7469 0.0 0
-18.7369 0.0 0
-18.7269 0.0 0
-18.7169 0.0 0
-18.7069 0.0 0
-18.6969 0.0 0
-18.6869 0.0 0
-18.6769 0.0 0
-18.6669 0.0 0
-18.6569 0.0 0
-18.6469 0.0 0
-18.6369 0.0 0
-18.6269 0.0 0
-18.6169 0.0 0
-18.6069 0.0 0
-18.5969 0.0 0
-18.5869 0.0 0
-18.5769 0.0 0
-18.5669 0.0 0
-18.5569 0.0 0
-18.5469 0.0 0
-18.5369 0.0 0
-18.5269 0.0 0
-18.5169 0.0 0
-18.5069 0.0 0
-18.4969 0.0 0
-18.4869 0.0 0
-18.4769 0.0 0
-18.4669 0.0 0
-18.4569 0.0 0
-18.4469 0.0 0
-18.4369 0.0 0
-18.4269 0.0 0
-18.4169 0.0 0
-18.4069 0.0 0
-18.3969 0.0 0
-18.3869 0.0 0
-18.3769 0.0 0
-18.3669 0.0 0
-18.3569 0.0 0
-18.3469 0.0 0
-18.3369 0.0 0
-18.3269 0.0 0
-18.3169 0.0 0
-18.3069 0.0 0
-18.2969 0.0 0
-18.2869 0.0 0
-18.2769 0.0 0
-18.2669 0.0 0
-18.2569 0.0 0
-18.2469 0.0 0
-18.2369 0.0 0
-18.2269 0.0 0
-18.2169 0.0 0
-18.2069 0.0 0
-18.1969 0.0 0
-18.1869 0.0 0
-18.1769 0.0 0
-18.1669 0.0 0
-18.1569 0.0 0
-18.1469 0.0 0
-18.1369 0.0 0
-18.1269 0.0 0
-18.1169 0.0 0
-18.1069 0.0 0
-18.0969 0.0 0
-18.0869 0.0 0
-18.0769 0.0 0
-18.0669 0.0 0
-18.0569 0.0 0
-18.0469 0.0 0
-18.0369 0.0 0
-18.0269 0.0 0
-18.0169 0.0 0
-18.0069 0.0 0
-17.9969 0.0 0
-17.9869 0.0 0
-17.9769 0.0 0
-17.9669 0.0 0
-17.9569 0.0 0
-17.9469 0.0 0
-17.9369 0.0 0
-17.9269 0.0 0
-17.9169 0.0 0
-17.9069 0.0 0
-17.8969 0.0 0
-17.8869 0.0 0
-17.8769 0.0 0
-17.8669 0.0 0
-17.8569 0.0 0
-17.8469 0.0 0
-17.8369 0.0 0
-17.8269 0.0 0
-17.8169 0.0 0
-17.8069 0.0 0
-17.7969 0.0 0
-17.7869 0.0 0
-17.7769 0.0 0
-17.7669 0.0 0
-17.7569 0.0 0
-17.7469 0.0 0
-17.7369 0.0 0
-17.7269 0.0 0
-17.7169 0.0 0
-17.7069 0.0 0
-17.6969 0.0 0
-17.6869 0.0 0
-17.6769 0.0 0
-17.6669 0.0 0
-17.6569 0.0 0
-17.6469 0.0 0
-17.6369 0.0 0
-17.6269 0.0 0
-17.6169 0.0 0
-17.6069 0.0 0
-17.5969 0.0 0
-17.5869 0.0 0
-17.5769 0.0 0
-17.5669 0.0 0
-17.5569 0.0 0
-17.5469 0.0 0
-17.5369 0.0 0
-17.5269 0.0 0
-17.5169 0.0 0
-17.5069 0.0 0
-17.4969 0.0 0
-17.4869 0.0 0
-17.4769 0.0 0
-17.4669 0.0 0
-17.4569 0.0 0
-17.4469 0.0 0
-17.4369 0.0 0
-17.4269 0.0 0
-17.4169 0.0 0
-17.4069 0.0 0
-17.3969 0.0 0
-17.3869 0.0 0
-17.3769 0.0 0
-17.3669 0.0 0
-17.3569 0.0 0
-17.3469 0.0 0
-17.3369 0.0 0
-17.3269 0.0 0
-17.3169 0.0 0
-17.3069 0.0 0
-17.2969 0.0 0
-17.2869 0.0 0
-17.2769 0.0 0
-17.2669 0.0 0
-17.2569 0.0 0
-17.2469 0.0 0
-17.2369 0.0 0
-17.2269 0.0 0
-17.2169 0.0 0
-17.2069 0.0 0
-17.1969 0.0 0
-17.1869 0.0 0
-17.1769 0.0 0
-17.1669 0.0 0
-17.1569 0.0 0
-17.1469 0.0 0
-17.1369 0.0 0
-17.1269 0.0 0
-17.1169 0.0 0
-17.1069 0.0 0
-17.0969 0.0 0
-17.0869 0.0 0
-17.0769 0.0 0
-17.0669 0.0 0
-17.0569 0.0 0
-17.0469 0.0 0
-17.0369 0.0 0
-17.0269 0.0 0
-17.0169 0.0 0
-17.0069 0.0 0
-16.9969 0.0 0
-16.9869 0.0 0
-16.9769 0.0 0
-16.9669 0.0 0
-16.9569 0.0 0
-16.9469 0.0 0
-16.9369 0.0 0
-16.9269 0.0 0
-16.9169 0.0 0
-16.9069 0.0 0
-16.8969 0.0 0
-16.8869 0.0 0
-16.8769 0.0 0
-16.8669 0.0 0
-16.8569 0.0 0
-16.8469 0.0 0
-16.8369 0.0 0
-16.8269 0.0 0
-16.8169 0.0 0
-16.8069 0.0 0
-16.7969 0.0 0
-16.7869 0.0 0
-16.7769 0.0 0
-16.7669 0.0 0
-16.7569 0.0 0
-16.7469 0.0 0
-16.7369 0.0 0
-16.7269 0.0 0
-16.7169 0.0 0
-16.7069 0.0 0
-16.6969 0.0 0
-16.6869 0.0 0
-16.6769 0.0 0
-16.6669 0.0 0
-16.6569 0.0 0
-16.6469 0.0 0
-16.6369 0.0 0
-16.6269 0.0 0
-16.6169 0.0 0
-16.6069 0.0 0
-16.5969 0.0 0
-16.5869 0.0 0
-16.5769 0.0 0
-16.5669 0.0 0
-16.5569 0.0 0
-16.5469 0.0 0
-16.5369 0.0 0
-16.5269 0.0 0
-16.5169 0.0 0
-16.5069 0.0 0
-16.4969 0.0 0
-16.4869 0.0 0
-16.4769 0.0 0
-16.4669 0.0 0
-16.4569 0.0 0
-16.4469 0.0 0
-16.4369 0.0 0
-16.4269 0.0 0
-16.4169 0.0 0
-16.4069 0.0 0
-16.3969 0.0 0
-16.3869 0.0 0
-16.3769 0.0 0
-16.3669 0.0 0
-16.3569 0.0 0
-16.3469 0.0 0
-16.3369 0.0 0
-16.3269 0.0 0
-16.3169 0.0 0
-16.3069 0.0 0
-16.2969 0.0 0
-16.2869 0.0 0
-16.2769 0.0 0
-16.2669 0.0 0
-16.2569 0.0 0
-16.2469 0.0 0
-16.2369 0.0 0
-16.2269 0.0 0
-16.2169 0.0 0
-16.2069 0.0 0
-16.1969 0.0 0
-16.1869 0.0 0
-16.1769 0.0 0
-16.1669 0.0 0
-16.1569 0.0 0
-16.1469 0.0 0
-16.1369 0.0 0
-16.1269 0.0 0
-16.1169 0.0 0
-16.1069 0.0 0
-16.0969 0.0 0
-16.0869 0.0 0
-16.0769 0.0 0
-16.0669 0.0 0
-16.0569 0.0 0
-16.0469 0.0 0
-16.0369 0.0 0
-16.0269 0.0 0
-16.0169 0.0 0
-16.0069 0.0 0
-15.9969 0.0 0
-15.9869 0.0 0
-15.9769 0.0 0
-15.9669 0.0 0
-15.9569 0.0 0
-15.9469 0.0 0
-15.9369 0.0 0
-15.9269 0.0 0
-15.9169 0.0 0
-15.9069 0.0 0
-15.8969 0.0 0
-15.8869 0.0 0
-15.8769 0.0 0
-15.8669 0.0 0
-15.8569 0.0 0
-15.8469 0.0 0
-15.8369 0.0 0
-15.8269 0.0 0
-15.8169 0.0 0
-15.8069 0.0 0
-15.7969 0.0 0
-15.7869 0.0 0
-15.7769 0.0 0
-15.7669 0.0 0
-15.7569 0.0 0
-15.7469 0.0 0
-15.7369 0.0 0
-15.7269 0.0 0
-15.7169 0.0 0
-15.7069 0.0 0
-15.6969 0.0 0
-15.6869 0.0 0
-15.6769 0.0 0
-15.6669 0.0 0
-15.6569 0.0 0
-15.6469 0.0 0
-15.6369 0.0 0
-15.6269 0.0 0
-15.6169 0.0 0
-15.6069 0.0 0
-15.5969 0.0 0
-15.5869 0.0 0
-15.5769 0.0 0
-15.5669 0.0 0
-15.5569 0.0 0
-15.5469 0.0 0
-15.5369 0.0 0
-15.5269 0.0 0
-15.5169 0.0 0
-15.5069 0.0 0
-15.4969 0.0 0
-15.4869 0.0 0
-15.4769 0.0 0
-15.4669 0.0 0
-15.4569 0.0 0
-15.4469 0.0 0
-15.4369 0.0 0
-15.4269 0.0 0
-15.4169 0.0 0
-15.4069 0.0 0
-15.3969 0.0 0
-15.3869 0.0 0
-15.3769 0.0 0
-15.3669 0.0 0
-15.3569 0.0 0
-15.3469 0.0 0
-15.3369 0.0 0
-15.3269 0.0 0
-15.3169 0.0 0
-15.3069 0.0 0
-15.2969 0.0 0
-15.2869 0.0 0
-15.2769 0.0 0
-15.2669 0.0 0
-15.2569 0.0 0
-15.2469 0.0 0
-15.2369 0.0 0
-15.2269 0.0 0
-15.2169 0.0 0
-15.2069 0.0 0
-15.1969 0.0 0
-15.1869 0.0 0
-15.1769 0.0 0
-15.1669 0.0 0
-15.1569 0.0 0
-15.1469 0.0 0
-15.1369 0.0 0
-15.1269 0.0 0
-15.1169 0.0 0
-15.1069 0.0 0
-15.0969 0.0 0
-15.0869 0.0 0
-15.0769 0.0 0
-15.0669 0.0 0
-15.0569 0.0 0
-15.0469 0.0 0
-15.0369 0.0 0
-15.0269 0.0 0
-15.0169 0.0 0
-15.0069 0.0 0
-14.9969 0.0 0
-14.9869 0.0 0
-14.9769 0.0 0
-14.9669 0.0 0
-14.9569 0.0 0
-14.9469 0.0 0
-14.9369 0.0 0
-14.9269 0.0 0
-14.9169 0.0 0
-14.9069 0.0 0
-14.8969 0.0 0
-14.8869 0.0 0
-14.8769 0.0 0
-14.8669 0.0 0
-14.8569 0.0 0
-14.8469 0.0 0
-14.8369 0.0 0
-14.8269 0.0 0
-14.8169 0.0 0
-14.8069 0.0 0
-14.7969 0.0 0
-14.7869 0.0 0
-14.7769 0.0 0
-14.7669 0.0 0
-14.7569 0.0 0
-14.7469 0.0 0
-14.7369 0.0 0
-14.7269 0.0 0
-14.7169 0.0 0
-14.7069 0.0 0
-14.6969 0.0 0
-14.6869 0.0 0
-14.6769 0.0 0
-14.6669 0.0 0
-14.6569 0.0 0
-14.6469 0.0 0
-14.6369 0.0 0
-14.6269 0.0 0
-14.6169 0.0 0
-14.6069 0.0 0
-14.5969 0.0 0
-14.5869 0.0 0
-14.5769 0.0 0
-14.5669 0.0 0
-14.5569 0.0 0
-14.5469 0.0 0
-14.5369 0.0 0
-14.5269 0.0 0
-14.5169 0.0 0
-14.5069 0.0 0
-14.4969 0.0 0
-14.4869 0.0 0
-14.4769 0.0 0
-14.4669 0.0 0
-14.4569 0.0 0
-14.4469 0.0 0
-14.4369 0.0 0
-14.4269 0.0 0
-14.4169 0.0 0
-14.4069 0.0 0
-14.3969 0.0 0
-14.3869 0.0 0
-14.3769 0.0 0
-14.3669 0.0 0
-14.3569 0.0 0
-14.3469 0.0 0
-14.3369 0.0 0
-14.3269 0.0 0
-14.3169 0.0 0
-14.3069 0.0 0
-14.2969 0.0 0
-14.2869 0.0 0
-14.2769 0.0 0
-14.2669 0.0 0
-14.2569 0.0 0
-14.2469 0.0 0
-14.2369 0.0 0
-14.2269 0.0 0
-14.2169 0.0 0
-14.2069 0.0 0
-14.1969 0.0 0
-14.1869 0.0 0
-14.1769 0.0 0
-14.1669 0.0 0
-14.1569 0.0 0
-14.1469 0.0 0
-14.1369 0.0 0
-14.1269 0.0 0
-14.1169 0.0 0
-14.1069 0.0 0
-14.0969 0.0 0
-14.0869 0.0 0
-14.0769 0.0 0
-14.0669 0.0 0
-14.0569 0.0 0
-14.0469 0.0 0
-14.0369 0.0 0
-14.0269 0.0 0
-14.0169 0.0 0
-14.0069 0.0 0
-13.9969 0.0 0
-13.9869 0.0 0
-13.9769 0.0 0
-13.9669 0.0 0
-13.9569 0.0 0
-13.9469 0.0 0
-13.9369 0.0 0
-13.9269 0.0 0
-13.9169 0.0 0
-13.9069 0.0 0
-13.8969 0.0 0
-13.8869 0.0 0
-13.8769 0.0 0
-13.8669 0.0 0
-13.8569 0.0 0
-13.8469 0.0 0
-13.8369 0.0 0
-13.8269 0.0 0
-13.8169 0.0 0
-13.8069 0.0 0
-13.7969 0.0 0
-13.7869 0.0 0
-13.7769 0.0 0
-13.7669 0.0 0
-13.7569 0.0 0
-13.7469 0.0 0
-13.7369 0.0 0
-13.7269 0.0 0
-13.7169 0.0 0
-13.7069 0.0 0
-13.6969 0.0 0
-13.6869 0.0 0
-13.6769 0.0 0
-13.6669 0.0 0
-13.6569 0.0 0
-13.6469 0.0 0
-13.6369 0.0 0
-13.6269 0.0 0
-13.6169 0.0 0
-13.6069 0.0 0
-13.5969 0.0 0
-13.5869 0.0 0
-13.5769 0.0 0
-13.5669 0.0 0
-13.5569 0.0 0
-13.5469 0.0 0
-13.5369 0.0 0
-13.5269 0.0 0
-13.5169 0.0 0
-13.5069 0.0 0
-13.4969 0.0 0
-13.4869 0.0 0
-13.4769 0.0 0
-13.4669 0.0 0
-13.4569 0.0 0
-13.4469 0.0 0
-13.4369 0.0 0
-13.4269 0.0 0
-13.4169 0.0 0
-13.4069 0.0 0
-13.3969 0.0 0
-13.3869 0.0 0
-13.3769 0.0 0
-13.3669 0.0 0
-13.3569 0.0 0
-13.3469 0.0 0
-13.3369 0.0 0
-13.3269 0.0 0
-13.3169 0.0 0
-13.3069 0.0 0
-13.2969 0.0 0
-13.2869 0.0 0
-13.2769 0.0 0
-13.2669 0.0 0
-13.2569 0.0 0
-13.2469 0.0 0
-13.2369 0.0 0
-13.2269 0.0 0
-13.2169 0.0 0
-13.2069 0.0 0
-13.1969 0.0 0
-13.1869 0.0 0
-13.1769 0.0 0
-13.1669 0.0 0
-13.1569 0.0 0
-13.1469 0.0 0
-13.1369 0.0 0
-13.1269 0.0 0
-13.1169 0.0 0
-13.1069 0.0 0
-13.0969 0.0 0
-13.0869 0.0 0
-13.0769 0.0 0
-13.0669 0.0 0
-13.0569 0.0 0
-13.0469 0.0 0
-13.0369 0.0 0
-13.0269 0.0 0
-13.0169 0.0 0
-13.0069 0.0 0
-12.9969 0.0 0
-12.9869 0.0 0
-12.9769 0.0 0
-12.9669 0.0 0
-12.9569 0.0 0
-12.9469 0.0 0
-12.9369 0.0 0
-12.9269 0.0 0
-12.9169 0.0 0
-12.9069 0.0 0
-12.8969 0.0 0
-12.8869 0.0 0
-12.8769 0.0 0
-12.8669 0.0 0
-12.8569 0.0 0
-12.8469 0.0 0
-12.8369 0.0 0
-12.8269 0.0 0
-12.8169 0.0 0
-12.8069 0.0 0
-12.7969 0.0 0
-12.7869 0.0 0
-12.7769 0.0 0
-12.7669 0.0 0
-12.7569 0.0 0
-12.7469 0.0 0
-12.7369 0.0 0
-12.7269 0.0 0
-12.7169 0.0 0
-12.7069 0.0 0
-12.6969 0.0 0
-12.6869 0.0 0
-12.6769 0.0 0
-12.6669 0.0 0
-12.6569 0.0 0
-12.6469 0.0 0
-12.6369 0.0 0
-12.6269 0.0 0
-12.6169 0.0 0
-12.6069 0.0 0
-12.5969 0.0 0
-12.5869 0.0 0
-12.5769 0.0 0
-12.5669 0.0 0
-12.5569 0.0 0
-12.5469 0.0 0
-12.5369 0.0 0
-12.5269 0.0 0
-12.5169 0.0 0
-12.5069 0.0 0
-12.4969 0.0 0
-12.4869 0.0 0
-12.4769 0.0 0
-12.4669 0.0 0
-12.4569 0.0 0
-12.4469 0.0 0
-12.4369 0.0 0
-12.4269 0.0 0
-12.4169 0.0 0
-12.4069 0.0 0
-12.3969 0.0 0
-12.3869 0.0 0
-12.3769 0.0 0
-12.3669 0.0 0
-12.3569 0.0 0
-12.3469 0.0 0
-12.3369 0.0 0
-12.3269 0.0 0
-12.3169 0.0 0
-12.3069 0.0 0
-12.2969 0.0 0
-12.2869 0.0 0
-12.2769 0.0 0
-12.2669 0.0 0
-12.2569 0.0 0
-12.2469 0.0 0
-12.2369 0.0 0
-12.2269 0.0 0
-12.2169 0.0 0
-12.2069 0.0 0
-12.1969 0.0 0
-12.1869 0.0 0
-12.1769 0.0 0
-12.1669 0.0 0
-12.1569 0.0 0
-12.1469 0.0 0
-12.1369 0.0 0
-12.1269 0.0 0
-12.1169 0.0 0
-12.1069 0.0 0
-12.0969 0.0 0
-12.0869 0.0 0
-12.0769 0.0 0
-12.0669 0.0 0
-12.0569 0.0 0
-12.0469 0.0 0
-12.0369 0.0 0
-12.0269 0.0 0
-12.0169 0.0 0
-12.0069 0.0 0
-11.9969 0.0 0
-11.9869 0.0 0
-11.9769 0.0 0
-11.9669 0.0 0
-11.9569 0.0 0
-11.9469 0.0 0
-11.9369 0.0 0
-11.9269 0.0 0
-11.9169 0.0 0
-11.9069 0.0 0
-11.8969 0.0 0
-11.8869 0.0 0
-11.8769 0.0 0
-11.8669 0.0 0
-11.8569 0.0 0
-11.8469 0.0 0
-11.8369 0.0 0
-11.8269 0.0 0
-11.8169 0.0 0
-11.8069 0.0 0
-11.7969 0.0 0
-11.7869 0.0 0
-11.7769 0.0 0
-11.7669 0.0 0
-11.7569 0.0 0
-11.7469 0.0 0
-11.7369 0.0 0
-11.7269 0.0 0
-11.7169 0.0 0
-11.7069 0.0 0
-11.6969 0.0 0
-11.6869 0.0 0
-11.6769 0.0 0
-11.6669 0.0 0
-11.6569 0.0 0
-11.6469 0.0 0
-11.6369 0.0 0
-11.6269 0.0 0
-11.6169 0.0 0
-11.6069 0.0 0
-11.5969 0.0 0
-11.5869 0.0 0
-11.5769 0.0 0
-11.5669 0.0 0
-11.5569 0.0 0
-11.5469 0.0 0
-11.5369 0.0 0
-11.5269 0.0 0
-11.5169 0.0 0
-11.5069 0.0 0
-11.4969 0.0 0
-11.4869 0.0 0
-11.4769 0.0 0
-11.4669 0.0 0
-11.4569 0.0 0
-11.4469 0.0 0
-11.4369 0.0 0
-11.4269 0.0 0
-11.4169 0.0 0
-11.4069 0.0 0
-11.3969 0.0 0
-11.3869 0.0 0
-11.3769 0.0 0
-11.3669 0.0 0
-11.3569 0.0 0
-11.3469 0.0 0
-11.3369 0.0 0
-11.3269 0.0 0
-11.3169 0.0 0
-11.3069 0.0 0
-11.2969 0.0 0
-11.2869 0.0 0
-11.2769 0.0 0
-11.2669 0.0 0
-11.2569 0.0 0
-11.2469 0.0 0
-11.2369 0.0 0
-11.2269 0.0 0
-11.2169 0.0 0
-11.2069 0.0 0
-11.1969 0.0 0
-11.1869 0.0 0
-11.1769 0.0 0
-11.1669 0.0 0
-11.1569 0.0 0
-11.1469 0.0 0
-11.1369 0.0 0
-11.1269 0.0 0
-11.1169 0.0 0
-11.1069 0.0 0
-11.0969 0.0 0
-11.0869 0.0 0
-11.0769 0.0 0
-11.0669 0.0 0
-11.0569 0.0 0
-11.0469 0.0 0
-11.0369 0.0 0
-11.0269 0.0 0
-11.0169 0.0 0
-11.0069 0.0 0
-10.9969 0.0 0
-10.9869 0.0 0
-10.9769 0.0 0
-10.9669 0.0 0
-10.9569 0.0 0
-10.9469 0.0 0
-10.9369 0.0 0
-10.9269 0.0 0
-10.9169 0.0 0
-10.9069 0.0 0
-10.8969 0.0 0
-10.8869 0.0 0
-10.8769 0.0 0
-10.8669 0.0 0
-10.8569 0.0 0
-10.8469 0.0 0
-10.8369 0.0 0
-10.8269 0.0 0
-10.8169 0.0 0
-10.8069 0.0 0
-10.7969 0.0 0
-10.7869 0.0 0
-10.7769 0.0 0
-10.7669 0.0 0
-10.7569 0.0 0
-10.7469 0.0 0
-10.7369 0.0 0
-10.7269 0.0 0
-10.7169 0.0 0
-10.7069 0.0 0
-10.6969 0.0 0
-10.6869 0.0 0
-10.6769 0.0 0
-10.6669 0.0 0
-10.6569 0.0 0
-10.6469 0.0 0
-10.6369 0.0 0
-10.6269 0.0 0
-10.6169 0.0 0
-10.6069 0.0 0
-10.5969 0.0 0
-10.5869 0.0 0
-10.5769 0.0 0
-10.5669 0.0 0
-10.5569 0.0 0
-10.5469 0.0 0
-10.5369 0.0 0
-10.5269 0.0 0
-10.5169 0.0 0
-10.5069 0.0 0
-10.4969 0.0 0
-10.4869 0.0 0
-10.4769 0.0 0
-10.4669 0.0 0
-10.4569 0.0 0
-10.4469 0.0 0
-10.4369 0.0 0
-10.4269 0.0 0
-10.4169 0.0 0
-10.4069 0.0 0
-10.3969 0.0 0
-10.3869 0.0 0
-10.3769 0.0 0
-10.3669 0.0 0
-10.3569 0.0 0
-10.3469 0.0 0
-10.3369 0.0 0
-10.3269 0.0 0
-10.3169 0.0 0
-10.3069 0.0 0
-10.2969 0.0 0
-10.2869 0.0 0
-10.2769 0.0 0
-10.2669 0.0 0
-10.2569 0.0 0
-10.2469 0.0 0
-10.2369 0.0 0
-10.2269 0.0 0
-10.2169 0.0 0
-10.2069 0.0 0
-10.1969 0.0 0
-10.1869 0.0 0
-10.1769 0.0 0
-10.1669 0.0 0
-10.1569 0.0 0
-10.1469 0.0 0
-10.1369 0.0 0
-10.1269 0.0 0
-10.1169 0.0 0
-10.1069 0.0 0
-10.0969 0.0 0
-10.0869 0.0 0
-10.0769 0.0 0
-10.0669 0.0 0
-10.0569 0.0 0
-10.0469 0.0 0
-10.0369 0.0 0
-10.0269 0.0 0
-10.0169 0.0 0
-10.0069 0.0 0
-9.9969 0.0 0
-9.9869 0.0 0
-9.9769 0.0 0
-9.9669 0.0 0
-9.9569 0.0 0
-9.9469 0.0 0
-9.9369 0.0 0
-9.9269 0.0 0
-9.9169 0.0 0
-9.9069 0.0 0
-9.8969 0.0 0
-9.8869 0.0 0
-9.8769 0.0 0
-9.8669 0.0 0
-9.8569 0.0 0
-9.8469 0.0 0
-9.8369 0.0 0
-9.8269 0.0 0
-9.8169 0.0 0
-9.8069 0.0 0
-9.7969 0.0 0
-9.7869 0.0 0
-9.7769 0.0 0
-9.7669 0.0 0
-9.7569 0.0 0
-9.7469 0.0 0
-9.7369 0.0 0
-9.7269 0.0 0
-9.7169 0.0 0
-9.7069 0.0 0
-9.6969 0.0 0
-9.6869 0.0 0
-9.6769 0.0 0
-9.6669 0.0 0
-9.6569 0.0 0
-9.6469 0.0 0
-9.6369 0.0 0
-9.6269 0.0 0
-9.6169 0.0 0
-9.6069 0.0 0
-9.5969 0.0 0
-9.5869 0.0 0
-9.5769 0.0 0
-9.5669 0.0 0
-9.5569 0.0 0
-9.5469 0.0 0
-9.5369 0.0 0
-9.5269 0.0 0
-9.5169 0.0 0
-9.5069 0.0 0
-9.4969 0.0 0
-9.4869 0.0 0
-9.4769 0.0 0
-9.4669 0.0 0
-9.4569 0.0 0
-9.4469 0.0 0
-9.4369 0.0 0
-9.4269 0.0 0
-9.4169 0.0 0
-9.4069 0.0 0
-9.3969 0.0 0
-9.3869 0.0 0
-9.3769 0.0 0
-9.3669 0.0 0
-9.3569 0.0 0
-9.3469 0.0 0
-9.3369 0.0 0
-9.3269 0.0 0
-9.3169 0.0 0
-9.3069 0.0 0
-9.2969 0.0 0
-9.2869 0.0 0
-9.2769 0.0 0
-9.2669 0.0 0
-9.2569 0.0 0
-9.2469 0.0 0
-9.2369 0.0 0
-9.2269 0.0 0
-9.2169 0.0 0
-9.2069 0.0 0
-9.1969 0.0 0
-9.1869 0.0 0
-9.1769 0.0 0
-9.1669 0.0 0
-9.1569 0.0 0
-9.1469 0.0 0
-9.1369 0.0 0
-9.1269 0.0 0
-9.1169 0.0 0
-9.1069 0.0 0
-9.0969 0.0 0
-9.0869 0.0 0
-9.0769 0.0 0
-9.0669 0.0 0
-9.0569 0.0 0
-9.0469 0.0 0
-9.0369 0.0 0
-9.0269 0.0 0
-9.0169 0.0 0
-9.0069 0.0 0
-8.9969 0.0 0
-8.9869 0.0 0
-8.9769 0.0 0
-8.9669 0.0 0
-8.9569 0.0 0
-8.9469 0.0 0
-8.9369 0.0 0
-8.9269 0.0 0
-8.9169 0.0 0
-8.9069 0.0 0
-8.8969 0.0 0
-8.8869 0.0 0
-8.8769 0.0 0
-8.8669 0.0 0
-8.8569 0.0 0
-8.8469 0.0 0
-8.8369 0.0 0
-8.8269 0.0 0
-8.8169 0.0 0
-8.8069 0.0 0
-8.7969 0.0 0
-8.7869 0.0 0
-8.7769 0.0 0
-8.7669 0.0 0
-8.7569 0.0 0
-8.7469 0.0 0
-8.7369 0.0 0
-8.7269 0.0 0
-8.7169 0.0 0
-8.7069 0.0 0
-8.6969 0.0 0
-8.6869 0.0 0
-8.6769 0.0 0
-8.6669 0.0 0
-8.6569 0.0 0
-8.6469 0.0 0
-8.6369 0.0 0
-8.6269 0.0 0
-8.6169 0.0 0
-8.6069 0.0 0
-8.5969 0.0 0
-8.5869 0.0 0
-8.5769 0.0 0
-8.5669 0.0 0
-8.5569 0.0 0
-8.5469 0.0 0
-8.5369 0.0 0
-8.5269 0.0 0
-8.5169 0.0 0
-8.5069 0.0 0
-8.4969 0.0 0
-8.4869 0.0 0
-8.4769 0.0 0
-8.4669 0.0 0
-8.4569 0.0 0
-8.4469 0.0 0
-8.4369 0.0 0
-8.4269 0.0 0
-8.4169 0.0 0
-8.4069 0.0 0
-8.3969 0.0 0
-8.3869 0.0 0
-8.3769 0.0 0
-8.3669 0.0 0
-8.3569 0.0 0
-8.3469 0.0 0
-8.3369 0.0 0
-8.3269 0.0 0
-8.3169 0.0 0
-8.3069 0.0 0
-8.2969 0.0 0
-8.2869 0.0 0
-8.2769 0.0 0
-8.2669 0.0 0
-8.2569 0.0 0
-8.2469 0.0 0
-8.2369 0.0 0
-8.2269 0.0 0
-8.2169 0.0 0
-8.2069 0.0 0
-8.1969 0.0 0
-8.1869 0.0 0
-8.1769 0.0 0
-8.1669 0.0 0
-8.1569 0.0 0
-8.1469 0.0 0
-8.1369 0.0 0
-8.1269 0.0 0
-8.1169 0.0 0
-8.1069 0.0 0
-8.0969 0.0 0
-8.0869 0.0 0
-8.0769 0.0 0
-8.0669 0.0 0
-8.0569 0.0 0
-8.0469 0.0 0
-8.0369 0.0 0
-8.0269 0.0 0
-8.0169 0.0 0
-8.0069 0.0 0
-7.9969 0.0 0
-7.9869 0.0 0
-7.9769 0.0 0
-7.9669 0.0 0
-7.9569 0.0 0
-7.9469 0.0 0
-7.9369 0.0 0
-7.9269 0.0 0
-7.9169 0.0 0
-7.9069 0.0 0
-7.8969 0.0 0
-7.8869 0.0 0
-7.8769 0.0 0
-7.8669 0.0 0
-7.8569 0.0 0
-7.8469 0.0 0
-7.8369 0.0 0
-7.8269 0.0 0
-7.8169 0.0 0
-7.8069 0.0 0
-7.7969 0.0 0
-7.7869 0.0 0
-7.7769 0.0 0
-7.7669 0.0 0
-7.7569 0.0 0
-7.7469 0.0 0
-7.7369 0.0 0
-7.7269 0.0 0
-7.7169 0.0 0
-7.7069 0.0 0
-7.6969 0.0 0
-7.6869 0.0 0
-7.6769 0.0 0
-7.6669 0.0 0
-7.6569 0.0 0
-7.6469 0.0 0
-7.6369 0.0 0
-7.6269 0.0 0
-7.6169 0.0 0
-7.6069 0.0 0
-7.5969 0.0 0
-7.5869 0.0 0
-7.5769 0.0 0
-7.5669 0.0 0
-7.5569 0.0 0
-7.5469 0.0 0
-7.5369 0.0 0
-7.5269 0.0 0
-7.5169 0.0 0
-7.5069 0.0 0
-7.4969 0.0 0
-7.4869 0.0 0
-7.4769 0.0 0
-7.4669 0.0 0
-7.4569 0.0 0
-7.4469 0.0 0
-7.4369 0.0 0
-7.4269 0.0 0
-7.4169 0.0 0
-7.4069 0.0 0
-7.3969 0.0 0
-7.3869 0.0 0
-7.3769 0.0 0
-7.3669 0.0 0
-7.3569 0.0 0
-7.3469 0.0 0
-7.3369 0.0 0
-7.3269 0.0 0
-7.3169 0.0 0
-7.3069 0.0 0
-7.2969 0.0 0
-7.2869 0.0 0
-7.2769 0.0 0
-7.2669 0.0 0
-7.2569 0.0 0
-7.2469 0.0 0
-7.2369 0.0 0
-7.2269 0.0 0
-7.2169 0.0 0
-7.2069 0.0 0
-7.1969 0.0 0
-7.1869 0.0 0
-7.1769 0.0 0
-7.1669 0.0 0
-7.1569 0.0 0
-7.1469 0.0 0
-7.1369 0.0 0
-7.1269 0.0 0
-7.1169 0.0 0
-7.1069 0.0 0
-7.0969 0.0 0
-7.0869 0.0 0
-7.0769 0.0 0
-7.0669 0.0 0
-7.0569 0.0 0
-7.0469 0.0 0
-7.0369 0.0 0
-7.0269 0.0 0
-7.0169 0.0 0
-7.0069 0.0 0
-6.9969 0.0 0
-6.9869 0.0 0
-6.9769 0.0 0
-6.9669 0.0 0
-6.9569 0.0 0
-6.9469 0.0 0
-6.9369 0.0 0
-6.9269 0.0 0
-6.9169 0.0 0
-6.9069 0.0 0
-6.8969 0.0 0
-6.8869 0.0 0
-6.8769 0.0 0
-6.8669 0.0 0
-6.8569 0.0 0
-6.8469 0.0 0
-6.8369 0.0 0
-6.8269 0.0 0
-6.8169 0.0 0
-6.8069 0.0 0
-6.7969 0.0 0
-6.7869 0.0 0
-6.7769 0.0 0
-6.7669 0.0 0
-6.7569 0.0 0
-6.7469 0.0 0
-6.7369 0.0 0
-6.7269 0.0 0
-6.7169 0.0 0
-6.7069 0.0 0
-6.6969 0.0 0
-6.6869 0.0 0
-6.6769 0.0 0
-6.6669 0.0 0
-6.6569 0.0 0
-6.6469 0.0 0
-6.6369 0.0 0
-6.6269 0.0 0
-6.6169 0.0 0
-6.6069 0.0 0
-6.5969 0.0 0
-6.5869 0.0 0
-6.5769 0.0 0
-6.5669 0.0 0
-6.5569 0.0 0
-6.5469 0.0 0
-6.5369 0.0 0
-6.5269 0.0 0
-6.5169 0.0 0
-6.5069 0.0 0
-6.4969 0.0 0
-6.4869 0.0 0
-6.4769 0.0 0
-6.4669 0.0 0
-6.4569 0.0 0
-6.4469 0.0 0
-6.4369 0.0 0
-6.4269 0.0 0
-6.4169 0.0 0
-6.4069 0.0 0
-6.3969 0.0 0
-6.3869 0.0 0
-6.3769 0.0 0
-6.3669 0.0 0
-6.3569 0.0 0
-6.3469 0.0 0
-6.3369 0.0 0
-6.3269 0.0 0
-6.3169 0.0 0
-6.3069 0.0 0
-6.2969 0.0 0
-6.2869 0.0 0
-6.2769 0.0 0
-6.2669 0.0 0
-6.2569 0.0 0
-6.2469 0.0 0
-6.2369 0.0 0
-6.2269 0.0 0
-6.2169 0.0 0
-6.2069 0.0 0
-6.1969 0.0 0
-6.1869 0.0 0
-6.1769 0.0 0
-6.1669 0.0 0
-6.1569 0.0 0
-6.1469 0.0 0
-6.1369 0.0 0
-6.1269 0.0 0
-6.1169 0.0 0
-6.1069 0.0 0
-6.0969 0.0 0
-6.0869 0.0 -2.01e-12
-6.0769 0.0 -4.23e-12
-6.0669 0.0 -8.8e-12
-6.0569 0.0 -1.81e-11
-6.0469 0.0 -3.68e-11
-6.0369 0.0 -7.41e-11
-6.0269 0.0 -1.48e-10
-6.0169 0.0 -2.91e-10
-6.0069 0.0 -5.66e-10
-5.9969 0.0 -1.09e-09
-5.9869 0.0 -2.08e-09
-5.9769 0.0 -3.93e-09
-5.9669 1.69e-12 -7.33e-09
-5.9569 3.55e-12 -1.35e-08
-5.9469 7.4e-12 -2.47e-08
-5.9369 1.53e-11 -4.46e-08
-5.9269 3.11e-11 -7.97e-08
-5.9169 6.28e-11 -1.41e-07
-5.9069 1.25e-10 -2.47e-07
-5.8969 2.47e-10 -4.27e-07
-5.8869 4.83e-10 -7.3e-07
-5.8769 9.33e-10 -1.24e-06
-5.8669 1.78e-09 -2.07e-06
-5.8569 3.37e-09 -3.43e-06
-5.8469 6.31e-09 -5.62e-06
-5.8369 1.17e-08 -9.12e-06
-5.8269 2.14e-08 -1.46e-05
-5.8169 3.87e-08 -2.32e-05
-5.8069 6.93e-08 -3.64e-05
-5.7969 1.23e-07 -5.66e-05
-5.7869 2.15e-07 -8.69e-05
-5.7769 3.73e-07 -0.000132
-5.7669 6.4e-07 -0.000199
-5.7569 1.09e-06 -0.000295
-5.7469 1.82e-06 -0.000435
-5.7369 3.03e-06 -0.000633
-5.7269 4.97e-06 -0.000911
-5.7169 8.08e-06 -0.0013
-5.7069 1.3e-05 -0.00183
-5.6969 2.07e-05 -0.00255
-5.6869 3.25e-05 -0.00351
-5.6769 5.06e-05 -0.00479
-5.6669 7.8e-05 -0.00647
-5.6569 0.000119 -0.00864
-5.6469 0.000179 -0.0114
-5.6369 0.000267 -0.0149
-5.6269 0.000393 -0.0193
-5.6169 0.000574 -0.0246
-5.6069 0.000828 -0.0311
-5.5969 0.00118 -0.039
-5.5869 0.00167 -0.0482
-5.5769 0.00233 -0.0591
-5.5669 0.00322 -0.0715
-5.5569 0.00441 -0.0857
-5.5469 0.00596 -0.102
-5.5369 0.00798 -0.119
-5.5269 0.0106 -0.138
-5.5169 0.0138 -0.159
-5.5069 0.0179 -0.18
-5.4969 0.0229 -0.202
-5.4869 0.0291 -0.225
-5.4769 0.0365 -0.247
-5.4669 0.0452 -0.268
-5.4569 0.0555 -0.289
-5.4469 0.0674 -0.307
-5.4369 0.081 -0.323
-5.4269 0.0962 -0.337
-5.4169 0.113 -0.347
-5.4069 0.131 -0.353
-5.3969 0.151 -0.356
-5.3869 0.172 -0.355
-5.3769 0.194 -0.35
-5.3669 0.216 -0.342
-5.3569 0.237 -0.33
-5.3469 0.259 -0.315
-5.3369 0.279 -0.298
-5.3269 0.297 -0.278
-5.3169 0.314 -0.257
-5.3069 0.328 -0.235
-5.2969 0.338 -0.213
-5.2869 0.345 -0.191
-5.2769 0.349 -0.169
-5.2669 0.349 -0.148
-5.2569 0.345 -0.128
-5.2469 0.337 -0.11
-5.2369 0.326 -0.0932
-5.2269 0.312 -0.0782
-5.2169 0.296 -0.0649
-5.2069 0.277 -0.0533
-5.1969 0.257 -0.0433
-5.1869 0.235 -0.0347
-5.1769 0.213 -0.0276
-5.1669 0.191 -0.0217
-5.1569 0.17 -0.0169
-5.1469 0.149 -0.013
-5.1369 0.13 -0.00989
-5.1269 0.111 -0.00745
-5.1169 0.0946 -0.00555
-5.1069 0.0795 -0.00409
-5.0969 0.0662 -0.00298
-5.0869 0.0544 -0.00215
-5.0769 0.0443 -0.00153
-5.0669 0.0357 -0.00108
-5.0569 0.0284 -0.000755
-5.0469 0.0224 -0.000522
-5.0369 0.0175 -0.000356
-5.0269 0.0135 -0.000241
-5.0169 0.0103 -0.000161
-5.0069 0.00775 -0.000107
-4.9969 0.00579 -6.97e-05
-4.9869 0.00428 -4.51e-05
-4.9769 0.00312 -2.89e-05
-4.9669 0.00226 -1.83e-05
-4.9569 0.00161 -1.15e-05
-4.9469 0.00114 -7.11e-06
-4.9369 0.000799 -4.36e-06
-4.9269 0.000553 -2.65e-06
-4.9169 0.000379 -1.59e-06
-4.9069 0.000257 -9.43e-07
-4.8969 0.000172 -5.54e-07
-4.8869 0.000114 -3.22e-07
-4.8769 7.47e-05 -1.85e-07
-4.8669 4.85e-05 -1.05e-07
-4.8569 3.11e-05 -5.91e-08
-4.8469 1.98e-05 -3.29e-08
-4.8369 1.24e-05 -1.81e-08
-4.8269 7.71e-06 -9.86e-09
-4.8169 4.74e-06 -5.31e-09
-4.8069 2.88e-06 -2.83e-09
-4.7969 1.73e-06 -1.49e-09
-4.7869 1.03e-06 -7.78e-10
-4.7769 6.07e-07 -4.01e-10
-4.7669 3.53e-07 -2.05e-10
-4.7569 2.04e-07 -1.03e-10
-4.7469 1.16e-07 -5.17e-11
-4.7369 6.54e-08 -2.55e-11
-4.7269 3.65e-08 -1.25e-11
-4.7169 2.01e-08 -6.03e-12
-4.7069 1.1e-08 -2.89e-12
-4.6969 5.93e-09 -1.82e-17
-4.6869 3.17e-09 -2.85e-17
-4.6769 1.67e-09 -4.42e-17
-4.6669 8.75e-10 -6.77e-17
-4.6569 4.52e-10 -1.03e-16
-4.6469 2.31e-10 -1.54e-16
-4.6369 1.17e-10 -2.28e-16
-4.6269 5.86e-11 -3.34e-16
-4.6169 2.9e-11 -4.85e-16
-4.6069 1.42e-11 -6.96e-16
-4.5969 6.89e-12 -9.88e-16
-4.5869 3.3e-12 -1.39e-15
-4.5769 7.01e-19 -1.93e-15
-4.5669 1.16e-18 -2.65e-15
-4.5569 1.9e-18 -3.61e-15
-4.5469 3.07e-18 -4.85e-15
-4.5369 4.91e-18 -6.46e-15
-4.5269 7.77e-18 -8.5e-15
-4.5169 1.22e-17 -1.11e-14
-4.5069 1.89e-17 -1.43e-14
-4.4969 2.89e-17 -1.82e-14
-4.4869 4.39e-17 -2.29e-14
-4.4769 6.58e-17 -2.86e-14
-4.4669 9.76e-17 -3.53e-14
-4.4569 1.43e-16 -4.31e-14
-4.4469 2.08e-16 -5.2e-14
-4.4369 2.99e-16 -6.21e-14
-4.4269 4.25e-16 -7.34e-14
-4.4169 5.98e-16 -8.58e-14
-4.4069 8.31e-16 -9.92e-14
-4.3969 1.14e-15 -1.14e-13
-4.3869 1.56e-15 -1.28e-13
-4.3769 2.1e-15 -1.44e-13
-4.3669 2.79e-15 -1.59e-13
-4.3569 3.68e-15 -1.75e-13
-4.3469 4.8e-15 -1.89e-13
-4.3369 6.18e-15 -2.03e-13
-4.3269 7.89e-15 -2.15e-13
-4.3169 9.96e-15 -2.26e-13
-4.3069 1.24e-14 -2.34e-13
-4.2969 1.54e-14 -2.41e-13
-4.2869 1.88e-14 -2.45e-13
-4.2769 2.27e-14 -2.46e-13
-4.2669 2.71e-14 -2.44e-13
-4.2569 3.21e-14 -2.4e-13
-4.2469 3.75e-14 -2.34e-13
-4.2369 4.34e-14 -2.25e-13
-4.2269 4.97e-14 -2.14e-13
-4.2169 5.63e-14 -2.02e-13
-4.2069 6.32e-14 -1.88e-13
-4.1969 7e-14 -1.73e-13
-4.1869 7.68e-14 -1.58e-13
-4.1769 8.33e-14 -1.43e-13
-4.1669 8.94e-14 -1.27e-13
-4.1569 9.5e-14 -1.12e-13
-4.1469 9.97e-14 -9.82e-14
-4.1369 1.04e-13 -8.49e-14
-4.1269 1.07e-13 -7.26e-14
-4.1169 1.08e-13 -6.14e-14
-4.1069 1.09e-13 -5.13e-14
-4.0969 1.09e-13 -4.25e-14
-4.0869 1.07e-13 -3.48e-14
-4.0769 1.04e-13 -2.82e-14
-4.0669 1e-13 -2.26e-14
-4.0569 9.56e-14 -1.79e-14
-4.0469 9.02e-14 -1.41e-14
-4.0369 8.41e-14 -1.09e-14
-4.0269 7.76e-14 -8.37e-15
-4.0169 7.09e-14 -6.36e-15
-4.0069 6.4e-14 -4.78e-15
-3.9969 5.72e-14 -3.56e-15
-3.9869 5.06e-14 -2.62e-15
-3.9769 4.42e-14 -1.9e-15
-3.9669 3.83e-14 -1.37e-15
-3.9569 3.28e-14 -9.78e-16
-3.9469 2.77e-14 -6.9e-16
-3.9369 2.32e-14 -4.81e-16
-3.9269 1.93e-14 -3.32e-16
-3.9169 1.58e-14 -2.27e-16
-3.9069 1.28e-14 -1.54e-16
-3.8969 1.03e-14 -1.03e-16
-3.8869 8.17e-15 -6.81e-17
-3.8769 6.41e-15 -4.46e-17
-3.8669 4.98e-15 -2.9e-17
-3.8569 3.83e-15 -1.86e-17
-3.8469 2.92e-15 -1.18e-17
-3.8369 2.19e-15 -7.45e-18
-3.8269 1.63e-15 -4.64e-18
-3.8169 1.2e-15 -2.86e-18
-3.8069 8.77e-16 -1.75e-18
-3.7969 6.32e-16 -1.06e-18
-3.7869 4.51e-16 -6.35e-19
-3.7769 3.18e-16 -3.77e-19
-3.7669 2.22e-16 -2.22e-19
-3.7569 1.54e-16 -1.29e-19
-3.7469 1.05e-16 -7.46e-20
-3.7369 7.1e-17 -4.27e-20
-3.7269 4.75e-17 -2.42e-20
-3.7169 3.15e-17 -1.36e-20
-3.7069 2.06e-17 -7.57e-21
-3.6969 1.34e-17 -4.18e-21
-3.6869 8.58e-18 -2.29e-21
-3.6769 5.44e-18 -1.24e-21
-3.6669 3.42e-18 -6.71e-22
-3.6569 2.12e-18 -3.58e-22
-3.6469 1.31e-18 -1.9e-22
-3.6369 7.95e-19 -9.99e-23
-3.6269 4.79e-19 -5.21e-23
-3.6169 2.85e-19 -2.7e-23
-3.6069 1.68e-19 -1.39e-23
-3.5969 9.82e-20 -7.06e-24
-3.5869 5.67e-20 -3.57e-24
-3.5769 3.24e-20 -1.03e-24
-3.5669 1.83e-20 -5.39e-25
-3.5569 1.03e-20 -2.77e-25
-3.5469 5.69e-21 -1.41e-25
-3.5369 3.12e-21 -7.12e-26
-3.5269 1.69e-21 -3.55e-26
-3.5169 9.09e-22 -1.75e-26
-3.5069 4.83e-22 -8.54e-27
-3.4969 2.54e-22 -4.12e-27
-3.4869 1.32e-22 -1.97e-27
-3.4769 6.83e-23 0
-3.4669 3.49e-23 0
-3.4569 1.76e-23 0
-3.4469 8.81e-24 0
-3.4369 4.36e-24 0
-3.4269 2.14e-24 0
-3.4169 1.04e-24 0
-3.4069 1.44e-25 0
-3.3969 7.15e-26 0
-3.3869 3.51e-26 0
-3.3769 1.71e-26 0
-3.3669 8.21e-27 0
-3.3569 3.91e-27 0
-3.3469 0.0 0
-3.3369 0.0 0
-3.3269 0.0 0
-3.3169 0.0 0
-3.3069 0.0 0
-3.2969 0.0 0
-3.2869 0.0 0
-3.2769 0.0 0
-3.2669 0.0 0
-3.2569 0.0 0
-3.2469 0.0 0
-3.2369 0.0 0
-3.2269 0.0 0
-3.2169 0.0 0
-3.2069 0.0 0
-3.1969 0.0 0
-3.1869 0.0 0
-3.1769 0.0 0
-3.1669 0.0 0
-3.1569 0.0 0
-3.1469 0.0 0
-3.1369 0.0 0
-3.1269 0.0 0
-3.1169 0.0 0
-3.1069 0.0 0
-3.0969 0.0 0
-3.0869 0.0 0
-3.0769 0.0 0
-3.0669 0.0 0
-3.0569 0.0 0
-3.0469 0.0 0
-3.0369 0.0 0
-3.0269 0.0 0
-3.0169 0.0 0
-3.0069 0.0 0
-2.9969 0.0 0
-2.9869 0.0 0
-2.9769 0.0 0
-2.9669 0.0 0
-2.9569 0.0 0
-2.9469 0.0 0
-2.9369 0.0 0
-2.9269 0.0 0
-2.9169 0.0 0
-2.9069 0.0 0
-2.8969 0.0 0
-2.8869 0.0 0
-2.8769 0.0 0
-2.8669 0.0 0
-2.8569 0.0 0
-2.8469 0.0 0
-2.8369 0.0 0
-2.8269 0.0 0
-2.8169 0.0 0
-2.8069 0.0 0
-2.7969 0.0 0
-2.7869 0.0 0
-2.7769 0.0 0
-2.7669 0.0 0
-2.7569 0.0 0
-2.7469 0.0 0
-2.7369 0.0 0
-2.7269 0.0 0
-2.7169 0.0 0
-2.7069 0.0 0
-2.6969 0.0 0
-2.6869 0.0 0
-2.6769 0.0 0
-2.6669 0.0 0
-2.6569 0.0 0
-2.6469 0.0 0
-2.6369 0.0 0
-2.6269 0.0 0
-2.6169 0.0 0
-2.6069 0.0 0
-2.5969 0.0 0
-2.5869 0.0 0
-2.5769 0.0 0
-2.5669 0.0 0
-2.5569 0.0 0
-2.5469 0.0 0
-2.5369 0.0 0
-2.5269 0.0 0
-2.5169 0.0 0
-2.5069 0.0 0
-2.4969 0.0 0
-2.4869 0.0 0
-2.4769 0.0 0
-2.4669 0.0 0
-2.4569 0.0 0
-2.4469 0.0 0
-2.4369 0.0 0
-2.4269 0.0 0
-2.4169 0.0 0
-2.4069 0.0 0
-2.3969 0.0 0
-2.3869 0.0 0
-2.3769 0.0 0
-2.3669 0.0 0
-2.3569 0.0 0
-2.3469 0.0 0
-2.3369 0.0 0
-2.3269 0.0 0
-2.3169 0.0 0
-2.3069 0.0 0
-2.2969 0.0 0
-2.2869 0.0 0
-2.2769 0.0 0
-2.2669 0.0 0
-2.2569 0.0 0
-2.2469 0.0 0
-2.2369 0.0 0
-2.2269 0.0 0
-2.2169 0.0 0
-2.2069 0.0 0
-2.1969 0.0 0
-2.1869 0.0 0
-2.1769 0.0 0
-2.1669 0.0 0
-2.1569 0.0 0
-2.1469 0.0 0
-2.1369 0.0 0
-2.1269 0.0 0
-2.1169 0.0 0
-2.1069 0.0 0
-2.0969 0.0 0
-2.0869 0.0 0
-2.0769 0.0 0
-2.0669 0.0 0
-2.0569 0.0 0
-2.0469 0.0 0
-2.0369 0.0 0
-2.0269 0.0 0
-2.0169 0.0 0
-2.0069 0.0 0
-1.9969 0.0 0
-1.9869 0.0 0
-1.9769 0.0 0
-1.9669 0.0 0
-1.9569 0.0 0
-1.9469 0.0 0
-1.9369 0.0 0
-1.9269 0.0 0
-1.9169 0.0 0
-1.9069 0.0 0
-1.8969 0.0 0
-1.8869 0.0 0
-1.8769 0.0 0
-1.8669 0.0 0
-1.8569 0.0 0
-1.8469 0.0 0
-1.8369 0.0 0
-1.8269 0.0 0
-1.8169 0.0 0
-1.8069 0.0 0
-1.7969 0.0 0
-1.7869 0.0 0
-1.7769 0.0 0
-1.7669 0.0 0
-1.7569 0.0 0
-1.7469 0.0 0
-1.7369 0.0 0
-1.7269 0.0 0
-1.7169 0.0 0
-1.7069 0.0 0
-1.6969 0.0 0
-1.6869 0.0 0
-1.6769 0.0 0
-1.6669 0.0 0
-1.6569 0.0 0
-1.6469 0.0 0
-1.6369 0.0 0
-1.6269 0.0 0
-1.6169 0.0 0
-1.6069 0.0 0
-1.5969 0.0 0
-1.5869 0.0 0
-1.5769 0.0 0
-1.5669 0.0 0
-1.5569 0.0 0
-1.5469 0.0 0
-1.5369 0.0 0
-1.5269 0.0 0
-1.5169 0.0 0
-1.5069 0.0 0
-1.4969 0.0 0
-1.4869 0.0 0
-1.4769 0.0 0
-1.4669 0.0 0
-1.4569 0.0 0
-1.4469 0.0 0
-1.4369 0.0 0
-1.4269 0.0 -4.9e-29
-1.4169 0.0 -1.03e-28
-1.4069 0.0 -2.13e-28
-1.3969 0.0 -4.38e-28
-1.3869 0.0 -8.89e-28
-1.3769 0.0 -1.79e-27
-1.3669 0.0 -3.55e-27
-1.3569 0.0 -6.98e-27
-1.3469 0.0 -1.36e-26
-1.3369 0.0 -2.61e-26
-1.3269 0.0 -4.97e-26
-1.3169 0.0 -9.36e-26
-1.3069 0.0 -1.74e-25
-1.2969 0.0 -3.21e-25
-1.2869 0.0 -5.85e-25
-1.2769 0.0 -1.06e-24
-1.2669 0.0 -1.88e-24
-1.2569 0.0 -3.32e-24
-1.2469 0.0 -5.8e-24
-1.2369 0.0 -1e-23
-1.2269 0.0 -1.71e-23
-1.2169 0.0 -2.89e-23
-1.2069 0.0 -4.83e-23
-1.1969 0.0 -8e-23
-1.1869 0.0 -1.31e-22
-1.1769 0.0 -2.12e-22
-1.1669 0.0 -3.39e-22
-1.1569 0.0 -5.37e-22
-1.1469 0.0 -8.41e-22
-1.1369 0.0 -1.3e-21
-1.1269 0.0 -2e-21
-1.1169 0.0 -3.03e-21
-1.1069 0.0 -4.55e-21
-1.0969 1.98e-28 -6.76e-21
-1.0869 4.17e-28 -9.92e-21
-1.0769 8.68e-28 -1.44e-20
-1.0669 1.79e-27 -2.07e-20
-1.0569 3.64e-27 -2.95e-20
-1.0469 7.33e-27 -4.14e-20
-1.0369 1.46e-26 -5.76e-20
-1.0269 2.88e-26 -7.93e-20
-1.0169 5.62e-26 -1.08e-19
-1.0069 1.08e-25 -1.46e-19
-0.9969 2.07e-25 -1.94e-19
-0.9869 3.91e-25 -2.56e-19
-0.9769 7.29e-25 -3.33e-19
-0.9669 1.35e-24 -4.3e-19
-0.9569 2.46e-24 -5.49e-19
-0.9469 4.45e-24 -6.93e-19
-0.9369 7.97e-24 -8.65e-19
-0.9269 1.41e-23 -1.07e-18
-0.9169 2.47e-23 -1.31e-18
-0.9069 4.27e-23 -1.58e-18
-0.8969 7.32e-23 -1.89e-18
-0.8869 1.24e-22 -2.23e-18
-0.8769 2.08e-22 -2.62e-18
-0.8669 3.45e-22 -3.03e-18
-0.8569 5.66e-22 -3.47e-18
-0.8469 9.19e-22 -3.93e-18
-0.8369 1.47e-21 -4.41e-18
-0.8269 2.34e-21 -4.89e-18
-0.8169 3.68e-21 -5.36e-18
-0.8069 5.72e-21 -5.82e-18
-0.7969 8.8e-21 -6.24e-18
-0.7869 1.34e-20 -6.63e-18
-0.7769 2.01e-20 -6.97e-18
-0.7669 3e-20 -7.24e-18
-0.7569 4.41e-20 -7.44e-18
-0.7469 6.43e-20 -7.57e-18
-0.7369 9.27e-20 -7.62e-18
-0.7269 1.32e-19 -7.58e-18
-0.7169 1.86e-19 -7.47e-18
-0.7069 2.6e-19 -7.27e-18
-0.6969 3.59e-19 -7.01e-18
-0.6869 4.9e-19 -6.68e-18
-0.6769 6.62e-19 -6.3e-18
-0.6669 8.84e-19 -5.88e-18
-0.6569 1.17e-18 -5.42e-18
-0.6469 1.53e-18 -4.95e-18
-0.6369 1.98e-18 -4.47e-18
-0.6269 2.53e-18 -3.99e-18
-0.6169 3.2e-18 -3.53e-18
-0.6069 4.01e-18 -3.09e-18
-0.5969 4.97e-18 -2.67e-18
-0.5869 6.09e-18 -2.28e-18
-0.5769 7.38e-18 -1.93e-18
-0.5669 8.85e-18 -1.62e-18
-0.5569 1.05e-17 -1.34e-18
-0.5469 1.23e-17 -1.1e-18
-0.5369 1.43e-17 -8.91e-19
-0.5269 1.64e-17 -7.14e-19
-0.5169 1.87e-17 -5.67e-19
-0.5069 2.1e-17 -4.45e-19
-0.4969 2.33e-17 -3.45e-19
-0.4869 2.57e-17 -2.65e-19
-0.4769 2.79e-17 -2.01e-19
-0.4669 3.01e-17 -1.51e-19
-0.4569 3.2e-17 -1.13e-19
-0.4469 3.37e-17 -8.28e-20
-0.4369 3.52e-17 -6.02e-20
-0.4269 3.63e-17 -4.34e-20
-0.4169 3.7e-17 -3.09e-20
-0.4069 3.73e-17 -2.17e-20
-0.3969 3.72e-17 -1.52e-20
-0.3869 3.68e-17 -1.04e-20
-0.3769 3.59e-17 -7.12e-21
-0.3669 3.47e-17 -4.81e-21
-0.3569 3.32e-17 -3.21e-21
-0.3469 3.14e-17 -2.12e-21
-0.3369 2.93e-17 -1.38e-21
-0.3269 2.71e-17 -8.93e-22
-0.3169 2.49e-17 -5.71e-22
-0.3069 2.25e-17 -3.61e-22
-0.2969 2.02e-17 -2.26e-22
-0.2869 1.79e-17 -1.4e-22
-0.2769 1.57e-17 -8.55e-23
-0.2669 1.36e-17 -5.18e-23
-0.2569 1.17e-17 -3.1e-23
-0.2469 9.9e-18 -1.84e-23
-0.2369 8.31e-18 -1.08e-23
-0.2269 6.9e-18 -6.25e-24
-0.2169 5.67e-18 -3.59e-24
-0.2069 4.61e-18 -2.03e-24
-0.1969 3.71e-18 -1.14e-24
-0.1869 2.95e-18 -6.34e-25
-0.1769 2.32e-18 -3.49e-25
-0.1669 1.81e-18 -1.89e-25
-0.1569 1.39e-18 -1.02e-25
-0.1469 1.06e-18 -5.42e-26
-0.1369 7.99e-19 -2.85e-26
-0.1269 5.95e-19 -1.48e-26
-0.1169 4.39e-19 -7.64e-27
-0.1069 3.2e-19 -3.89e-27
-0.0969 2.31e-19 -1.96e-27
-0.0869 1.65e-19 -9.78e-28
-0.0769 1.17e-19 -4.82e-28
-0.0669 8.15e-20 -2.35e-28
-0.0569 5.63e-20 -1.14e-28
-0.0469 3.85e-20 -5.42e-29
-0.0369 2.61e-20 0
-0.0269 1.74e-20 0
-0.0169 1.15e-20 0
-0.0069 7.56e-21 0
0.0031 4.9e-21 0
0.0131 3.14e-21 0
0.0231 1.99e-21 0
0.0331 1.25e-21 0
0.0431 7.75e-22 0
0.0531 4.76e-22 0
0.0631 2.89e-22 0
0.0731 1.73e-22 0
0.0831 1.03e-22 0
0.0931 6.06e-23 0
0.1031 3.52e-23 0
0.1131 2.03e-23 0
0.1231 1.15e-23 0
0.1331 6.49e-24 0
0.1431 3.62e-24 0
0.1531 1.99e-24 0
0.1631 1.09e-24 0
0.1731 5.85e-25 0
0.1831 3.12e-25 0
0.1931 1.65e-25 0
0.2031 8.6e-26 0
0.2131 4.44e-26 0
0.2231 2.27e-26 0
0.2331 1.15e-26 0
0.2431 5.73e-27 0
0.2531 2.83e-27 0
0.2631 1.39e-27 0
0.2731 6.71e-28 0
0.2831 3.21e-28 0
0.2931 0.0 0
0.3031 0.0 0
0.3131 0.0 0
0.3231 0.0 0
0.3331 0.0 0
0.3431 0.0 0
0.3531 0.0 0
0.3631 0.0 0
0.3731 0.0 0
0.3831 0.0 0
0.3931 0.0 0
0.4031 0.0 0
0.4131 0.0 0
0.4231 0.0 0
0.4331 0.0 0
0.4431 0.0 0
0.4531 0.0 0
0.4631 0.0 0
0.4731 0.0 0
0.4831 0.0 0
0.4931 0.0 0
0.5031 0.0 0
0.5131 0.0 0
0.5231 0.0 0
0.5331 0.0 0
0.5431 0.0 0
0.5531 0.0 0
0.5631 0.0 0
0.5731 0.0 0
0.5831 0.0 0
0.5931 0.0 0
0.6031 0.0 0
0.6131 0.0 0
0.6231 0.0 0
0.6331 0.0 0
0.6431 0.0 0
0.6531 0.0 0
0.6631 0.0 0
0.6731 0.0 0
0.6831 0.0 0
0.6931 0.0 0
0.7031 0.0 0
0.7131 0.0 0
0.7231 0.0 0
0.7331 0.0 0
0.7431 0.0 0
0.7531 0.0 0
0.7631 0.0 0
0.7731 0.0 0
0.7831 0.0 0
0.7931 0.0 0
0.8031 0.0 0
0.8131 0.0 0
0.8231 0.0 0
0.8331 0.0 0
0.8431 0.0 0
0.8531 0.0 0
0.8631 0.0 0
0.8731 0.0 0
0.8831 0.0 0
0.8931 0.0 0
0.9031 0.0 0
0.9131 0.0 0
0.9231 0.0 0
0.9331 0.0 0
0.9431 0.0 0
0.9531 0.0 0
0.9631 0.0 0
0.9731 0.0 0
0.9831 0.0 0
0.9931 0.0 0
1.0031 0.0 0
1.0131 0.0 0
1.0231 0.0 0
1.0331 0.0 0
1.0431 0.0 0
1.0531 0.0 0
1.0631 0.0 0
1.0731 0.0 0
1.0831 0.0 0
1.0931 0.0 0
1.1031 0.0 0
1.1131 0.0 0
1.1231 0.0 0
1.1331 0.0 0
1.1431 0.0 0
1.1531 0.0 0
1.1631 0.0 0
1.1731 0.0 0
1.1831 0.0 0
1.1931 0.0 0
1.2031 0.0 0
1.2131 0.0 0
1.2231 0.0 0
1.2331 0.0 0
1.2431 0.0 0
1.2531 0.0 0
1.2631 0.0 0
1.2731 0.0 0
1.2831 0.0 0
1.2931 0.0 0
1.3031 0.0 0
1.3131 0.0 0
1.3231 0.0 0
1.3331 0.0 0
1.3431 0.0 0
1.3531 0.0 0
1.3631 0.0 0
1.3731 0.0 0
1.3831 0.0 0
1.3931 0.0 0
1.4031 0.0 0
1.4131 0.0 0
1.4231 0.0 0
1.4331 0.0 0
1.4431 0.0 0
1.4531 0.0 0
1.4631 0.0 0
1.4731 0.0 0
1.4831 0.0 0
1.4931 0.0 0
1.5031 0.0 0
1.5131 0.0 0
1.5231 0.0 0
1.5331 0.0 0
1.5431 0.0 0
1.5531 0.0 0
1.5631 0.0 0
1.5731 0.0 0
1.5831 0.0 0
1.5931 0.0 0
1.6031 0.0 0
1.6131 0.0 0
1.6231 0.0 0
1.6331 0.0 0
1.6431 0.0 0
1.6531 0.0 0
1.6631 0.0 0
1.6731 0.0 0
1.6831 0.0 0
1.6931 0.0 0
1.7031 0.0 0
1.7131 0.0 0
1.7231 0.0 0
1.7331 0.0 0
1.7431 0.0 0
1.7531 0.0 0
1.7631 0.0 0
1.7731 0.0 0
1.7831 0.0 0
1.7931 0.0 0
1.8031 0.0 0
1.8131 0.0 0
1.8231 0.0 0
1.8331 0.0 0
1.8431 0.0 0
1.8531 0.0 0
1.8631 0.0 0
1.8731 0.0 0
1.8831 0.0 0
1.8931 0.0 0
1.9031 0.0 0
1.9131 0.0 0
1.9231 0.0 0
1.9331 0.0 0
1.9431 0.0 0
1.9531 0.0 0
1.9631 0.0 0
1.9731 0.0 0
1.9831 0.0 0
1.9931 0.0 0
2.0031 0.0 0
2.0131 0.0 0
2.0231 0.0 0
2.0331 0.0 0
2.0431 0.0 0
2.0531 0.0 0
2.0631 0.0 0
2.0731 0.0 0
2.0831 0.0 0
2.0931 0.0 0
2.1031 0.0 0
2.1131 0.0 0
2.1231 0.0 0
2.1331 0.0 0
2.1431 0.0 0
2.1531 0.0 0
2.1631 0.0 0
2.1731 0.0 0
2.1831 0.0 0
2.1931 0.0 0
2.2031 0.0 0
2.2131 0.0 0
2.2231 0.0 0
2.2331 0.0 0
2.2431 0.0 0
2.2531 0.0 0
2.2631 0.0 0
2.2731 0.0 0
2.2831 0.0 0
2.2931 0.0 0
2.3031 0.0 0
2.3131 0.0 0
2.3231 0.0 0
2.3331 0.0 0
2.3431 0.0 0
2.3531 0.0 0
2.3631 0.0 0
2.3731 0.0 0
2.3831 0.0 0
2.3931 0.0 0
2.4031 0.0 0
2.4131 0.0 0
2.4231 0.0 0
2.4331 0.0 0
2.4431 0.0 0
2.4531 0.0 0
2.4631 0.0 0
2.4731 0.0 0
2.4831 0.0 0
2.4931 0.0 0
2.5031 0.0 0
2.5131 0.0 0
2.5231 0.0 0
2.5331 0.0 0
2.5431 0.0 0
2.5531 0.0 0
2.5631 0.0 0
2.5731 0.0 0
2.5831 0.0 0
2.5931 0.0 0
2.6031 0.0 0
2.6131 0.0 0
2.6231 0.0 0
2.6331 0.0 0
2.6431 0.0 0
2.6531 0.0 0
2.6631 0.0 0
2.6731 0.0 0
2.6831 0.0 0
2.6931 0.0 0
2.7031 0.0 0
2.7131 0.0 0
2.7231 0.0 0
2.7331 0.0 0
2.7431 0.0 0
2.7531 0.0 0
2.7631 0.0 0
2.7731 0.0 0
2.7831 0.0 0
2.7931 0.0 0
2.8031 0.0 0
2.8131 0.0 0
2.8231 0.0 0
2.8331 0.0 0
2.8431 0.0 0
2.8531 0.0 0
2.8631 0.0 0
2.8731 0.0 0
2.8831 0.0 0
2.8931 0.0 0
2.9031 0.0 0
2.9131 0.0 0
2.9231 0.0 0
2.9331 0.0 0
2.9431 0.0 0
2.9531 0.0 0
2.9631 0.0 0
2.9731 0.0 0
2.9831 0.0 0
2.9931 0.0 0
3.0031 0.0 0
3.0131 0.0 0
3.0231 0.0 0
3.0331 0.0 0
3.0431 0.0 0
3.0531 0.0 0
3.0631 0.0 0
3.0731 0.0 0
3.0831 0.0 0
3.0931 0.0 0
3.1031 0.0 0
3.1131 0.0 0
3.1231 0.0 0
3.1331 0.0 0
3.1431 0.0 0
3.1531 0.0 0
3.1631 0.0 0
3.1731 0.0 0
3.1831 0.0 0
3.1931 0.0 0
3.2031 0.0 0
3.2131 0.0 0
3.2231 0.0 0
3.2331 0.0 0
3.2431 0.0 0
3.2531 0.0 0
3.2631 0.0 0
3.2731 0.0 0
3.2831 0.0 0
3.2931 0.0 0
3.3031 0.0 0
3.3131 0.0 0
3.3231 0.0 0
3.3331 0.0 0
3.3431 0.0 0
3.3531 0.0 0
3.3631 0.0 0
3.3731 0.0 0
3.3831 0.0 0
3.3931 0.0 0
3.4031 0.0 0
3.4131 0.0 0
3.4231 0.0 0
3.4331 0.0 0
3.4431 0.0 0
3.4531 0.0 0
3.4631 0.0 0
3.4731 0.0 0
3.4831 0.0 0
3.4931 0.0 0
3.5031 0.0 0
3.5131 0.0 0
3.5231 0.0 0
3.5331 0.0 0
3.5431 0.0 0
3.5531 0.0 0
3.5631 0.0 0
3.5731 0.0 0
3.5831 0.0 0
3.5931 0.0 0
3.6031 0.0 0
3.6131 0.0 0
3.6231 0.0 0
3.6331 0.0 0
3.6431 0.0 0
3.6531 0.0 0
3.6631 0.0 0
3.6731 0.0 0
3.6831 0.0 0
3.6931 0.0 0
3.7031 0.0 0
3.7131 0.0 0
3.7231 0.0 0
3.7331 0.0 0
3.7431 0.0 0
3.7531 0.0 0
3.7631 0.0 0
3.7731 0.0 0
3.7831 0.0 0
3.7931 0.0 0
3.8031 0.0 0
3.8131 0.0 0
3.8231 0.0 0
3.8331 0.0 0
3.8431 0.0 0
3.8531 0.0 0
3.8631 0.0 0
3.8731 0.0 0
3.8831 0.0 0
3.8931 0.0 0
3.9031 0.0 0
3.9131 0.0 0
3.9231 0.0 0
3.9331 0.0 0
3.9431 0.0 0
3.9531 0.0 0
3.9631 0.0 0
3.9731 0.0 0
3.9831 0.0 0
3.9931 0.0 0
4.0031 0.0 0
4.0131 0.0 0
4.0231 0.0 0
4.0331 0.0 0
4.0431 0.0 0
4.0531 0.0 0
4.0631 0.0 0
4.0731 0.0 0
4.0831 0.0 0
4.0931 0.0 0
4.1031 0.0 0
4.1131 0.0 0
4.1231 0.0 0
4.1331 0.0 0
4.1431 0.0 0
4.1531 0.0 0
4.1631 0.0 0
4.1731 0.0 0
4.1831 0.0 0
4.1931 0.0 0
4.2031 0.0 0
4.2131 0.0 0
4.2231 0.0 0
4.2331 0.0 0
4.2431 0.0 0
4.2531 0.0 0
4.2631 0.0 0
4.2731 0.0 0
4.2831 0.0 0
4.2931 0.0 0
4.3031 0.0 0
4.3131 0.0 0
4.3231 0.0 0
4.3331 0.0 0
4.3431 0.0 0
4.3531 0.0 0
4.3631 0.0 0
4.3731 0.0 0
4.3831 0.0 0
4.3931 0.0 0
4.4031 0.0 0
4.4131 0.0 0
4.4231 0.0 0
4.4331 0.0 0
4.4431 0.0 0
4.4531 0.0 0
4.4631 0.0 0
4.4731 0.0 0
4.4831 0.0 0
4.4931 0.0 0
4.5031 0.0 0
4.5131 0.0 0
4.5231 0.0 0
4.5331 0.0 0
4.5431 0.0 0
4.5531 0.0 0
4.5631 0.0 0
4.5731 0.0 0
4.5831 0.0 0
4.5931 0.0 0
4.6031 0.0 0
4.6131 0.0 0
4.6231 0.0 0
4.6331 0.0 0
4.6431 0.0 0
4.6531 0.0 0
4.6631 0.0 0
4.6731 0.0 0
4.6831 0.0 0
4.6931 0.0 0
4.7031 0.0 0
4.7131 0.0 0
4.7231 0.0 0
4.7331 0.0 0
4.7431 0.0 0
4.7531 0.0 0
4.7631 0.0 0
4.7731 0.0 0
4.7831 0.0 0
4.7931 0.0 0
4.8031 0.0 0
4.8131 0.0 0
4.8231 0.0 0
4.8331 0.0 0
4.8431 0.0 0
4.8531 0.0 0
4.8631 0.0 0
4.8731 0.0 0
4.8831 0.0 0
4.8931 0.0 0
4.9031 0.0 0
4.9131 0.0 0
4.9231 0.0 0
4.9331 0.0 0
4.9431 0.0 0
4.9531 0.0 0
4.9631 0.0 0
4.9731 0.0 0
4.9831 0.0 0
4.9931 0.0 0
5.0031 0.0 0
5.0131 0.0 0
5.0231 0.0 0
5.0331 0.0 0
5.0431 0.0 0
5.0531 0.0 0
5.0631 0.0 0
5.0731 0.0 0
5.0831 0.0 0
5.0931 0.0 0
5.1031 0.0 0
5.1131 0.0 0
5.1231 0.0 0
5.1331 0.0 0
5.1431 0.0 0
5.1531 0.0 0
5.1631 0.0 0
5.1731 0.0 0
5.1831 0.0 0
5.1931 0.0 0
5.2031 0.0 0
5.2131 0.0 0
5.2231 0.0 0
5.2331 0.0 0
5.2431 0.0 0
5.2531 0.0 0
5.2631 0.0 0
5.2731 0.0 0
5.2831 0.0 0
5.2931 0.0 0
5.3031 0.0 0
5.3131 0.0 0
5.3231 0.0 0
5.3331 0.0 0
5.3431 0.0 0
5.3531 0.0 0
5.3631 0.0 0
5.3731 0.0 0
5.3831 0.0 0
5.3931 0.0 0
5.4031 0.0 0
5.4131 0.0 0
5.4231 0.0 0
5.4331 0.0 0
5.4431 0.0 0
5.4531 0.0 0
5.4631 0.0 0
5.4731 0.0 0
5.4831 0.0 0
5.4931 0.0 0
5.5031 0.0 0
5.5131 0.0 0
5.5231 0.0 0
5.5331 0.0 0
5.5431 0.0 0
5.5531 0.0 0
5.5631 0.0 0
5.5731 0.0 0
5.5831 0.0 0
5.5931 0.0 0
5.6031 0.0 0
5.6131 0.0 0
5.6231 0.0 0
5.6331 0.0 0
5.6431 0.0 0
5.6531 0.0 0
5.6631 0.0 0
5.6731 0.0 0
5.6831 0.0 0
5.6931 0.0 0
5.7031 0.0 0
5.7131 0.0 0
5.7231 0.0 0
5.7331 0.0 0
5.7431 0.0 0
5.7531 0.0 0
5.7631 0.0 0
5.7731 0.0 0
5.7831 0.0 0
5.7931 0.0 0
5.8031 0.0 0
5.8131 0.0 0
5.8231 0.0 0
5.8331 0.0 0
5.8431 0.0 0
5.8531 0.0 0
5.8631 0.0 0
5.8731 0.0 0
5.8831 0.0 0
5.8931 0.0 0
5.9031 0.0 0
5.9131 0.0 0
5.9231 0.0 0
5.9331 0.0 0
5.9431 0.0 0
5.9531 0.0 0
5.9631 0.0 0
5.9731 0.0 0
5.9831 0.0 0
5.9931 0.0 0
6.0031 0.0 0
6.0131 0.0 0
6.0231 0.0 -3.43e-12
6.0331 0.0 -7.22e-12
6.0431 3.59e-12 -1.51e-11
6.0531 7.55e-12 -3.1e-11
6.0631 1.57e-11 -6.33e-11
6.0731 3.24e-11 -1.28e-10
6.0831 6.61e-11 -2.55e-10
6.0931 1.33e-10 -5.04e-10
6.1031 2.66e-10 -9.85e-10
6.1131 5.24e-10 -1.9e-09
6.1231 1.02e-09 -3.64e-09
6.1331 1.98e-09 -6.88e-09
6.1431 3.78e-09 -1.29e-08
6.1531 7.14e-09 -2.38e-08
6.1631 1.33e-08 -4.37e-08
6.1731 2.47e-08 -7.91e-08
6.1831 4.51e-08 -1.42e-07
6.1931 8.17e-08 -2.51e-07
6.2031 1.46e-07 -4.41e-07
6.2131 2.59e-07 -7.64e-07
6.2231 4.54e-07 -1.31e-06
6.2331 7.87e-07 -2.23e-06
6.2431 1.35e-06 -3.74e-06
6.2531 2.29e-06 -6.22e-06
6.2631 3.84e-06 -1.02e-05
6.2731 6.37e-06 -1.66e-05
6.2831 1.05e-05 -2.67e-05
6.2931 1.7e-05 -4.25e-05
6.3031 2.73e-05 -6.69e-05
6.3131 4.34e-05 -0.000104
6.3231 6.83e-05 -0.000161
6.3331 0.000106 -0.000245
6.3431 0.000164 -0.000369
6.3531 0.000249 -0.00055
6.3631 0.000375 -0.000812
6.3731 0.000559 -0.00118
6.3831 0.000824 -0.00171
6.3931 0.0012 -0.00244
6.4031 0.00173 -0.00345
6.4131 0.00247 -0.00482
6.4231 0.00349 -0.00667
6.4331 0.00487 -0.00913
6.4431 0.00673 -0.0123
6.4531 0.0092 -0.0165
6.4631 0.0124 -0.0219
6.4731 0.0166 -0.0287
6.4831 0.022 -0.0372
6.4931 0.0288 -0.0476
6.5031 0.0373 -0.0604
6.5131 0.0478 -0.0758
6.5231 0.0605 -0.0941
6.5331 0.0759 -0.116
6.5431 0.0941 -0.14
6.5531 0.115 -0.169
6.5631 0.14 -0.2
6.5731 0.168 -0.236
6.5831 0.2 -0.274
6.5931 0.235 -0.315
6.6031 0.273 -0.359
6.6131 0.313 -0.404
6.6231 0.356 -0.45
6.6331 0.401 -0.496
6.6431 0.446 -0.541
6.6531 0.491 -0.584
6.6631 0.535 -0.623
6.6731 0.577 -0.657
6.6831 0.615 -0.686
6.6931 0.648 -0.709
6.7031 0.676 -0.724
6.7131 0.698 -0.732
6.7231 0.712 -0.732
6.7331 0.719 -0.724
6.7431 0.719 -0.708
6.7531 0.71 -0.686
6.7631 0.694 -0.657
6.7731 0.672 -0.622
6.7831 0.643 -0.583
6.7931 0.608 -0.541
6.8031 0.569 -0.496
6.8131 0.527 -0.45
6.8231 0.483 -0.404
6.8331 0.438 -0.358
6.8431 0.393 -0.315
6.8531 0.348 -0.274
6.8631 0.306 -0.235
6.8731 0.265 -0.2
6.8831 0.228 -0.168
6.8931 0.194 -0.14
6.9031 0.163 -0.115
6.9131 0.135 -0.0938
6.9231 0.111 -0.0756
6.9331 0.0906 -0.0603
6.9431 0.0729 -0.0475
6.9531 0.058 -0.037
6.9631 0.0457 -0.0286
6.9731 0.0356 -0.0218
6.9831 0.0275 -0.0165
6.9931 0.0209 -0.0123
7.0031 0.0158 -0.00909
7.0131 0.0118 -0.00665
7.0231 0.0087 -0.00481
7.0331 0.00635 -0.00344
7.0431 0.00459 -0.00243
7.0531 0.00328 -0.0017
7.0631 0.00232 -0.00118
7.0731 0.00162 -0.000808
7.0831 0.00112 -0.000548
7.0931 0.000768 -0.000367
7.1031 0.00052 -0.000243
7.1131 0.000348 -0.00016
7.1231 0.000231 -0.000104
7.1331 0.000151 -6.66e-05
7.1431 9.81e-05 -4.23e-05
7.1531 6.3e-05 -2.66e-05
7.1631 4e-05 -1.65e-05
7.1731 2.51e-05 -1.02e-05
7.1831 1.56e-05 -6.18e-06
7.1931 9.57e-06 -3.72e-06
7.2031 5.82e-06 -2.21e-06
7.2131 3.5e-06 -1.3e-06
7.2231 2.08e-06 -7.59e-07
7.2331 1.22e-06 -4.38e-07
7.2431 7.12e-07 -2.5e-07
7.2531 4.1e-07 -1.41e-07
7.2631 2.34e-07 -7.85e-08
7.2731 1.32e-07 -4.33e-08
7.2831 7.34e-08 -2.37e-08
7.2931 4.05e-08 -1.28e-08
7.3031 2.21e-08 -6.83e-09
7.3131 1.19e-08 -3.61e-09
7.3231 6.36e-09 -1.89e-09
7.3331 3.36e-09 -9.77e-10
7.3431 1.75e-09 -5e-10
7.3531 9.07e-10 -2.53e-10
7.3631 4.64e-10 -1.27e-10
7.3731 2.35e-10 -6.28e-11
7.3831 1.17e-10 -3.08e-11
7.3931 5.81e-11 -1.49e-11
7.4031 2.84e-11 -7.16e-12
7.4131 1.38e-11 -4.92e-15
7.4231 6.6e-12 -8.54e-15
7.4331 3.45e-18 -1.47e-14
7.4431 6.6e-18 -2.49e-14
7.4531 1.25e-17 -4.19e-14
7.4631 2.34e-17 -6.96e-14
7.4731 4.34e-17 -1.14e-13
7.4831 7.95e-17 -1.86e-13
7.4931 1.44e-16 -3e-13
7.5031 2.59e-16 -4.77e-13
7.5131 4.59e-16 -7.51e-13
7.5231 8.06e-16 -1.17e-12
7.5331 1.4e-15 -1.8e-12
7.5431 2.4e-15 -2.75e-12
7.5531 4.09e-15 -4.15e-12
7.5631 6.87e-15 -6.19e-12
7.5731 1.14e-14 -9.14e-12
7.5831 1.88e-14 -1.34e-11
7.5931 3.06e-14 -1.93e-11
7.6031 4.93e-14 -2.76e-11
7.6131 7.85e-14 -3.9e-11
7.6231 1.24e-13 -5.45e-11
7.6331 1.93e-13 -7.54e-11
7.6431 2.97e-13 -1.03e-10
7.6531 4.53e-13 -1.4e-10
7.6631 6.84e-13 -1.87e-10
7.6731 1.02e-12 -2.48e-10
7.6831 1.51e-12 -3.25e-10
7.6931 2.2e-12 -4.21e-10
7.7031 3.18e-12 -5.4e-10
7.7131 4.55e-12 -6.86e-10
7.7231 6.44e-12 -8.61e-10
7.7331 9.01e-12 -1.07e-09
7.7431 1.25e-11 -1.31e-09
7.7531 1.71e-11 -1.6e-09
7.7631 2.31e-11 -1.92e-09
7.7731 3.1e-11 -2.28e-09
7.7831 4.11e-11 -2.68e-09
7.7931 5.39e-11 -3.12e-09
7.8031 6.99e-11 -3.6e-09
7.8131 8.97e-11 -4.1e-09
7.8231 1.14e-10 -4.62e-09
7.8331 1.43e-10 -5.15e-09
7.8431 1.78e-10 -5.67e-09
7.8531 2.18e-10 -6.19e-09
7.8631 2.65e-10 -6.68e-09
7.8731 3.19e-10 -7.13e-09
7.8831 3.8e-10 -7.53e-09
7.8931 4.47e-10 -7.87e-09
7.9031 5.2e-10 -8.13e-09
7.9131 5.99e-10 -8.31e-09
7.9231 6.83e-10 -8.41e-09
7.9331 7.7e-10 -8.41e-09
7.9431 8.59e-10 -8.32e-09
7.9531 9.47e-10 -8.15e-09
7.9631 1.03e-09 -7.89e-09
7.9731 1.12e-09 -7.56e-09
7.9831 1.19e-09 -7.17e-09
7.9931 1.26e-09 -6.72e-09
8.0031 1.32e-09 -6.24e-09
8.0131 1.36e-09 -5.72e-09
8.0231 1.39e-09 -5.19e-09
8.0331 1.41e-09 -4.66e-09
8.0431 1.41e-09 -4.14e-09
8.0531 1.4e-09 -3.64e-09
8.0631 1.37e-09 -3.17e-09
8.0731 1.32e-09 -2.72e-09
8.0831 1.27e-09 -2.32e-09
8.0931 1.2e-09 -1.95e-09
8.1031 1.13e-09 -1.62e-09
8.1131 1.05e-09 -1.34e-09
8.1231 9.62e-10 -1.09e-09
8.1331 8.74e-10 -8.78e-10
8.1431 7.85e-10 -7e-10
8.1531 6.98e-10 -5.52e-10
8.1631 6.13e-10 -4.31e-10
8.1731 5.33e-10 -3.33e-10
8.1831 4.59e-10 -2.54e-10
8.1931 3.91e-10 -1.92e-10
8.2031 3.29e-10 -1.44e-10
8.2131 2.74e-10 -1.06e-10
8.2231 2.26e-10 -7.76e-11
8.2331 1.84e-10 -5.61e-11
8.2431 1.48e-10 -4.02e-11
8.2531 1.18e-10 -2.85e-11
8.2631 9.34e-11 -1.99e-11
8.2731 7.3e-11 -1.38e-11
8.2831 5.63e-11 -9.47e-12
8.2931 4.3e-11 -6.42e-12
8.3031 3.25e-11 -4.31e-12
8.3131 2.43e-11 -2.86e-12
8.3231 1.8e-11 -1.88e-12
8.3331 1.32e-11 -1.22e-12
8.3431 9.53e-12 -7.83e-13
8.3531 6.82e-12 -4.97e-13
8.3631 4.83e-12 -3.13e-13
8.3731 3.39e-12 -1.94e-13
8.3831 2.35e-12 -1.2e-13
8.3931 1.61e-12 -7.28e-14
8.4031 1.09e-12 -4.39e-14
8.4131 7.33e-13 -2.61e-14
8.4231 4.87e-13 -1.54e-14
8.4331 3.2e-13 -8.97e-15
8.4431 2.08e-13 -5.17e-15
8.4531 1.33e-13 -2.95e-15
