-21.1669 1.05e-08 0.000145
-21.1569 1.96e-08 0.000224
-21.1469 3.64e-08 0.000343000000001
-21.1369 6.68000000001e-08 0.000519000000001
-21.1269 1.21e-07 0.000776000000001
-21.1169 2.17e-07 0.00115
-21.1069 3.86e-07 0.00168
-21.0969 6.77000000001e-07 0.00244
-21.0869 1.18e-06 0.00350000000001
-21.0769 2.02e-06 0.00496000000001
-21.0669 3.44e-06 0.00695000000001
-21.0569 5.78000000001e-06 0.00965000000002
-21.0469 9.61000000001e-06 0.0132
-21.0369 1.58e-05 0.018
-21.0269 2.57e-05 0.0242
-21.0169 4.15e-05 0.0321000000001
-21.0069 6.61000000001e-05 0.0422000000001
-20.9969 0.000104 0.0549000000001
-20.9869 0.000162 0.0706000000001
-20.9769 0.00025 0.0898000000002
-20.9669 0.000382 0.113
-20.9569 0.000577000000001 0.141
-20.9469 0.000861000000001 0.174
-20.9369 0.00127 0.212
-20.9269 0.00186 0.255
-20.9169 0.00269 0.304000000001
-20.9069 0.00384 0.359000000001
-20.8969 0.00544000000001 0.419000000001
-20.8869 0.00761000000001 0.484000000001
-20.8769 0.0105 0.553000000001
-20.8669 0.0144 0.625000000001
-20.8569 0.0195 0.698000000001
-20.8469 0.0262 0.772000000001
-20.8369 0.0347 0.845000000001
-20.8269 0.0455 0.914000000002
-20.8169 0.0591000000001 0.979000000002
-20.8069 0.0759000000001 1.04
-20.7969 0.0963000000001 1.09
-20.7869 0.121 1.13
-20.7769 0.15 1.15
-20.7669 0.185 1.17
-20.7569 0.225 1.18
-20.7469 0.27 1.17
-20.7369 0.322 1.15
-20.7269 0.379 1.11
-20.7169 0.441 1.07
-20.7069 0.508000000001 1.02
-20.6969 0.579000000001 0.956000000002
-20.6869 0.653000000001 0.890000000002
-20.6769 0.729000000001 0.819000000001
-20.6669 0.804000000001 0.745000000001
-20.6569 0.878000000001 0.671000000001
-20.6469 0.948000000001 0.598000000001
-20.6369 1.01 0.527000000001
-20.6269 1.07 0.460000000001
-20.6169 1.12 0.397000000001
-20.6069 1.16 0.338000000001
-20.5969 1.18 0.286
-20.5869 1.2 0.239
-20.5769 1.2 0.197
-20.5669 1.19 0.161
-20.5569 1.16 0.13
-20.5469 1.13 0.104
-20.5369 1.08 0.0824000000001
-20.5269 1.03 0.0645000000001
-20.5169 0.962000000001 0.0499000000001
-20.5069 0.893000000001 0.0382000000001
-20.4969 0.820000000001 0.029
-20.4869 0.745000000001 0.0217
-20.4769 0.669000000001 0.0161
-20.4669 0.595000000001 0.0118
-20.4569 0.523000000001 0.0085700000107
-20.4469 0.455 0.0061500000225
-20.4369 0.392 0.0043700000465
-20.4269 0.334 0.0030700000955
-20.4169 0.281 0.002130000194
-20.4069 0.234 0.001470000389
-20.3969 0.193 0.000997000772
-20.3869 0.157 0.00067100152
-20.3769 0.127 0.00044600294
-20.3669 0.101 0.00029400566
-20.3569 0.0799000000001 0.0001910108
-20.3469 0.0624000000001 0.0001230202
-20.3369 0.0482000000001 7.86377e-05
-20.3269 0.0368 4.96693e-05
-20.3169 0.0279 3.1026e-05
-20.3069 0.0208 1.9327e-05
-20.2969 0.0154 1.2105e-05
-20.2869 0.0113 7.754e-06
-20.2769 0.00817000000001 5.45e-06
-20.2669 0.00585000000001 4.63e-06
-20.2569 0.00414 5.12e-06
-20.2469 0.0029 7.03e-06
-20.2369 0.0020100000129 1.078e-05
-20.2269 0.0013800000269 1.7372e-05
-20.2169 0.0009370000556 2.8052e-05
-20.2069 0.000629000114 4.52843e-05
-20.1969 0.00041800023 7.23462e-05
-20.1869 0.000274000461 0.000114025
-20.1769 0.000178000912 0.0001790134
-20.1669 0.00011500179 0.00027700712
-20.1569 7.290346e-05 0.00042500374
-20.1469 4.590664e-05 0.00064300194
-20.1369 2.86126e-05 0.000965000997
-20.1269 1.76236e-05 0.001430000506
-20.1169 1.07439e-05 0.002100000254
-20.1069 6.5306e-06 0.003050000127
-20.0969 3.996e-06 0.0043700000622
-20.0869 2.533e-06 0.0062100000303
-20.0769 1.787e-06 0.0087300000146
-20.0669 1.585e-06 0.0121000000069
-20.0569 1.866e-06 0.0167
-20.0469 2.706e-06 0.0227
-20.0369 4.327e-06 0.0305
-20.0269 7.126e-06 0.0406
-20.0169 1.18415e-05 0.0535
-20.0069 1.94225e-05 0.0697
-19.9969 3.1612e-05 0.0899
-19.9869 5.090636e-05 0.115
-19.9769 8.130333e-05 0.144
-19.9669 0.00012800172 0.18
-19.9569 0.000200000884 0.222
-19.9469 0.000309000448 0.272
-19.9369 0.000473000225 0.328
-19.9269 0.000715000111 0.392
-19.9169 0.0010700000547 0.463
-19.9069 0.0015800000265 0.542
-19.8969 0.0023100000127 0.627
-19.8869 0.00335000000605 0.717
-19.8769 0.0048 0.812
-19.8669 0.0068 0.909
-19.8569 0.00953 1.01
-19.8469 0.0132 1.1
-19.8369 0.0181 1.2
-19.8269 0.0246 1.28
-19.8169 0.033 1.36
-19.8069 0.0438 1.43
-19.7969 0.0576 1.48
-19.7869 0.0748 1.52
-19.7769 0.0961 1.55
-19.7669 0.122 1.56
-19.7569 0.154 1.55
-19.7469 0.191 1.52
-19.7369 0.236 1.48
-19.7269 0.287 1.43
-19.7169 0.346 1.36
-19.7069 0.412 1.28
-19.6969 0.486 1.19
-19.6869 0.567 1.1
-19.6769 0.654 1.0
-19.6669 0.746 0.905
-19.6569 0.843 0.807
-19.6469 0.942 0.713
-19.6369 1.04 0.623
-19.6269 1.14 0.538
-19.6169 1.23 0.46
-19.6069 1.32 0.389
-19.5969 1.39 0.325
-19.5869 1.46 0.269
-19.5769 1.51 0.22
-19.5669 1.55 0.178
-19.5569 1.57 0.143
-19.5469 1.57 0.113
-19.5369 1.56 0.0888
-19.5269 1.53 0.0689
-19.5169 1.49 0.0529
-19.5069 1.43 0.0401
-19.4969 1.35 0.0301
-19.4869 1.27 0.0224
-19.4769 1.18 0.0164
-19.4669 1.09 0.012
-19.4569 0.99 0.00859
-19.4469 0.891 0.00611
-19.4369 0.793 0.0043
-19.4269 0.699 0.003
-19.4169 0.609 0.00206
-19.4069 0.525 0.00141
-19.3969 0.447 0.000947
-19.3869 0.377 0.000631
-19.3769 0.315 0.000416
-19.3669 0.26 0.000272
-19.3569 0.212 0.000175
-19.3469 0.171 0.000112
-19.3369 0.137 7.07e-05
-19.3269 0.108 4.42e-05
-19.3169 0.0847 2.73e-05
-19.3069 0.0655 1.67e-05
-19.2969 0.0502 1.01e-05
-19.2869 0.038 6.05e-06
-19.2769 0.0284 3.58e-06
-19.2669 0.0211 2.1e-06
-19.2569 0.0154 1.21e-06
-19.2469 0.0112 6.96e-07
-19.2369 0.00803 3.95e-07
-19.2269 0.0057 2.21e-07
-19.2169 0.004 1.23e-07
-19.2069 0.00278 6.74e-08
-19.1969 0.00191 3.66e-08
-19.1869 0.0013 1.97e-08
-19.1769 0.000872 1.04e-08
-19.1669 0.00058 5.49e-09
-19.1569 0.000382 2.86e-09
-19.1469 0.000248 1.47e-09
-19.1369 0.00016 7.48e-10
-19.1269 0.000102 3.76e-10
-19.1169 6.42e-05 1.87e-10
-19.1069 4e-05 9.24e-11
-19.0969 2.47e-05 4.5e-11
-19.0869 1.5e-05 2.17e-11
-19.0769 9.08e-06 1.04e-11
-19.0669 5.42e-06 0.0
-19.0569 3.2e-06 0.0
-19.0469 1.87e-06 0.0
-19.0369 1.08e-06 0.0
-19.0269 6.17e-07 0.0
-19.0169 3.49e-07 0.0
-19.0069 1.95e-07 0.0
-18.9969 1.08e-07 0.0
-18.9869 5.92e-08 0.0
-18.9769 3.21e-08 0.0
-18.9669 1.72e-08 0.0
-18.9569 9.11e-09 0.0
-18.9469 4.77e-09 0.0
-18.9369 2.48e-09 0.0
-18.9269 1.27e-09 0.0
-18.9169 6.45e-10 0.0
-18.9069 3.24e-10 0.0
-18.8969 1.61e-10 0.0
-18.8869 7.91e-11 0.0
-18.8769 3.85e-11 0.0
-18.8669 1.85e-11 0.0
-18.8569 8.8e-12 0.0
-18.8469 0.0 0.0
-18.8369 0.0 0.0
-18.8269 0.0 0.0
-18.8169 0.0 0.0
-18.8069 0.0 0.0
-18.7969 0.0 0.0
-18.7869 0.0 0.0
-18.7769 0.0 0.0
-18.7669 0.0 0.0
-18.7569 0.0 0.0
-18.7469 0.0 0.0
-18.7369 0.0 0.0
-18.7269 0.0 0.0
-18.7169 0.0 0.0
-18.7069 0.0 0.0
-18.6969 0.0 0.0
-18.6869 0.0 0.0
-18.6769 0.0 0.0
-18.6669 0.0 0.0
-18.6569 0.0 0.0
-18.6469 0.0 0.0
-18.6369 0.0 0.0
-18.6269 0.0 0.0
-18.6169 0.0 0.0
-18.6069 0.0 0.0
-18.5969 0.0 0.0
-18.5869 0.0 0.0
-18.5769 0.0 0.0
-18.5669 0.0 0.0
-18.5569 0.0 0.0
-18.5469 0.0 0.0
-18.5369 0.0 0.0
-18.5269 0.0 0.0
-18.5169 0.0 0.0
-18.5069 0.0 0.0
-18.4969 0.0 0.0
-18.4869 0.0 0.0
-18.4769 0.0 0.0
-18.4669 0.0 0.0
-18.4569 0.0 0.0
-18.4469 0.0 0.0
-18.4369 0.0 0.0
-18.4269 0.0 0.0
-18.4169 0.0 0.0
-18.4069 0.0 0.0
-18.3969 0.0 0.0
-18.3869 0.0 0.0
-18.3769 0.0 0.0
-18.3669 0.0 0.0
-18.3569 0.0 0.0
-18.3469 0.0 0.0
-18.3369 0.0 0.0
-18.3269 0.0 0.0
-18.3169 0.0 0.0
-18.3069 0.0 0.0
-18.2969 0.0 0.0
-18.2869 0.0 0.0
-18.2769 0.0 0.0
-18.2669 0.0 0.0
-18.2569 0.0 0.0
-18.2469 0.0 0.0
-18.2369 0.0 0.0
-18.2269 0.0 0.0
-18.2169 0.0 0.0
-18.2069 0.0 0.0
-18.1969 0.0 0.0
-18.1869 0.0 0.0
-18.1769 0.0 0.0
-18.1669 0.0 0.0
-18.1569 0.0 0.0
-18.1469 0.0 0.0
-18.1369 0.0 0.0
-18.1269 0.0 0.0
-18.1169 0.0 0.0
-18.1069 0.0 0.0
-18.0969 0.0 0.0
-18.0869 0.0 0.0
-18.0769 0.0 0.0
-18.0669 0.0 0.0
-18.0569 0.0 0.0
-18.0469 0.0 0.0
-18.0369 0.0 0.0
-18.0269 0.0 0.0
-18.0169 0.0 0.0
-18.0069 0.0 0.0
-17.9969 0.0 0.0
-17.9869 0.0 0.0
-17.9769 0.0 0.0
-17.9669 0.0 0.0
-17.9569 0.0 0.0
-17.9469 0.0 0.0
-17.9369 0.0 0.0
-17.9269 0.0 0.0
-17.9169 0.0 0.0
-17.9069 0.0 0.0
-17.8969 0.0 0.0
-17.8869 0.0 0.0
-17.8769 0.0 0.0
-17.8669 0.0 0.0
-17.8569 0.0 0.0
-17.8469 0.0 0.0
-17.8369 0.0 0.0
-17.8269 0.0 0.0
-17.8169 0.0 0.0
-17.8069 0.0 0.0
-17.7969 0.0 0.0
-17.7869 0.0 0.0
-17.7769 0.0 0.0
-17.7669 0.0 0.0
-17.7569 0.0 0.0
-17.7469 0.0 0.0
-17.7369 0.0 0.0
-17.7269 0.0 0.0
-17.7169 0.0 0.0
-17.7069 0.0 0.0
-17.6969 0.0 0.0
-17.6869 0.0 0.0
-17.6769 0.0 0.0
-17.6669 0.0 0.0
-17.6569 0.0 0.0
-17.6469 0.0 0.0
-17.6369 0.0 0.0
-17.6269 0.0 0.0
-17.6169 0.0 0.0
-17.6069 0.0 0.0
-17.5969 0.0 0.0
-17.5869 0.0 0.0
-17.5769 0.0 0.0
-17.5669 0.0 0.0
-17.5569 0.0 0.0
-17.5469 0.0 0.0
-17.5369 0.0 0.0
-17.5269 0.0 0.0
-17.5169 0.0 0.0
-17.5069 0.0 0.0
-17.4969 0.0 0.0
-17.4869 0.0 0.0
-17.4769 0.0 0.0
-17.4669 0.0 0.0
-17.4569 0.0 0.0
-17.4469 0.0 0.0
-17.4369 0.0 0.0
-17.4269 0.0 0.0
-17.4169 0.0 0.0
-17.4069 0.0 0.0
-17.3969 0.0 0.0
-17.3869 0.0 0.0
-17.3769 0.0 0.0
-17.3669 0.0 0.0
-17.3569 0.0 0.0
-17.3469 0.0 0.0
-17.3369 0.0 0.0
-17.3269 0.0 0.0
-17.3169 0.0 0.0
-17.3069 0.0 0.0
-17.2969 0.0 0.0
-17.2869 0.0 0.0
-17.2769 0.0 0.0
-17.2669 0.0 0.0
-17.2569 0.0 0.0
-17.2469 0.0 0.0
-17.2369 0.0 0.0
-17.2269 0.0 0.0
-17.2169 0.0 0.0
-17.2069 0.0 0.0
-17.1969 0.0 0.0
-17.1869 0.0 0.0
-17.1769 0.0 0.0
-17.1669 0.0 0.0
-17.1569 0.0 0.0
-17.1469 0.0 0.0
-17.1369 0.0 0.0
-17.1269 0.0 0.0
-17.1169 0.0 0.0
-17.1069 0.0 0.0
-17.0969 0.0 0.0
-17.0869 0.0 0.0
-17.0769 0.0 0.0
-17.0669 0.0 0.0
-17.0569 0.0 0.0
-17.0469 0.0 0.0
-17.0369 0.0 0.0
-17.0269 0.0 0.0
-17.0169 0.0 0.0
-17.0069 0.0 0.0
-16.9969 0.0 0.0
-16.9869 0.0 0.0
-16.9769 0.0 0.0
-16.9669 0.0 0.0
-16.9569 0.0 0.0
-16.9469 0.0 0.0
-16.9369 0.0 0.0
-16.9269 0.0 0.0
-16.9169 0.0 0.0
-16.9069 0.0 0.0
-16.8969 0.0 0.0
-16.8869 0.0 0.0
-16.8769 0.0 0.0
-16.8669 0.0 0.0
-16.8569 0.0 0.0
-16.8469 0.0 0.0
-16.8369 0.0 0.0
-16.8269 0.0 0.0
-16.8169 0.0 0.0
-16.8069 0.0 0.0
-16.7969 0.0 0.0
-16.7869 0.0 0.0
-16.7769 0.0 0.0
-16.7669 0.0 0.0
-16.7569 0.0 0.0
-16.7469 0.0 0.0
-16.7369 0.0 0.0
-16.7269 0.0 0.0
-16.7169 0.0 0.0
-16.7069 0.0 0.0
-16.6969 0.0 0.0
-16.6869 0.0 0.0
-16.6769 0.0 0.0
-16.6669 0.0 0.0
-16.6569 0.0 0.0
-16.6469 0.0 0.0
-16.6369 0.0 0.0
-16.6269 0.0 0.0
-16.6169 0.0 0.0
-16.6069 0.0 0.0
-16.5969 0.0 0.0
-16.5869 0.0 0.0
-16.5769 0.0 0.0
-16.5669 0.0 0.0
-16.5569 0.0 0.0
-16.5469 0.0 0.0
-16.5369 0.0 0.0
-16.5269 0.0 0.0
-16.5169 0.0 0.0
-16.5069 0.0 0.0
-16.4969 0.0 0.0
-16.4869 0.0 0.0
-16.4769 0.0 0.0
-16.4669 0.0 0.0
-16.4569 0.0 0.0
-16.4469 0.0 0.0
-16.4369 0.0 0.0
-16.4269 0.0 0.0
-16.4169 0.0 0.0
-16.4069 0.0 0.0
-16.3969 0.0 0.0
-16.3869 0.0 0.0
-16.3769 0.0 0.0
-16.3669 0.0 0.0
-16.3569 0.0 0.0
-16.3469 0.0 0.0
-16.3369 0.0 0.0
-16.3269 0.0 0.0
-16.3169 0.0 0.0
-16.3069 0.0 0.0
-16.2969 0.0 0.0
-16.2869 0.0 0.0
-16.2769 0.0 0.0
-16.2669 0.0 0.0
-16.2569 0.0 0.0
-16.2469 0.0 0.0
-16.2369 0.0 0.0
-16.2269 0.0 0.0
-16.2169 0.0 0.0
-16.2069 0.0 0.0
-16.1969 0.0 0.0
-16.1869 0.0 0.0
-16.1769 0.0 0.0
-16.1669 0.0 0.0
-16.1569 0.0 0.0
-16.1469 0.0 0.0
-16.1369 0.0 0.0
-16.1269 0.0 0.0
-16.1169 0.0 0.0
-16.1069 0.0 0.0
-16.0969 0.0 0.0
-16.0869 0.0 0.0
-16.0769 0.0 0.0
-16.0669 0.0 0.0
-16.0569 0.0 0.0
-16.0469 0.0 0.0
-16.0369 0.0 0.0
-16.0269 0.0 0.0
-16.0169 0.0 0.0
-16.0069 0.0 0.0
-15.9969 0.0 0.0
-15.9869 0.0 0.0
-15.9769 0.0 0.0
-15.9669 0.0 0.0
-15.9569 0.0 0.0
-15.9469 0.0 0.0
-15.9369 0.0 0.0
-15.9269 0.0 0.0
-15.9169 0.0 0.0
-15.9069 0.0 0.0
-15.8969 0.0 0.0
-15.8869 0.0 0.0
-15.8769 0.0 0.0
-15.8669 0.0 0.0
-15.8569 0.0 0.0
-15.8469 0.0 0.0
-15.8369 0.0 0.0
-15.8269 0.0 0.0
-15.8169 0.0 0.0
-15.8069 0.0 0.0
-15.7969 0.0 0.0
-15.7869 0.0 0.0
-15.7769 0.0 0.0
-15.7669 0.0 0.0
-15.7569 0.0 0.0
-15.7469 0.0 0.0
-15.7369 0.0 0.0
-15.7269 0.0 0.0
-15.7169 0.0 0.0
-15.7069 0.0 0.0
-15.6969 0.0 0.0
-15.6869 0.0 0.0
-15.6769 0.0 0.0
-15.6669 0.0 0.0
-15.6569 0.0 0.0
-15.6469 0.0 0.0
-15.6369 0.0 0.0
-15.6269 0.0 0.0
-15.6169 0.0 0.0
-15.6069 0.0 0.0
-15.5969 0.0 0.0
-15.5869 0.0 0.0
-15.5769 0.0 0.0
-15.5669 0.0 0.0
-15.5569 0.0 0.0
-15.5469 0.0 0.0
-15.5369 0.0 0.0
-15.5269 0.0 0.0
-15.5169 0.0 0.0
-15.5069 0.0 0.0
-15.4969 0.0 0.0
-15.4869 0.0 0.0
-15.4769 0.0 0.0
-15.4669 0.0 0.0
-15.4569 0.0 0.0
-15.4469 0.0 0.0
-15.4369 0.0 0.0
-15.4269 0.0 0.0
-15.4169 0.0 0.0
-15.4069 0.0 0.0
-15.3969 0.0 0.0
-15.3869 0.0 0.0
-15.3769 0.0 0.0
-15.3669 0.0 0.0
-15.3569 0.0 0.0
-15.3469 0.0 0.0
-15.3369 0.0 0.0
-15.3269 0.0 0.0
-15.3169 0.0 0.0
-15.3069 0.0 0.0
-15.2969 0.0 0.0
-15.2869 0.0 0.0
-15.2769 0.0 0.0
-15.2669 0.0 0.0
-15.2569 0.0 0.0
-15.2469 0.0 0.0
-15.2369 0.0 0.0
-15.2269 0.0 0.0
-15.2169 0.0 0.0
-15.2069 0.0 0.0
-15.1969 0.0 0.0
-15.1869 0.0 0.0
-15.1769 0.0 0.0
-15.1669 0.0 0.0
-15.1569 0.0 0.0
-15.1469 0.0 0.0
-15.1369 0.0 0.0
-15.1269 0.0 0.0
-15.1169 0.0 0.0
-15.1069 0.0 0.0
-15.0969 0.0 0.0
-15.0869 0.0 0.0
-15.0769 0.0 0.0
-15.0669 0.0 0.0
-15.0569 0.0 0.0
-15.0469 0.0 0.0
-15.0369 0.0 0.0
-15.0269 0.0 0.0
-15.0169 0.0 0.0
-15.0069 0.0 0.0
-14.9969 0.0 0.0
-14.9869 0.0 0.0
-14.9769 0.0 0.0
-14.9669 0.0 0.0
-14.9569 0.0 0.0
-14.9469 0.0 0.0
-14.9369 0.0 0.0
-14.9269 0.0 0.0
-14.9169 0.0 0.0
-14.9069 0.0 0.0
-14.8969 0.0 0.0
-14.8869 0.0 0.0
-14.8769 0.0 0.0
-14.8669 0.0 0.0
-14.8569 0.0 0.0
-14.8469 0.0 0.0
-14.8369 0.0 0.0
-14.8269 0.0 0.0
-14.8169 0.0 0.0
-14.8069 0.0 0.0
-14.7969 0.0 0.0
-14.7869 0.0 0.0
-14.7769 0.0 0.0
-14.7669 0.0 0.0
-14.7569 0.0 0.0
-14.7469 0.0 0.0
-14.7369 0.0 0.0
-14.7269 0.0 0.0
-14.7169 0.0 0.0
-14.7069 0.0 0.0
-14.6969 0.0 0.0
-14.6869 0.0 0.0
-14.6769 0.0 0.0
-14.6669 0.0 0.0
-14.6569 0.0 0.0
-14.6469 0.0 0.0
-14.6369 0.0 0.0
-14.6269 0.0 0.0
-14.6169 0.0 0.0
-14.6069 0.0 0.0
-14.5969 0.0 0.0
-14.5869 0.0 0.0
-14.5769 0.0 0.0
-14.5669 0.0 0.0
-14.5569 0.0 0.0
-14.5469 0.0 0.0
-14.5369 0.0 0.0
-14.5269 0.0 0.0
-14.5169 0.0 0.0
-14.5069 0.0 0.0
-14.4969 0.0 0.0
-14.4869 0.0 0.0
-14.4769 0.0 0.0
-14.4669 0.0 0.0
-14.4569 0.0 0.0
-14.4469 0.0 0.0
-14.4369 0.0 0.0
-14.4269 0.0 0.0
-14.4169 0.0 0.0
-14.4069 0.0 0.0
-14.3969 0.0 0.0
-14.3869 0.0 0.0
-14.3769 0.0 0.0
-14.3669 0.0 0.0
-14.3569 0.0 0.0
-14.3469 0.0 0.0
-14.3369 0.0 0.0
-14.3269 0.0 0.0
-14.3169 0.0 0.0
-14.3069 0.0 0.0
-14.2969 0.0 0.0
-14.2869 0.0 0.0
-14.2769 0.0 0.0
-14.2669 0.0 0.0
-14.2569 0.0 0.0
-14.2469 0.0 0.0
-14.2369 0.0 0.0
-14.2269 0.0 0.0
-14.2169 0.0 0.0
-14.2069 0.0 0.0
-14.1969 0.0 0.0
-14.1869 0.0 0.0
-14.1769 0.0 0.0
-14.1669 0.0 0.0
-14.1569 0.0 0.0
-14.1469 0.0 0.0
-14.1369 0.0 0.0
-14.1269 0.0 0.0
-14.1169 0.0 0.0
-14.1069 0.0 0.0
-14.0969 0.0 0.0
-14.0869 0.0 0.0
-14.0769 0.0 0.0
-14.0669 0.0 0.0
-14.0569 0.0 0.0
-14.0469 0.0 0.0
-14.0369 0.0 0.0
-14.0269 0.0 0.0
-14.0169 0.0 0.0
-14.0069 0.0 0.0
-13.9969 0.0 0.0
-13.9869 0.0 0.0
-13.9769 0.0 0.0
-13.9669 0.0 0.0
-13.9569 0.0 0.0
-13.9469 0.0 0.0
-13.9369 0.0 0.0
-13.9269 0.0 0.0
-13.9169 0.0 0.0
-13.9069 0.0 0.0
-13.8969 0.0 0.0
-13.8869 0.0 0.0
-13.8769 0.0 0.0
-13.8669 0.0 0.0
-13.8569 0.0 0.0
-13.8469 0.0 0.0
-13.8369 0.0 0.0
-13.8269 0.0 0.0
-13.8169 0.0 0.0
-13.8069 0.0 0.0
-13.7969 0.0 0.0
-13.7869 0.0 0.0
-13.7769 0.0 0.0
-13.7669 0.0 0.0
-13.7569 0.0 0.0
-13.7469 0.0 0.0
-13.7369 0.0 0.0
-13.7269 0.0 0.0
-13.7169 0.0 0.0
-13.7069 0.0 0.0
-13.6969 0.0 0.0
-13.6869 0.0 0.0
-13.6769 0.0 0.0
-13.6669 0.0 0.0
-13.6569 0.0 0.0
-13.6469 0.0 0.0
-13.6369 0.0 0.0
-13.6269 0.0 0.0
-13.6169 0.0 0.0
-13.6069 0.0 0.0
-13.5969 0.0 0.0
-13.5869 0.0 0.0
-13.5769 0.0 0.0
-13.5669 0.0 0.0
-13.5569 0.0 0.0
-13.5469 0.0 0.0
-13.5369 0.0 0.0
-13.5269 0.0 0.0
-13.5169 0.0 0.0
-13.5069 0.0 0.0
-13.4969 0.0 0.0
-13.4869 0.0 0.0
-13.4769 0.0 0.0
-13.4669 0.0 0.0
-13.4569 0.0 0.0
-13.4469 0.0 0.0
-13.4369 0.0 0.0
-13.4269 0.0 0.0
-13.4169 0.0 0.0
-13.4069 0.0 0.0
-13.3969 0.0 0.0
-13.3869 0.0 0.0
-13.3769 0.0 0.0
-13.3669 0.0 0.0
-13.3569 0.0 0.0
-13.3469 0.0 0.0
-13.3369 0.0 0.0
-13.3269 0.0 0.0
-13.3169 0.0 0.0
-13.3069 0.0 0.0
-13.2969 0.0 0.0
-13.2869 0.0 0.0
-13.2769 0.0 0.0
-13.2669 0.0 0.0
-13.2569 0.0 0.0
-13.2469 0.0 0.0
-13.2369 0.0 0.0
-13.2269 0.0 0.0
-13.2169 0.0 0.0
-13.2069 0.0 0.0
-13.1969 0.0 0.0
-13.1869 0.0 0.0
-13.1769 0.0 0.0
-13.1669 0.0 0.0
-13.1569 0.0 0.0
-13.1469 0.0 0.0
-13.1369 0.0 0.0
-13.1269 0.0 0.0
-13.1169 0.0 0.0
-13.1069 0.0 0.0
-13.0969 0.0 0.0
-13.0869 0.0 0.0
-13.0769 0.0 0.0
-13.0669 0.0 0.0
-13.0569 0.0 0.0
-13.0469 0.0 0.0
-13.0369 0.0 0.0
-13.0269 0.0 0.0
-13.0169 0.0 0.0
-13.0069 0.0 0.0
-12.9969 0.0 0.0
-12.9869 0.0 0.0
-12.9769 0.0 0.0
-12.9669 0.0 0.0
-12.9569 0.0 0.0
-12.9469 0.0 0.0
-12.9369 0.0 0.0
-12.9269 0.0 0.0
-12.9169 0.0 0.0
-12.9069 0.0 0.0
-12.8969 0.0 0.0
-12.8869 0.0 0.0
-12.8769 0.0 0.0
-12.8669 0.0 0.0
-12.8569 0.0 0.0
-12.8469 0.0 0.0
-12.8369 0.0 0.0
-12.8269 0.0 0.0
-12.8169 0.0 0.0
-12.8069 0.0 0.0
-12.7969 0.0 0.0
-12.7869 0.0 0.0
-12.7769 0.0 0.0
-12.7669 0.0 0.0
-12.7569 0.0 0.0
-12.7469 0.0 0.0
-12.7369 0.0 0.0
-12.7269 0.0 0.0
-12.7169 0.0 0.0
-12.7069 0.0 0.0
-12.6969 0.0 0.0
-12.6869 0.0 0.0
-12.6769 0.0 0.0
-12.6669 0.0 0.0
-12.6569 0.0 0.0
-12.6469 0.0 0.0
-12.6369 0.0 0.0
-12.6269 0.0 0.0
-12.6169 0.0 0.0
-12.6069 0.0 0.0
-12.5969 0.0 0.0
-12.5869 0.0 0.0
-12.5769 0.0 0.0
-12.5669 0.0 0.0
-12.5569 0.0 0.0
-12.5469 0.0 0.0
-12.5369 0.0 0.0
-12.5269 0.0 0.0
-12.5169 0.0 0.0
-12.5069 0.0 0.0
-12.4969 0.0 0.0
-12.4869 0.0 0.0
-12.4769 0.0 0.0
-12.4669 0.0 0.0
-12.4569 0.0 0.0
-12.4469 0.0 0.0
-12.4369 0.0 0.0
-12.4269 0.0 0.0
-12.4169 0.0 0.0
-12.4069 0.0 0.0
-12.3969 0.0 0.0
-12.3869 0.0 0.0
-12.3769 0.0 0.0
-12.3669 0.0 0.0
-12.3569 0.0 0.0
-12.3469 0.0 0.0
-12.3369 0.0 0.0
-12.3269 0.0 0.0
-12.3169 0.0 0.0
-12.3069 0.0 0.0
-12.2969 0.0 0.0
-12.2869 0.0 0.0
-12.2769 0.0 0.0
-12.2669 0.0 0.0
-12.2569 0.0 0.0
-12.2469 0.0 0.0
-12.2369 0.0 0.0
-12.2269 0.0 0.0
-12.2169 0.0 0.0
-12.2069 0.0 0.0
-12.1969 0.0 0.0
-12.1869 0.0 0.0
-12.1769 0.0 0.0
-12.1669 0.0 0.0
-12.1569 0.0 0.0
-12.1469 0.0 0.0
-12.1369 0.0 0.0
-12.1269 0.0 0.0
-12.1169 0.0 0.0
-12.1069 0.0 0.0
-12.0969 0.0 0.0
-12.0869 0.0 0.0
-12.0769 0.0 0.0
-12.0669 0.0 0.0
-12.0569 0.0 0.0
-12.0469 0.0 0.0
-12.0369 0.0 0.0
-12.0269 0.0 0.0
-12.0169 0.0 0.0
-12.0069 0.0 0.0
-11.9969 0.0 0.0
-11.9869 0.0 0.0
-11.9769 0.0 0.0
-11.9669 0.0 0.0
-11.9569 0.0 0.0
-11.9469 0.0 0.0
-11.9369 0.0 0.0
-11.9269 0.0 0.0
-11.9169 0.0 0.0
-11.9069 0.0 0.0
-11.8969 0.0 0.0
-11.8869 0.0 0.0
-11.8769 0.0 0.0
-11.8669 0.0 0.0
-11.8569 0.0 0.0
-11.8469 0.0 0.0
-11.8369 0.0 0.0
-11.8269 0.0 0.0
-11.8169 0.0 0.0
-11.8069 0.0 0.0
-11.7969 0.0 0.0
-11.7869 0.0 0.0
-11.7769 0.0 0.0
-11.7669 0.0 0.0
-11.7569 0.0 0.0
-11.7469 0.0 0.0
-11.7369 0.0 0.0
-11.7269 0.0 0.0
-11.7169 0.0 0.0
-11.7069 0.0 0.0
-11.6969 0.0 0.0
-11.6869 0.0 0.0
-11.6769 0.0 0.0
-11.6669 0.0 0.0
-11.6569 0.0 0.0
-11.6469 0.0 0.0
-11.6369 0.0 0.0
-11.6269 0.0 0.0
-11.6169 0.0 0.0
-11.6069 0.0 0.0
-11.5969 0.0 0.0
-11.5869 0.0 0.0
-11.5769 0.0 0.0
-11.5669 0.0 0.0
-11.5569 0.0 0.0
-11.5469 0.0 0.0
-11.5369 0.0 0.0
-11.5269 0.0 0.0
-11.5169 0.0 0.0
-11.5069 0.0 0.0
-11.4969 0.0 0.0
-11.4869 0.0 0.0
-11.4769 0.0 0.0
-11.4669 0.0 0.0
-11.4569 0.0 0.0
-11.4469 0.0 0.0
-11.4369 0.0 0.0
-11.4269 0.0 0.0
-11.4169 0.0 0.0
-11.4069 0.0 0.0
-11.3969 0.0 0.0
-11.3869 0.0 0.0
-11.3769 0.0 0.0
-11.3669 0.0 0.0
-11.3569 0.0 0.0
-11.3469 0.0 0.0
-11.3369 0.0 0.0
-11.3269 0.0 0.0
-11.3169 0.0 0.0
-11.3069 0.0 0.0
-11.2969 0.0 0.0
-11.2869 0.0 0.0
-11.2769 0.0 0.0
-11.2669 0.0 0.0
-11.2569 0.0 0.0
-11.2469 0.0 0.0
-11.2369 0.0 0.0
-11.2269 0.0 0.0
-11.2169 0.0 0.0
-11.2069 0.0 0.0
-11.1969 0.0 0.0
-11.1869 0.0 0.0
-11.1769 0.0 0.0
-11.1669 0.0 0.0
-11.1569 0.0 0.0
-11.1469 0.0 0.0
-11.1369 0.0 0.0
-11.1269 0.0 0.0
-11.1169 0.0 0.0
-11.1069 0.0 0.0
-11.0969 0.0 0.0
-11.0869 0.0 0.0
-11.0769 0.0 0.0
-11.0669 0.0 0.0
-11.0569 0.0 0.0
-11.0469 0.0 0.0
-11.0369 0.0 0.0
-11.0269 0.0 0.0
-11.0169 0.0 0.0
-11.0069 0.0 0.0
-10.9969 0.0 0.0
-10.9869 0.0 0.0
-10.9769 0.0 0.0
-10.9669 0.0 0.0
-10.9569 0.0 0.0
-10.9469 0.0 0.0
-10.9369 0.0 0.0
-10.9269 0.0 0.0
-10.9169 0.0 0.0
-10.9069 0.0 0.0
-10.8969 0.0 0.0
-10.8869 0.0 0.0
-10.8769 0.0 0.0
-10.8669 0.0 0.0
-10.8569 0.0 0.0
-10.8469 0.0 0.0
-10.8369 0.0 0.0
-10.8269 0.0 0.0
-10.8169 0.0 0.0
-10.8069 0.0 0.0
-10.7969 0.0 0.0
-10.7869 0.0 0.0
-10.7769 0.0 0.0
-10.7669 0.0 0.0
-10.7569 0.0 0.0
-10.7469 0.0 0.0
-10.7369 0.0 0.0
-10.7269 0.0 0.0
-10.7169 0.0 0.0
-10.7069 0.0 0.0
-10.6969 0.0 0.0
-10.6869 0.0 0.0
-10.6769 0.0 0.0
-10.6669 0.0 0.0
-10.6569 0.0 0.0
-10.6469 0.0 0.0
-10.6369 0.0 0.0
-10.6269 0.0 0.0
-10.6169 0.0 0.0
-10.6069 0.0 0.0
-10.5969 0.0 0.0
-10.5869 0.0 0.0
-10.5769 0.0 0.0
-10.5669 0.0 0.0
-10.5569 0.0 0.0
-10.5469 0.0 0.0
-10.5369 0.0 0.0
-10.5269 0.0 0.0
-10.5169 0.0 0.0
-10.5069 0.0 0.0
-10.4969 0.0 0.0
-10.4869 0.0 0.0
-10.4769 0.0 0.0
-10.4669 0.0 0.0
-10.4569 0.0 0.0
-10.4469 0.0 0.0
-10.4369 0.0 0.0
-10.4269 0.0 0.0
-10.4169 0.0 0.0
-10.4069 0.0 0.0
-10.3969 0.0 0.0
-10.3869 0.0 0.0
-10.3769 0.0 0.0
-10.3669 0.0 0.0
-10.3569 0.0 0.0
-10.3469 0.0 0.0
-10.3369 0.0 0.0
-10.3269 0.0 0.0
-10.3169 0.0 0.0
-10.3069 0.0 0.0
-10.2969 0.0 0.0
-10.2869 0.0 0.0
-10.2769 0.0 0.0
-10.2669 0.0 0.0
-10.2569 0.0 0.0
-10.2469 0.0 0.0
-10.2369 0.0 0.0
-10.2269 0.0 0.0
-10.2169 0.0 0.0
-10.2069 0.0 0.0
-10.1969 0.0 0.0
-10.1869 0.0 0.0
-10.1769 0.0 0.0
-10.1669 0.0 0.0
-10.1569 0.0 0.0
-10.1469 0.0 0.0
-10.1369 0.0 0.0
-10.1269 0.0 0.0
-10.1169 0.0 0.0
-10.1069 0.0 0.0
-10.0969 0.0 0.0
-10.0869 0.0 0.0
-10.0769 0.0 0.0
-10.0669 0.0 0.0
-10.0569 0.0 0.0
-10.0469 0.0 0.0
-10.0369 0.0 0.0
-10.0269 0.0 0.0
-10.0169 0.0 0.0
-10.0069 0.0 0.0
-9.9969 0.0 0.0
-9.9869 0.0 0.0
-9.9769 0.0 0.0
-9.9669 0.0 0.0
-9.9569 0.0 0.0
-9.9469 0.0 0.0
-9.9369 0.0 0.0
-9.9269 0.0 0.0
-9.9169 0.0 0.0
-9.9069 0.0 0.0
-9.8969 0.0 0.0
-9.8869 0.0 0.0
-9.8769 0.0 0.0
-9.8669 0.0 0.0
-9.8569 0.0 0.0
-9.8469 0.0 0.0
-9.8369 0.0 0.0
-9.8269 0.0 0.0
-9.8169 0.0 0.0
-9.8069 0.0 0.0
-9.7969 0.0 0.0
-9.7869 0.0 0.0
-9.7769 0.0 0.0
-9.7669 0.0 0.0
-9.7569 0.0 0.0
-9.7469 0.0 0.0
-9.7369 0.0 0.0
-9.7269 0.0 0.0
-9.7169 0.0 0.0
-9.7069 0.0 0.0
-9.6969 0.0 0.0
-9.6869 0.0 0.0
-9.6769 0.0 0.0
-9.6669 0.0 0.0
-9.6569 0.0 0.0
-9.6469 0.0 0.0
-9.6369 0.0 0.0
-9.6269 0.0 0.0
-9.6169 0.0 0.0
-9.6069 0.0 0.0
-9.5969 0.0 0.0
-9.5869 0.0 0.0
-9.5769 0.0 0.0
-9.5669 0.0 0.0
-9.5569 0.0 0.0
-9.5469 0.0 0.0
-9.5369 0.0 0.0
-9.5269 0.0 0.0
-9.5169 0.0 0.0
-9.5069 0.0 0.0
-9.4969 0.0 0.0
-9.4869 0.0 0.0
-9.4769 0.0 0.0
-9.4669 0.0 0.0
-9.4569 0.0 0.0
-9.4469 0.0 0.0
-9.4369 0.0 0.0
-9.4269 0.0 0.0
-9.4169 0.0 0.0
-9.4069 0.0 0.0
-9.3969 0.0 0.0
-9.3869 0.0 0.0
-9.3769 0.0 0.0
-9.3669 0.0 0.0
-9.3569 0.0 0.0
-9.3469 0.0 0.0
-9.3369 0.0 0.0
-9.3269 0.0 0.0
-9.3169 0.0 0.0
-9.3069 0.0 0.0
-9.2969 0.0 0.0
-9.2869 0.0 0.0
-9.2769 0.0 0.0
-9.2669 0.0 0.0
-9.2569 0.0 0.0
-9.2469 0.0 0.0
-9.2369 0.0 0.0
-9.2269 0.0 0.0
-9.2169 0.0 0.0
-9.2069 0.0 0.0
-9.1969 0.0 0.0
-9.1869 0.0 0.0
-9.1769 0.0 0.0
-9.1669 0.0 0.0
-9.1569 0.0 0.0
-9.1469 0.0 0.0
-9.1369 0.0 0.0
-9.1269 0.0 0.0
-9.1169 0.0 0.0
-9.1069 0.0 0.0
-9.0969 0.0 0.0
-9.0869 0.0 0.0
-9.0769 0.0 0.0
-9.0669 0.0 0.0
-9.0569 0.0 0.0
-9.0469 0.0 0.0
-9.0369 0.0 0.0
-9.0269 0.0 0.0
-9.0169 0.0 0.0
-9.0069 0.0 0.0
-8.9969 0.0 0.0
-8.9869 0.0 0.0
-8.9769 0.0 0.0
-8.9669 0.0 0.0
-8.9569 0.0 0.0
-8.9469 0.0 0.0
-8.9369 0.0 0.0
-8.9269 0.0 0.0
-8.9169 0.0 0.0
-8.9069 0.0 0.0
-8.8969 0.0 0.0
-8.8869 0.0 0.0
-8.8769 0.0 0.0
-8.8669 0.0 0.0
-8.8569 0.0 0.0
-8.8469 0.0 0.0
-8.8369 0.0 0.0
-8.8269 0.0 0.0
-8.8169 0.0 0.0
-8.8069 0.0 0.0
-8.7969 0.0 0.0
-8.7869 0.0 0.0
-8.7769 0.0 0.0
-8.7669 0.0 0.0
-8.7569 0.0 0.0
-8.7469 0.0 0.0
-8.7369 0.0 0.0
-8.7269 0.0 0.0
-8.7169 0.0 0.0
-8.7069 0.0 0.0
-8.6969 0.0 0.0
-8.6869 0.0 0.0
-8.6769 0.0 0.0
-8.6669 0.0 0.0
-8.6569 0.0 0.0
-8.6469 0.0 0.0
-8.6369 0.0 0.0
-8.6269 0.0 0.0
-8.6169 0.0 0.0
-8.6069 0.0 0.0
-8.5969 0.0 0.0
-8.5869 0.0 0.0
-8.5769 0.0 0.0
-8.5669 0.0 0.0
-8.5569 0.0 0.0
-8.5469 0.0 0.0
-8.5369 0.0 0.0
-8.5269 0.0 0.0
-8.5169 0.0 0.0
-8.5069 0.0 0.0
-8.4969 0.0 0.0
-8.4869 0.0 0.0
-8.4769 0.0 0.0
-8.4669 0.0 0.0
-8.4569 0.0 0.0
-8.4469 0.0 0.0
-8.4369 0.0 0.0
-8.4269 0.0 0.0
-8.4169 0.0 0.0
-8.4069 0.0 0.0
-8.3969 0.0 0.0
-8.3869 0.0 0.0
-8.3769 0.0 0.0
-8.3669 0.0 0.0
-8.3569 0.0 0.0
-8.3469 0.0 0.0
-8.3369 0.0 0.0
-8.3269 0.0 0.0
-8.3169 0.0 0.0
-8.3069 0.0 0.0
-8.2969 0.0 0.0
-8.2869 0.0 0.0
-8.2769 0.0 0.0
-8.2669 0.0 0.0
-8.2569 0.0 0.0
-8.2469 0.0 0.0
-8.2369 0.0 0.0
-8.2269 0.0 0.0
-8.2169 0.0 0.0
-8.2069 0.0 0.0
-8.1969 0.0 0.0
-8.1869 0.0 0.0
-8.1769 0.0 0.0
-8.1669 0.0 0.0
-8.1569 0.0 0.0
-8.1469 0.0 0.0
-8.1369 0.0 0.0
-8.1269 0.0 0.0
-8.1169 0.0 0.0
-8.1069 0.0 0.0
-8.0969 0.0 0.0
-8.0869 0.0 0.0
-8.0769 0.0 0.0
-8.0669 0.0 0.0
-8.0569 0.0 0.0
-8.0469 0.0 0.0
-8.0369 0.0 0.0
-8.0269 0.0 0.0
-8.0169 0.0 0.0
-8.0069 0.0 0.0
-7.9969 0.0 0.0
-7.9869 0.0 0.0
-7.9769 0.0 0.0
-7.9669 0.0 0.0
-7.9569 0.0 0.0
-7.9469 0.0 0.0
-7.9369 0.0 0.0
-7.9269 0.0 0.0
-7.9169 0.0 0.0
-7.9069 0.0 0.0
-7.8969 0.0 0.0
-7.8869 0.0 0.0
-7.8769 0.0 0.0
-7.8669 0.0 0.0
-7.8569 0.0 0.0
-7.8469 0.0 0.0
-7.8369 0.0 0.0
-7.8269 0.0 0.0
-7.8169 0.0 0.0
-7.8069 0.0 0.0
-7.7969 0.0 0.0
-7.7869 0.0 0.0
-7.7769 0.0 0.0
-7.7669 0.0 0.0
-7.7569 0.0 0.0
-7.7469 0.0 0.0
-7.7369 0.0 0.0
-7.7269 0.0 0.0
-7.7169 0.0 0.0
-7.7069 0.0 0.0
-7.6969 0.0 0.0
-7.6869 0.0 0.0
-7.6769 0.0 0.0
-7.6669 0.0 0.0
-7.6569 0.0 0.0
-7.6469 0.0 0.0
-7.6369 0.0 0.0
-7.6269 0.0 0.0
-7.6169 0.0 0.0
-7.6069 0.0 0.0
-7.5969 0.0 0.0
-7.5869 0.0 0.0
-7.5769 0.0 0.0
-7.5669 0.0 0.0
-7.5569 0.0 0.0
-7.5469 0.0 0.0
-7.5369 0.0 0.0
-7.5269 0.0 0.0
-7.5169 0.0 0.0
-7.5069 0.0 0.0
-7.4969 0.0 0.0
-7.4869 0.0 0.0
-7.4769 0.0 0.0
-7.4669 0.0 0.0
-7.4569 0.0 0.0
-7.4469 0.0 0.0
-7.4369 0.0 0.0
-7.4269 0.0 0.0
-7.4169 0.0 0.0
-7.4069 0.0 0.0
-7.3969 0.0 0.0
-7.3869 0.0 0.0
-7.3769 0.0 0.0
-7.3669 0.0 0.0
-7.3569 0.0 0.0
-7.3469 0.0 0.0
-7.3369 0.0 0.0
-7.3269 0.0 0.0
-7.3169 0.0 0.0
-7.3069 0.0 0.0
-7.2969 0.0 0.0
-7.2869 0.0 0.0
-7.2769 0.0 0.0
-7.2669 0.0 0.0
-7.2569 0.0 0.0
-7.2469 0.0 0.0
-7.2369 0.0 0.0
-7.2269 0.0 0.0
-7.2169 0.0 0.0
-7.2069 0.0 0.0
-7.1969 0.0 0.0
-7.1869 0.0 0.0
-7.1769 0.0 0.0
-7.1669 0.0 0.0
-7.1569 0.0 0.0
-7.1469 0.0 0.0
-7.1369 0.0 0.0
-7.1269 0.0 0.0
-7.1169 0.0 0.0
-7.1069 0.0 0.0
-7.0969 0.0 0.0
-7.0869 0.0 0.0
-7.0769 0.0 0.0
-7.0669 0.0 0.0
-7.0569 0.0 0.0
-7.0469 0.0 0.0
-7.0369 0.0 0.0
-7.0269 0.0 0.0
-7.0169 0.0 0.0
-7.0069 0.0 0.0
-6.9969 0.0 0.0
-6.9869 0.0 0.0
-6.9769 0.0 0.0
-6.9669 0.0 0.0
-6.9569 0.0 0.0
-6.9469 0.0 0.0
-6.9369 0.0 0.0
-6.9269 0.0 0.0
-6.9169 0.0 0.0
-6.9069 0.0 0.0
-6.8969 0.0 0.0
-6.8869 0.0 0.0
-6.8769 0.0 0.0
-6.8669 0.0 0.0
-6.8569 0.0 0.0
-6.8469 0.0 0.0
-6.8369 0.0 0.0
-6.8269 0.0 0.0
-6.8169 0.0 0.0
-6.8069 0.0 0.0
-6.7969 0.0 0.0
-6.7869 0.0 0.0
-6.7769 0.0 0.0
-6.7669 0.0 0.0
-6.7569 0.0 0.0
-6.7469 0.0 0.0
-6.7369 0.0 0.0
-6.7269 0.0 0.0
-6.7169 0.0 0.0
-6.7069 0.0 0.0
-6.6969 0.0 0.0
-6.6869 0.0 0.0
-6.6769 0.0 0.0
-6.6669 0.0 0.0
-6.6569 0.0 0.0
-6.6469 0.0 0.0
-6.6369 0.0 0.0
-6.6269 0.0 0.0
-6.6169 0.0 0.0
-6.6069 0.0 0.0
-6.5969 0.0 0.0
-6.5869 0.0 0.0
-6.5769 0.0 0.0
-6.5669 0.0 0.0
-6.5569 0.0 0.0
-6.5469 0.0 0.0
-6.5369 0.0 0.0
-6.5269 0.0 0.0
-6.5169 0.0 0.0
-6.5069 0.0 0.0
-6.4969 0.0 0.0
-6.4869 0.0 0.0
-6.4769 0.0 0.0
-6.4669 0.0 0.0
-6.4569 0.0 0.0
-6.4469 0.0 0.0
-6.4369 0.0 0.0
-6.4269 0.0 0.0
-6.4169 0.0 0.0
-6.4069 0.0 0.0
-6.3969 0.0 0.0
-6.3869 0.0 0.0
-6.3769 0.0 0.0
-6.3669 0.0 0.0
-6.3569 0.0 0.0
-6.3469 0.0 0.0
-6.3369 0.0 0.0
-6.3269 0.0 0.0
-6.3169 0.0 0.0
-6.3069 0.0 0.0
-6.2969 0.0 0.0
-6.2869 0.0 0.0
-6.2769 0.0 0.0
-6.2669 0.0 0.0
-6.2569 0.0 0.0
-6.2469 0.0 0.0
-6.2369 0.0 0.0
-6.2269 0.0 0.0
-6.2169 0.0 0.0
-6.2069 0.0 0.0
-6.1969 0.0 0.0
-6.1869 0.0 0.0
-6.1769 0.0 0.0
-6.1669 0.0 0.0
-6.1569 0.0 0.0
-6.1469 0.0 0.0
-6.1369 0.0 0.0
-6.1269 0.0 0.0
-6.1169 0.0 0.0
-6.1069 0.0 0.0
-6.0969 0.0 0.0
-6.0869 0.0 2.01e-12
-6.0769 0.0 4.23e-12
-6.0669 0.0 8.8e-12
-6.0569 0.0 1.81e-11
-6.0469 0.0 3.68e-11
-6.0369 0.0 7.41e-11
-6.0269 0.0 1.48e-10
-6.0169 0.0 2.91e-10
-6.0069 0.0 5.66e-10
-5.9969 0.0 1.09e-09
-5.9869 0.0 2.08e-09
-5.9769 0.0 3.93e-09
-5.9669 1.69000000005e-12 7.33e-09
-5.9569 3.5500000001e-12 1.35e-08
-5.9469 7.40000000021e-12 2.47e-08
-5.9369 1.53000000004e-11 4.46e-08
-5.9269 3.11000000009e-11 7.97e-08
-5.9169 6.28000000018e-11 1.41e-07
-5.9069 1.25000000004e-10 2.47e-07
-5.8969 2.47000000007e-10 4.27e-07
-5.8869 4.83000000014e-10 7.3e-07
-5.8769 9.33000000027e-10 1.24e-06
-5.8669 1.78000000005e-09 2.07e-06
-5.8569 3.3700000001e-09 3.43e-06
-5.8469 6.31000000018e-09 5.62e-06
-5.8369 1.17000000003e-08 9.12e-06
-5.8269 2.14000000006e-08 1.46e-05
-5.8169 3.87000000011e-08 2.32e-05
-5.8069 6.9300000002e-08 3.64e-05
-5.7969 1.23000000004e-07 5.66e-05
-5.7869 2.15000000006e-07 8.69e-05
-5.7769 3.73000000011e-07 0.000132
-5.7669 6.40000000018e-07 0.000199
-5.7569 1.09000000003e-06 0.000295
-5.7469 1.82000000005e-06 0.000435
-5.7369 3.03000000009e-06 0.000633
-5.7269 4.97000000014e-06 0.000911
-5.7169 8.08000000023e-06 0.0013
-5.7069 1.30000000004e-05 0.00183
-5.6969 2.07000000006e-05 0.00255
-5.6869 3.25000000009e-05 0.00351
-5.6769 5.06000000014e-05 0.00479
-5.6669 7.80000000022e-05 0.00647
-5.6569 0.000119000000003 0.00864
-5.6469 0.000179000000005 0.0114
-5.6369 0.000267000000008 0.0149
-5.6269 0.000393000000011 0.0193
-5.6169 0.000574000000017 0.0246
-5.6069 0.000828000000024 0.0311
-5.5969 0.00118000000003 0.039
-5.5869 0.00167000000005 0.0482
-5.5769 0.00233000000007 0.0591
-5.5669 0.00322000000009 0.0715
-5.5569 0.00441000000013 0.0857
-5.5469 0.00596000000017 0.102
-5.5369 0.00798000000023 0.119
-5.5269 0.0106000000003 0.138
-5.5169 0.0138000000004 0.159
-5.5069 0.0179000000005 0.18
-5.4969 0.0229000000007 0.202
-5.4869 0.0291000000008 0.225
-5.4769 0.036500000001 0.247
-5.4669 0.0452000000013 0.268
-5.4569 0.0555000000016 0.289
-5.4469 0.0674000000019 0.307
-5.4369 0.0810000000023 0.323
-5.4269 0.0962000000028 0.337
-5.4169 0.113000000003 0.347
-5.4069 0.131000000004 0.353
-5.3969 0.151000000004 0.356
-5.3869 0.172000000005 0.355
-5.3769 0.194000000006 0.35
-5.3669 0.216000000006 0.342
-5.3569 0.237000000007 0.33
-5.3469 0.259000000007 0.315
-5.3369 0.279000000008 0.298
-5.3269 0.297000000009 0.278
-5.3169 0.314000000009 0.257
-5.3069 0.328000000009 0.235
-5.2969 0.33800000001 0.213
-5.2869 0.34500000001 0.191
-5.2769 0.34900000001 0.169
-5.2669 0.34900000001 0.148
-5.2569 0.34500000001 0.128
-5.2469 0.33700000001 0.11
-5.2369 0.326000000009 0.0932
-5.2269 0.312000000009 0.0782
-5.2169 0.296000000008 0.0649
-5.2069 0.277000000008 0.0533
-5.1969 0.257000000007 0.0433
-5.1869 0.235000000007 0.0347
-5.1769 0.213000000006 0.0276
-5.1669 0.191000000005 0.0217
-5.1569 0.170000000005 0.0169
-5.1469 0.149000000004 0.013
-5.1369 0.130000000004 0.00989
-5.1269 0.111000000003 0.00745
-5.1169 0.0946000000027 0.00555
-5.1069 0.0795000000023 0.00409
-5.0969 0.0662000000019 0.00298
-5.0869 0.0544000000016 0.00215
-5.0769 0.0443000000013 0.00153
-5.0669 0.035700000001 0.00108
-5.0569 0.0284000000008 0.000755
-5.0469 0.0224000000006 0.000522
-5.0369 0.0175000000005 0.000356
-5.0269 0.0135000000004 0.000241
-5.0169 0.0103000000003 0.000161
-5.0069 0.00775000000022 0.000107
-4.9969 0.00579000000017 6.97e-05
-4.9869 0.00428000000012 4.51e-05
-4.9769 0.00312000000009 2.89e-05
-4.9669 0.00226000000006 1.83000238e-05
-4.9569 0.00161000000005 1.15000498e-05
-4.9469 0.00114000000003 7.110103e-06
-4.9369 0.000799000000023 4.360212e-06
-4.9269 0.000553000000016 2.650429e-06
-4.9169 0.000379000000011 1.590861e-06
-4.9069 0.000257000000007 9.4471e-07
-4.8969 0.000172000000005 5.5736e-07
-4.8869 0.000114000000003 3.2852e-07
-4.8769 7.47000000021e-05 1.975e-07
-4.8669 4.85000000014e-05 1.288e-07
-4.8569 3.11000000009e-05 1.039e-07
-4.8469 1.98000000006e-05 1.162e-07
-4.8369 1.24000000004e-05 1.711e-07
-4.8269 7.71000000022e-06 2.8886e-07
-4.8169 4.74000000014e-06 5.0831e-07
-4.8069 2.88000000008e-06 8.9883e-07
-4.7969 1.7300234e-06 1.58149e-06
-4.7869 1.0300491e-06 2.750778e-06
-4.7769 6.07102e-07 4.750401e-06
-4.7669 3.53209e-07 8.100205e-06
-4.7569 2.04424e-07 1.3700103e-05
-4.7469 1.16852e-07 2.28000517e-05
-4.7369 6.709e-08 3.77000255e-05
-4.7269 3.983e-08 6.17000125e-05
-4.7169 2.657e-08 9.970000603e-05
-4.7069 2.34e-08 0.00015900000289
-4.6969 2.963e-08 0.000252
-4.6869 4.777e-08 0.000395
-4.6769 8.467e-08 0.000611
-4.6669 1.53875e-07 0.000936
-4.6569 2.78452e-07 0.00142
-4.6469 5.02231e-07 0.00213
-4.6369 8.95117e-07 0.00315
-4.6269 1.5800586e-06 0.00462
-4.6169 2.760029e-06 0.00671
-4.6069 4.7600142e-06 0.00963
-4.5969 8.12000689e-06 0.0137
-4.5869 1.37000033e-05 0.0192
-4.5769 2.29e-05 0.0267
-4.5669 3.79e-05 0.0367
-4.5569 6.2e-05 0.0499
-4.5469 0.0001 0.0672
-4.5369 0.000161 0.0894
-4.5269 0.000254 0.118
-4.5169 0.000399 0.153
-4.5069 0.000618 0.198
-4.4969 0.000947 0.252
-4.4869 0.00144 0.318
-4.4769 0.00216 0.397
-4.4669 0.0032 0.49
-4.4569 0.0047 0.598
-4.4469 0.00682 0.722
-4.4369 0.0098 0.863
-4.4269 0.0139 1.02
-4.4169 0.0196 1.19
-4.4069 0.0273 1.38
-4.3969 0.0375 1.58
-4.3869 0.0511 1.79
-4.3769 0.0688 2.01
-4.3669 0.0917 2.23
-4.3569 0.121 2.44
-4.3469 0.158 2.65
-4.3369 0.203 2.84
-4.3269 0.26 3.02
-4.3169 0.328 3.18
-4.3069 0.409 3.3
-4.2969 0.506 3.4
-4.2869 0.618 3.46
-4.2769 0.748 3.49
-4.2669 0.895 3.48
-4.2569 1.06 3.43
-4.2469 1.24 3.35
-4.2369 1.44 3.23
-4.2269 1.65 3.09
-4.2169 1.87 2.93
-4.2069 2.09 2.74
-4.1969 2.32 2.54
-4.1869 2.55 2.33
-4.1769 2.77 2.12
-4.1669 2.98 1.91
-4.1569 3.17 1.7
-4.1469 3.33 1.5
-4.1369 3.46 1.31
-4.1269 3.57 1.13
-4.1169 3.63 0.968
-4.1069 3.66 0.822
-4.0969 3.65 0.691
-4.0869 3.6 0.575
-4.0769 3.51 0.475
-4.0669 3.39 0.388
-4.0569 3.24 0.315
-4.0469 3.06 0.253
-4.0369 2.87 0.201
-4.0269 2.65 0.159
-4.0169 2.43 0.124
-4.0069 2.2 0.0967
-3.9969 1.97 0.0745
-3.9869 1.75 0.0569
-3.9769 1.53 0.0431
-3.9669 1.33 0.0324
-3.9569 1.15 0.0242
-3.9469 0.974 0.0179
-3.9369 0.819 0.0132
-3.9269 0.682 0.00959
-3.9169 0.562 0.00694
-3.9069 0.458 0.00498
-3.8969 0.37 0.00354
-3.8869 0.295 0.0025
-3.8769 0.233 0.00175
-3.8669 0.182 0.00122
-3.8569 0.141 0.000839
-3.8469 0.108 0.000573
-3.8369 0.082 0.000389
-3.8269 0.0615 0.000261
-3.8169 0.0457 0.000174
-3.8069 0.0336 0.000115
-3.7969 0.0244 7.51e-05
-3.7869 0.0176 4.87e-05
-3.7769 0.0125 3.13e-05
-3.7669 0.00885 1.99e-05
-3.7569 0.00618 1.25e-05
-3.7469 0.00427 7.84e-06
-3.7369 0.00292 4.85e-06
-3.7269 0.00198 2.97e-06
-3.7169 0.00133 1.8e-06
-3.7069 0.000883 1.08e-06
-3.6969 0.00058 6.43e-07
-3.6869 0.000378 3.78e-07
-3.6769 0.000243 2.2e-07
-3.6669 0.000155 1.27e-07
-3.6569 9.81e-05 7.26e-08
-3.6469 6.14e-05 4.1e-08
-3.6369 3.8e-05 2.29e-08
-3.6269 2.33e-05 1.27e-08
-3.6169 1.41e-05 6.95e-09
-3.6069 8.5e-06 3.76e-09
-3.5969 5.06e-06 2.02e-09
-3.5869 2.98e-06 1.07e-09
-3.5769 1.74e-06 5.52e-10
-3.5669 1.01e-06 2.87e-10
-3.5569 5.76e-07 1.48e-10
-3.5469 3.26e-07 7.54e-11
-3.5369 1.83e-07 3.8e-11
-3.5269 1.02e-07 1.89e-11
-3.5169 5.59e-08 9.34e-12
-3.5069 3.05e-08 4.56e-12
-3.4969 1.64e-08 2.2e-12
-3.4869 8.77e-09 1.05e-12
-3.4769 4.64e-09 0.0
-3.4669 2.43e-09 0.0
-3.4569 1.26e-09 0.0
-3.4469 6.46e-10 0.0
-3.4369 3.28e-10 0.0
-3.4269 1.65e-10 0.0
-3.4169 8.23e-11 0.0
-3.4069 2.9e-11 0.0
-3.3969 1.44e-11 0.0
-3.3869 7.08e-12 0.0
-3.3769 3.44e-12 0.0
-3.3669 1.66e-12 0.0
-3.3569 7.88e-13 0.0
-3.3469 0.0 0.0
-3.3369 0.0 0.0
-3.3269 0.0 0.0
-3.3169 0.0 0.0
-3.3069 0.0 0.0
-3.2969 0.0 0.0
-3.2869 0.0 0.0
-3.2769 0.0 0.0
-3.2669 0.0 0.0
-3.2569 0.0 0.0
-3.2469 0.0 0.0
-3.2369 0.0 0.0
-3.2269 0.0 0.0
-3.2169 0.0 0.0
-3.2069 0.0 0.0
-3.1969 0.0 0.0
-3.1869 0.0 0.0
-3.1769 0.0 0.0
-3.1669 0.0 0.0
-3.1569 0.0 0.0
-3.1469 0.0 0.0
-3.1369 0.0 0.0
-3.1269 0.0 0.0
-3.1169 0.0 0.0
-3.1069 0.0 0.0
-3.0969 0.0 0.0
-3.0869 0.0 0.0
-3.0769 0.0 0.0
-3.0669 0.0 0.0
-3.0569 0.0 0.0
-3.0469 0.0 0.0
-3.0369 0.0 0.0
-3.0269 0.0 0.0
-3.0169 0.0 0.0
-3.0069 0.0 0.0
-2.9969 0.0 0.0
-2.9869 0.0 0.0
-2.9769 0.0 0.0
-2.9669 0.0 0.0
-2.9569 0.0 0.0
-2.9469 0.0 0.0
-2.9369 0.0 0.0
-2.9269 0.0 0.0
-2.9169 0.0 0.0
-2.9069 0.0 0.0
-2.8969 0.0 0.0
-2.8869 0.0 0.0
-2.8769 0.0 0.0
-2.8669 0.0 0.0
-2.8569 0.0 0.0
-2.8469 0.0 0.0
-2.8369 0.0 0.0
-2.8269 0.0 0.0
-2.8169 0.0 0.0
-2.8069 0.0 0.0
-2.7969 0.0 0.0
-2.7869 0.0 0.0
-2.7769 0.0 0.0
-2.7669 0.0 0.0
-2.7569 0.0 0.0
-2.7469 0.0 0.0
-2.7369 0.0 0.0
-2.7269 0.0 0.0
-2.7169 0.0 0.0
-2.7069 0.0 0.0
-2.6969 0.0 0.0
-2.6869 0.0 0.0
-2.6769 0.0 0.0
-2.6669 0.0 0.0
-2.6569 0.0 0.0
-2.6469 0.0 0.0
-2.6369 0.0 0.0
-2.6269 0.0 0.0
-2.6169 0.0 0.0
-2.6069 0.0 0.0
-2.5969 0.0 0.0
-2.5869 0.0 0.0
-2.5769 0.0 0.0
-2.5669 0.0 0.0
-2.5569 0.0 0.0
-2.5469 0.0 0.0
-2.5369 0.0 0.0
-2.5269 0.0 0.0
-2.5169 0.0 0.0
-2.5069 0.0 0.0
-2.4969 0.0 0.0
-2.4869 0.0 0.0
-2.4769 0.0 0.0
-2.4669 0.0 0.0
-2.4569 0.0 0.0
-2.4469 0.0 0.0
-2.4369 0.0 0.0
-2.4269 0.0 0.0
-2.4169 0.0 0.0
-2.4069 0.0 0.0
-2.3969 0.0 0.0
-2.3869 0.0 0.0
-2.3769 0.0 0.0
-2.3669 0.0 0.0
-2.3569 0.0 0.0
-2.3469 0.0 0.0
-2.3369 0.0 0.0
-2.3269 0.0 0.0
-2.3169 0.0 0.0
-2.3069 0.0 0.0
-2.2969 0.0 0.0
-2.2869 0.0 0.0
-2.2769 0.0 0.0
-2.2669 0.0 0.0
-2.2569 0.0 0.0
-2.2469 0.0 0.0
-2.2369 0.0 0.0
-2.2269 0.0 0.0
-2.2169 0.0 0.0
-2.2069 0.0 0.0
-2.1969 0.0 0.0
-2.1869 0.0 0.0
-2.1769 0.0 0.0
-2.1669 0.0 0.0
-2.1569 0.0 0.0
-2.1469 0.0 0.0
-2.1369 0.0 0.0
-2.1269 0.0 0.0
-2.1169 0.0 0.0
-2.1069 0.0 0.0
-2.0969 0.0 0.0
-2.0869 0.0 0.0
-2.0769 0.0 0.0
-2.0669 0.0 0.0
-2.0569 0.0 0.0
-2.0469 0.0 0.0
-2.0369 0.0 0.0
-2.0269 0.0 0.0
-2.0169 0.0 0.0
-2.0069 0.0 0.0
-1.9969 0.0 0.0
-1.9869 0.0 0.0
-1.9769 0.0 0.0
-1.9669 0.0 0.0
-1.9569 0.0 0.0
-1.9469 0.0 0.0
-1.9369 0.0 0.0
-1.9269 0.0 0.0
-1.9169 0.0 0.0
-1.9069 0.0 0.0
-1.8969 0.0 0.0
-1.8869 0.0 0.0
-1.8769 0.0 0.0
-1.8669 0.0 0.0
-1.8569 0.0 0.0
-1.8469 0.0 0.0
-1.8369 0.0 0.0
-1.8269 0.0 0.0
-1.8169 0.0 0.0
-1.8069 0.0 0.0
-1.7969 0.0 0.0
-1.7869 0.0 0.0
-1.7769 0.0 0.0
-1.7669 0.0 0.0
-1.7569 0.0 0.0
-1.7469 0.0 0.0
-1.7369 0.0 0.0
-1.7269 0.0 0.0
-1.7169 0.0 0.0
-1.7069 0.0 0.0
-1.6969 0.0 0.0
-1.6869 0.0 0.0
-1.6769 0.0 0.0
-1.6669 0.0 0.0
-1.6569 0.0 0.0
-1.6469 0.0 0.0
-1.6369 0.0 0.0
-1.6269 0.0 0.0
-1.6169 0.0 0.0
-1.6069 0.0 0.0
-1.5969 0.0 0.0
-1.5869 0.0 0.0
-1.5769 0.0 0.0
-1.5669 0.0 0.0
-1.5569 0.0 0.0
-1.5469 0.0 0.0
-1.5369 0.0 0.0
-1.5269 0.0 0.0
-1.5169 0.0 0.0
-1.5069 0.0 0.0
-1.4969 0.0 0.0
-1.4869 0.0 0.0
-1.4769 0.0 0.0
-1.4669 0.0 0.0
-1.4569 0.0 0.0
-1.4469 0.0 0.0
-1.4369 0.0 0.0
-1.4269 0.0 8.4749e-26
-1.4169 0.0 1.78103e-25
-1.4069 0.0 3.69213e-25
-1.3969 0.0 7.57438e-25
-1.3869 0.0 1.540889e-24
-1.3769 0.0 3.09179e-24
-1.3669 0.0 6.14355e-24
-1.3569 0.0 1.210698e-23
-1.3469 0.0 2.35136e-23
-1.3369 0.0 4.51261e-23
-1.3269 0.0 8.59497e-23
-1.3169 0.0 1.620936e-22
-1.3069 0.0 3.01174e-22
-1.2969 0.0 5.55321e-22
-1.2869 0.0 1.010585e-21
-1.2769 0.0 1.82106e-21
-1.2669 0.0 3.25188e-21
-1.2569 0.0 5.74332e-21
-1.2469 0.0 1.00058e-20
-1.2369 0.0 1.731e-20
-1.2269 0.0 2.96171e-20
-1.2169 0.0 5.00289e-20
-1.2069 0.0 8.36483e-20
-1.1969 0.0 1.3808e-19
-1.1869 0.0 2.26131e-19
-1.1769 0.0 3.66212e-19
-1.1669 0.0 5.86339e-19
-1.1569 0.0 9.28537e-19
-1.1469 0.0 1.450841e-18
-1.1369 0.0 2.2513e-18
-1.1269 0.0 3.462e-18
-1.1169 0.0 5.24303e-18
-1.1069 0.0 7.87455e-18
-1.0969 6.38198e-25 1.170676e-17
-1.0869 1.340417e-24 1.720992e-17
-1.0769 2.790868e-24 2.49144e-17
-1.0669 5.74179e-24 3.58207e-17
-1.0569 1.170364e-23 5.09295e-17
-1.0469 2.360733e-23 7.16414e-17
-1.0369 4.70146e-23 9.96576e-17
-1.0269 9.26288e-23 1.370793e-16
-1.0169 1.810562e-22 1.87108e-16
-1.0069 3.48108e-22 2.52146e-16
-0.9969 6.65207e-22 3.35194e-16
-0.9869 1.250391e-21 4.42256e-16
-0.9769 2.340729e-21 5.76333e-16
-0.9669 4.33135e-21 7.4343e-16
-0.9569 7.92246e-21 9.48549e-16
-0.9469 1.430445e-20 1.200693e-15
-0.9369 2.560797e-20 1.500865e-15
-0.9269 4.53141e-20 1.85107e-15
-0.9169 7.93247e-20 2.26131e-15
-0.9069 1.370427e-19 2.73158e-15
-0.8969 2.350732e-19 3.26189e-15
-0.8869 3.99124e-19 3.86223e-15
-0.8769 6.68208e-19 4.52262e-15
-0.8669 1.110345e-18 5.23303e-15
-0.8569 1.820566e-18 6.00347e-15
-0.8469 2.950919e-18 6.79393e-15
-0.8369 4.74147e-18 7.62441e-15
-0.8269 7.53234e-18 8.44489e-15
-0.8169 1.180368e-17 9.26536e-15
-0.8069 1.840572e-17 1.010582e-14
-0.7969 2.83088e-17 1.080624e-14
-0.7869 4.30134e-17 1.150663e-14
-0.7769 6.47201e-17 1.200697e-14
-0.7669 9.633e-17 1.250724e-14
-0.7569 1.420441e-16 1.290744e-14
-0.7469 2.070643e-16 1.310757e-14
-0.7369 2.980927e-16 1.320762e-14
-0.7269 4.24132e-16 1.310758e-14
-0.7169 5.99186e-16 1.290747e-14
-0.7069 8.3526e-16 1.260727e-14
-0.6969 1.150359e-15 1.210701e-14
-0.6869 1.57049e-15 1.150668e-14
-0.6769 2.130662e-15 1.09063e-14
-0.6669 2.840884e-15 1.020588e-14
-0.6569 3.75117e-15 9.37542e-15
-0.6469 4.91153e-15 8.56495e-15
-0.6369 6.35198e-15 7.73447e-15
-0.6269 8.13253e-15 6.90399e-15
-0.6169 1.03032e-14 6.10353e-15
-0.6069 1.290401e-14 5.33309e-15
-0.5969 1.600497e-14 4.61267e-15
-0.5869 1.960609e-14 3.95228e-15
-0.5769 2.370738e-14 3.34193e-15
-0.5669 2.840885e-14 2.80162e-15
-0.5569 3.37105e-14 2.32134e-15
-0.5469 3.96123e-14 1.9011e-15
-0.5369 4.60143e-14 1.540891e-15
-0.5269 5.28164e-14 1.230714e-15
-0.5169 6.00187e-14 9.79567e-16
-0.5069 6.7421e-14 7.69445e-16
-0.4969 7.50233e-14 5.97345e-16
-0.4869 8.25257e-14 4.58265e-16
-0.4769 8.98279e-14 3.48201e-16
-0.4669 9.66301e-14 2.62151e-16
-0.4569 1.03032e-13 1.95113e-16
-0.4469 1.080337e-13 1.430828e-16
-0.4369 1.130352e-13 1.040602e-16
-0.4269 1.160363e-13 7.49434e-17
-0.4169 1.19037e-13 5.34309e-17
-0.4069 1.200373e-13 3.76217e-17
-0.3969 1.200372e-13 2.62152e-17
-0.3869 1.180368e-13 1.81104e-17
-0.3769 1.150359e-13 1.230712e-17
-0.3669 1.110347e-13 8.31481e-18
-0.3569 1.070332e-13 5.54321e-18
-0.3469 1.010314e-13 3.66212e-18
-0.3369 9.43293e-14 2.39138e-18
-0.3269 8.72271e-14 1.540893e-18
-0.3169 7.99249e-14 9.87571e-19
-0.3069 7.23225e-14 6.24361e-19
-0.2969 6.48202e-14 3.90226e-19
-0.2869 5.74179e-14 2.4214e-19
-0.2769 5.03157e-14 1.480855e-19
-0.2669 4.37136e-14 8.95518e-20
-0.2569 3.75117e-14 5.3631e-20
-0.2469 3.18099e-14 3.18184e-20
-0.2369 2.670831e-14 1.86108e-20
-0.2269 2.22069e-14 1.080625e-20
-0.2169 1.820567e-14 6.20359e-21
-0.2069 1.480461e-14 3.52203e-21
-0.1969 1.190371e-14 1.97114e-21
-0.1869 9.47295e-15 1.100634e-21
-0.1769 7.46232e-15 6.03349e-22
-0.1669 5.80181e-15 3.27189e-22
-0.1569 4.47139e-15 1.76102e-22
-0.1469 3.41106e-15 9.37542e-23
-0.1369 2.570799e-15 4.93285e-23
-0.1269 1.910595e-15 2.57148e-23
-0.1169 1.410439e-15 1.320764e-23
-0.1069 1.03032e-15 6.73389e-24
-0.0969 7.43231e-16 3.39196e-24
-0.0869 5.31165e-16 1.690978e-24
-0.0769 3.75117e-16 8.34482e-25
-0.0669 2.620815e-16 4.07235e-25
-0.0569 1.810563e-16 1.96114e-25
-0.0469 1.240385e-16 9.37542e-26
-0.0369 8.37261e-17 0.0
-0.0269 5.60174e-17 0.0
-0.0169 3.71115e-17 0.0
-0.0069 2.430756e-17 0.0
0.0031 1.57049e-17 0.0
0.0131 1.010314e-17 0.0
0.0231 6.40199e-18 0.0
0.0331 4.01125e-18 0.0
0.0431 2.490775e-18 0.0
0.0531 1.530476e-18 0.0
0.0631 9.28289e-19 0.0
0.0731 5.57173e-19 0.0
0.0831 3.31103e-19 0.0
0.0931 1.950606e-19 0.0
0.1031 1.130352e-19 0.0
0.1131 6.51203e-20 0.0
0.1231 3.71115e-20 0.0
0.1331 2.090649e-20 0.0
0.1431 1.160362e-20 0.0
0.1531 6.40199e-21 0.0
0.1631 3.49109e-21 0.0
0.1731 1.880585e-21 0.0
0.1831 1.000312e-21 0.0
0.1931 5.29165e-22 0.0
0.2031 2.76086e-22 0.0
0.2131 1.430444e-22 0.0
0.2231 7.29227e-23 0.0
0.2331 3.68115e-23 0.0
0.2431 1.840573e-23 0.0
0.2531 9.10283e-24 0.0
0.2631 4.45139e-24 0.0
0.2731 2.160671e-24 0.0
0.2831 1.030321e-24 0.0
0.2931 0.0 0.0
0.3031 0.0 0.0
0.3131 0.0 0.0
0.3231 0.0 0.0
0.3331 0.0 0.0
0.3431 0.0 0.0
0.3531 0.0 0.0
0.3631 0.0 0.0
0.3731 0.0 0.0
0.3831 0.0 0.0
0.3931 0.0 0.0
0.4031 0.0 0.0
0.4131 0.0 0.0
0.4231 0.0 0.0
0.4331 0.0 0.0
0.4431 0.0 0.0
0.4531 0.0 0.0
0.4631 0.0 0.0
0.4731 0.0 0.0
0.4831 0.0 0.0
0.4931 0.0 0.0
0.5031 0.0 0.0
0.5131 0.0 0.0
0.5231 0.0 0.0
0.5331 0.0 0.0
0.5431 0.0 0.0
0.5531 0.0 0.0
0.5631 0.0 0.0
0.5731 0.0 0.0
0.5831 0.0 0.0
0.5931 0.0 0.0
0.6031 0.0 0.0
0.6131 0.0 0.0
0.6231 0.0 0.0
0.6331 0.0 0.0
0.6431 0.0 0.0
0.6531 0.0 0.0
0.6631 0.0 0.0
0.6731 0.0 0.0
0.6831 0.0 0.0
0.6931 0.0 0.0
0.7031 0.0 0.0
0.7131 0.0 0.0
0.7231 0.0 0.0
0.7331 0.0 0.0
0.7431 0.0 0.0
0.7531 0.0 0.0
0.7631 0.0 0.0
0.7731 0.0 0.0
0.7831 0.0 0.0
0.7931 0.0 0.0
0.8031 0.0 0.0
0.8131 0.0 0.0
0.8231 0.0 0.0
0.8331 0.0 0.0
0.8431 0.0 0.0
0.8531 0.0 0.0
0.8631 0.0 0.0
0.8731 0.0 0.0
0.8831 0.0 0.0
0.8931 0.0 0.0
0.9031 0.0 0.0
0.9131 0.0 0.0
0.9231 0.0 0.0
0.9331 0.0 0.0
0.9431 0.0 0.0
0.9531 0.0 0.0
0.9631 0.0 0.0
0.9731 0.0 0.0
0.9831 0.0 0.0
0.9931 0.0 0.0
1.0031 0.0 0.0
1.0131 0.0 0.0
1.0231 0.0 0.0
1.0331 0.0 0.0
1.0431 0.0 0.0
1.0531 0.0 0.0
1.0631 0.0 0.0
1.0731 0.0 0.0
1.0831 0.0 0.0
1.0931 0.0 0.0
1.1031 0.0 0.0
1.1131 0.0 0.0
1.1231 0.0 0.0
1.1331 0.0 0.0
1.1431 0.0 0.0
1.1531 0.0 0.0
1.1631 0.0 0.0
1.1731 0.0 0.0
1.1831 0.0 0.0
1.1931 0.0 0.0
1.2031 0.0 0.0
1.2131 0.0 0.0
1.2231 0.0 0.0
1.2331 0.0 0.0
1.2431 0.0 0.0
1.2531 0.0 0.0
1.2631 0.0 0.0
1.2731 0.0 0.0
1.2831 0.0 0.0
1.2931 0.0 0.0
1.3031 0.0 0.0
1.3131 0.0 0.0
1.3231 0.0 0.0
1.3331 0.0 0.0
1.3431 0.0 0.0
1.3531 0.0 0.0
1.3631 0.0 0.0
1.3731 0.0 0.0
1.3831 0.0 0.0
1.3931 0.0 0.0
1.4031 0.0 0.0
1.4131 0.0 0.0
1.4231 0.0 0.0
1.4331 0.0 0.0
1.4431 0.0 0.0
1.4531 0.0 0.0
1.4631 0.0 0.0
1.4731 0.0 0.0
1.4831 0.0 0.0
1.4931 0.0 0.0
1.5031 0.0 0.0
1.5131 0.0 0.0
1.5231 0.0 0.0
1.5331 0.0 0.0
1.5431 0.0 0.0
1.5531 0.0 0.0
1.5631 0.0 0.0
1.5731 0.0 0.0
1.5831 0.0 0.0
1.5931 0.0 0.0
1.6031 0.0 0.0
1.6131 0.0 0.0
1.6231 0.0 0.0
1.6331 0.0 0.0
1.6431 0.0 0.0
1.6531 0.0 0.0
1.6631 0.0 0.0
1.6731 0.0 0.0
1.6831 0.0 0.0
1.6931 0.0 0.0
1.7031 0.0 0.0
1.7131 0.0 0.0
1.7231 0.0 0.0
1.7331 0.0 0.0
1.7431 0.0 0.0
1.7531 0.0 0.0
1.7631 0.0 0.0
1.7731 0.0 0.0
1.7831 0.0 0.0
1.7931 0.0 0.0
1.8031 0.0 0.0
1.8131 0.0 0.0
1.8231 0.0 0.0
1.8331 0.0 0.0
1.8431 0.0 0.0
1.8531 0.0 0.0
1.8631 0.0 0.0
1.8731 0.0 0.0
1.8831 0.0 0.0
1.8931 0.0 0.0
1.9031 0.0 0.0
1.9131 0.0 0.0
1.9231 0.0 0.0
1.9331 0.0 0.0
1.9431 0.0 0.0
1.9531 0.0 0.0
1.9631 0.0 0.0
1.9731 0.0 0.0
1.9831 0.0 0.0
1.9931 0.0 0.0
2.0031 0.0 0.0
2.0131 0.0 0.0
2.0231 0.0 0.0
2.0331 0.0 0.0
2.0431 0.0 0.0
2.0531 0.0 0.0
2.0631 0.0 0.0
2.0731 0.0 0.0
2.0831 0.0 0.0
2.0931 0.0 0.0
2.1031 0.0 0.0
2.1131 0.0 0.0
2.1231 0.0 0.0
2.1331 0.0 0.0
2.1431 0.0 0.0
2.1531 0.0 0.0
2.1631 0.0 0.0
2.1731 0.0 0.0
2.1831 0.0 0.0
2.1931 0.0 0.0
2.2031 0.0 0.0
2.2131 0.0 0.0
2.2231 0.0 0.0
2.2331 0.0 0.0
2.2431 0.0 0.0
2.2531 0.0 0.0
2.2631 0.0 0.0
2.2731 0.0 0.0
2.2831 0.0 0.0
2.2931 0.0 0.0
2.3031 0.0 0.0
2.3131 0.0 0.0
2.3231 0.0 0.0
2.3331 0.0 0.0
2.3431 0.0 0.0
2.3531 0.0 0.0
2.3631 0.0 0.0
2.3731 0.0 0.0
2.3831 0.0 0.0
2.3931 0.0 0.0
2.4031 0.0 0.0
2.4131 0.0 0.0
2.4231 0.0 0.0
2.4331 0.0 0.0
2.4431 0.0 0.0
2.4531 0.0 0.0
2.4631 0.0 0.0
2.4731 0.0 0.0
2.4831 0.0 0.0
2.4931 0.0 0.0
2.5031 0.0 0.0
2.5131 0.0 0.0
2.5231 0.0 0.0
2.5331 0.0 0.0
2.5431 0.0 0.0
2.5531 0.0 0.0
2.5631 0.0 0.0
2.5731 0.0 0.0
2.5831 0.0 0.0
2.5931 0.0 0.0
2.6031 0.0 0.0
2.6131 0.0 0.0
2.6231 0.0 0.0
2.6331 0.0 0.0
2.6431 0.0 0.0
2.6531 0.0 0.0
2.6631 0.0 0.0
2.6731 0.0 0.0
2.6831 0.0 0.0
2.6931 0.0 0.0
2.7031 0.0 0.0
2.7131 0.0 0.0
2.7231 0.0 0.0
2.7331 0.0 0.0
2.7431 0.0 0.0
2.7531 0.0 0.0
2.7631 0.0 0.0
2.7731 0.0 0.0
2.7831 0.0 0.0
2.7931 0.0 0.0
2.8031 0.0 0.0
2.8131 0.0 0.0
2.8231 0.0 0.0
2.8331 0.0 0.0
2.8431 0.0 0.0
2.8531 0.0 0.0
2.8631 0.0 0.0
2.8731 0.0 0.0
2.8831 0.0 0.0
2.8931 0.0 0.0
2.9031 0.0 0.0
2.9131 0.0 0.0
2.9231 0.0 0.0
2.9331 0.0 0.0
2.9431 0.0 0.0
2.9531 0.0 0.0
2.9631 0.0 0.0
2.9731 0.0 0.0
2.9831 0.0 0.0
2.9931 0.0 0.0
3.0031 0.0 0.0
3.0131 0.0 0.0
3.0231 0.0 0.0
3.0331 0.0 0.0
3.0431 0.0 0.0
3.0531 0.0 0.0
3.0631 0.0 0.0
3.0731 0.0 0.0
3.0831 0.0 0.0
3.0931 0.0 0.0
3.1031 0.0 0.0
3.1131 0.0 0.0
3.1231 0.0 0.0
3.1331 0.0 0.0
3.1431 0.0 0.0
3.1531 0.0 0.0
3.1631 0.0 0.0
3.1731 0.0 0.0
3.1831 0.0 0.0
3.1931 0.0 0.0
3.2031 0.0 0.0
3.2131 0.0 0.0
3.2231 0.0 0.0
3.2331 0.0 0.0
3.2431 0.0 0.0
3.2531 0.0 0.0
3.2631 0.0 0.0
3.2731 0.0 0.0
3.2831 0.0 0.0
3.2931 0.0 0.0
3.3031 0.0 0.0
3.3131 0.0 0.0
3.3231 0.0 0.0
3.3331 0.0 0.0
3.3431 0.0 0.0
3.3531 0.0 0.0
3.3631 0.0 0.0
3.3731 0.0 0.0
3.3831 0.0 0.0
3.3931 0.0 0.0
3.4031 0.0 0.0
3.4131 0.0 0.0
3.4231 0.0 0.0
3.4331 0.0 0.0
3.4431 0.0 0.0
3.4531 0.0 0.0
3.4631 0.0 0.0
3.4731 0.0 0.0
3.4831 0.0 0.0
3.4931 0.0 0.0
3.5031 0.0 0.0
3.5131 0.0 0.0
3.5231 0.0 0.0
3.5331 0.0 0.0
3.5431 0.0 0.0
3.5531 0.0 0.0
3.5631 0.0 0.0
3.5731 0.0 0.0
3.5831 0.0 0.0
3.5931 0.0 0.0
3.6031 0.0 0.0
3.6131 0.0 0.0
3.6231 0.0 0.0
3.6331 0.0 0.0
3.6431 0.0 0.0
3.6531 0.0 0.0
3.6631 0.0 0.0
3.6731 0.0 0.0
3.6831 0.0 0.0
3.6931 0.0 0.0
3.7031 0.0 0.0
3.7131 0.0 0.0
3.7231 0.0 0.0
3.7331 0.0 0.0
3.7431 0.0 0.0
3.7531 0.0 0.0
3.7631 0.0 0.0
3.7731 0.0 0.0
3.7831 0.0 0.0
3.7931 0.0 0.0
3.8031 0.0 0.0
3.8131 0.0 0.0
3.8231 0.0 0.0
3.8331 0.0 0.0
3.8431 0.0 0.0
3.8531 0.0 0.0
3.8631 0.0 0.0
3.8731 0.0 0.0
3.8831 0.0 0.0
3.8931 0.0 0.0
3.9031 0.0 0.0
3.9131 0.0 0.0
3.9231 0.0 0.0
3.9331 0.0 0.0
3.9431 0.0 0.0
3.9531 0.0 0.0
3.9631 0.0 0.0
3.9731 0.0 0.0
3.9831 0.0 0.0
3.9931 0.0 0.0
4.0031 0.0 0.0
4.0131 0.0 0.0
4.0231 0.0 0.0
4.0331 0.0 0.0
4.0431 0.0 0.0
4.0531 0.0 0.0
4.0631 0.0 0.0
4.0731 0.0 0.0
4.0831 0.0 0.0
4.0931 0.0 0.0
4.1031 0.0 0.0
4.1131 0.0 0.0
4.1231 0.0 0.0
4.1331 0.0 0.0
4.1431 0.0 0.0
4.1531 0.0 0.0
4.1631 0.0 0.0
4.1731 0.0 0.0
4.1831 0.0 0.0
4.1931 0.0 0.0
4.2031 0.0 0.0
4.2131 0.0 0.0
4.2231 0.0 0.0
4.2331 0.0 0.0
4.2431 0.0 0.0
4.2531 0.0 0.0
4.2631 0.0 0.0
4.2731 0.0 0.0
4.2831 0.0 0.0
4.2931 0.0 0.0
4.3031 0.0 0.0
4.3131 0.0 0.0
4.3231 0.0 0.0
4.3331 0.0 0.0
4.3431 0.0 0.0
4.3531 0.0 0.0
4.3631 0.0 0.0
4.3731 0.0 0.0
4.3831 0.0 0.0
4.3931 0.0 0.0
4.4031 0.0 0.0
4.4131 0.0 0.0
4.4231 0.0 0.0
4.4331 0.0 0.0
4.4431 0.0 0.0
4.4531 0.0 0.0
4.4631 0.0 0.0
4.4731 0.0 0.0
4.4831 0.0 0.0
4.4931 0.0 0.0
4.5031 0.0 0.0
4.5131 0.0 0.0
4.5231 0.0 0.0
4.5331 0.0 0.0
4.5431 0.0 0.0
4.5531 0.0 0.0
4.5631 0.0 0.0
4.5731 0.0 0.0
4.5831 0.0 0.0
4.5931 0.0 0.0
4.6031 0.0 0.0
4.6131 0.0 0.0
4.6231 0.0 0.0
4.6331 0.0 0.0
4.6431 0.0 0.0
4.6531 0.0 0.0
4.6631 0.0 0.0
4.6731 0.0 0.0
4.6831 0.0 0.0
4.6931 0.0 0.0
4.7031 0.0 0.0
4.7131 0.0 0.0
4.7231 0.0 0.0
4.7331 0.0 0.0
4.7431 0.0 0.0
4.7531 0.0 0.0
4.7631 0.0 0.0
4.7731 0.0 0.0
4.7831 0.0 0.0
4.7931 0.0 0.0
4.8031 0.0 0.0
4.8131 0.0 0.0
4.8231 0.0 0.0
4.8331 0.0 0.0
4.8431 0.0 0.0
4.8531 0.0 0.0
4.8631 0.0 0.0
4.8731 0.0 0.0
4.8831 0.0 0.0
4.8931 0.0 0.0
4.9031 0.0 0.0
4.9131 0.0 0.0
4.9231 0.0 0.0
4.9331 0.0 0.0
4.9431 0.0 0.0
4.9531 0.0 0.0
4.9631 0.0 0.0
4.9731 0.0 0.0
4.9831 0.0 0.0
4.9931 0.0 0.0
5.0031 0.0 0.0
5.0131 0.0 0.0
5.0231 0.0 0.0
5.0331 0.0 0.0
5.0431 0.0 0.0
5.0531 0.0 0.0
5.0631 0.0 0.0
5.0731 0.0 0.0
5.0831 0.0 0.0
5.0931 0.0 0.0
5.1031 0.0 0.0
5.1131 0.0 0.0
5.1231 0.0 0.0
5.1331 0.0 0.0
5.1431 0.0 0.0
5.1531 0.0 0.0
5.1631 0.0 0.0
5.1731 0.0 0.0
5.1831 0.0 0.0
5.1931 0.0 0.0
5.2031 0.0 0.0
5.2131 0.0 0.0
5.2231 0.0 0.0
5.2331 0.0 0.0
5.2431 0.0 0.0
5.2531 0.0 0.0
5.2631 0.0 0.0
5.2731 0.0 0.0
5.2831 0.0 0.0
5.2931 0.0 0.0
5.3031 0.0 0.0
5.3131 0.0 0.0
5.3231 0.0 0.0
5.3331 0.0 0.0
5.3431 0.0 0.0
5.3531 0.0 0.0
5.3631 0.0 0.0
5.3731 0.0 0.0
5.3831 0.0 0.0
5.3931 0.0 0.0
5.4031 0.0 0.0
5.4131 0.0 0.0
5.4231 0.0 0.0
5.4331 0.0 0.0
5.4431 0.0 0.0
5.4531 0.0 0.0
5.4631 0.0 0.0
5.4731 0.0 0.0
5.4831 0.0 0.0
5.4931 0.0 0.0
5.5031 0.0 0.0
5.5131 0.0 0.0
5.5231 0.0 0.0
5.5331 0.0 0.0
5.5431 0.0 0.0
5.5531 0.0 0.0
5.5631 0.0 0.0
5.5731 0.0 0.0
5.5831 0.0 0.0
5.5931 0.0 0.0
5.6031 0.0 0.0
5.6131 0.0 0.0
5.6231 0.0 0.0
5.6331 0.0 0.0
5.6431 0.0 0.0
5.6531 0.0 0.0
5.6631 0.0 0.0
5.6731 0.0 0.0
5.6831 0.0 0.0
5.6931 0.0 0.0
5.7031 0.0 0.0
5.7131 0.0 0.0
5.7231 0.0 0.0
5.7331 0.0 0.0
5.7431 0.0 0.0
5.7531 0.0 0.0
5.7631 0.0 0.0
5.7731 0.0 0.0
5.7831 0.0 0.0
5.7931 0.0 0.0
5.8031 0.0 0.0
5.8131 0.0 0.0
5.8231 0.0 0.0
5.8331 0.0 0.0
5.8431 0.0 0.0
5.8531 0.0 0.0
5.8631 0.0 0.0
5.8731 0.0 0.0
5.8831 0.0 0.0
5.8931 0.0 0.0
5.9031 0.0 0.0
5.9131 0.0 0.0
5.9231 0.0 0.0
5.9331 0.0 0.0
5.9431 0.0 0.0
5.9531 0.0 0.0
5.9631 0.0 0.0
5.9731 0.0 0.0
5.9831 0.0 0.0
5.9931 0.0 0.0
6.0031 0.0 0.0
6.0131 0.0 0.0
6.0231 0.0 3.430000033e-12
6.0331 0.0 7.2200000696e-12
6.0431 3.59000000091e-12 1.5100000145e-11
6.0531 7.55000000192e-12 3.1000000299e-11
6.0631 1.5700000004e-11 6.330000061e-11
6.0731 3.24000000083e-11 1.2800000123e-10
6.0831 6.61000000168e-11 2.5500000246e-10
6.0931 1.33000000034e-10 5.0400000486e-10
6.1031 2.66000000068e-10 9.8500000949e-10
6.1131 5.24000000133e-10 1.9000000183e-09
6.1231 1.02000000026e-09 3.6400000351e-09
6.1331 1.9800000005e-09 6.8800000663e-09
6.1431 3.78000000096e-09 1.2900000124e-08
6.1531 7.14000000182e-09 2.380000023e-08
6.1631 1.33000000034e-08 4.3700000421e-08
6.1731 2.47000000063e-08 7.9100000762e-08
6.1831 4.51000000115e-08 1.4200000137e-07
6.1931 8.17000000208e-08 2.5100000242e-07
6.2031 1.46000000037e-07 4.4100000425e-07
6.2131 2.59000000066e-07 7.6400000737e-07
6.2231 4.54000000115e-07 1.3100000126e-06
6.2331 7.870000002e-07 2.2300000215e-06
6.2431 1.35000000034e-06 3.7400000361e-06
6.2531 2.29000000058e-06 6.2200000599e-06
6.2631 3.84000000098e-06 1.02000000985e-05
6.2731 6.37000000162e-06 1.660000016e-05
6.2831 1.05000000027e-05 2.6700000258e-05
6.2931 1.70000000043e-05 4.250000041e-05
6.3031 2.73000000069e-05 6.6900000645e-05
6.3131 4.3400000011e-05 0.000104000001
6.3231 6.83000000174e-05 0.00016100000155
6.3331 0.000106000000027 0.00024500000236
6.3431 0.000164000000042 0.00036900000356
6.3531 0.000249000000063 0.0005500000053
6.3631 0.000375000000095 0.00081200000782
6.3731 0.000559000000142 0.0011800000114
6.3831 0.00082400000021 0.0017100000165
6.3931 0.00120000000031 0.0024400000235
6.4031 0.00173000000044 0.0034500000333
6.4131 0.00247000000063 0.0048200000465
6.4231 0.00349000000089 0.0066700000643
6.4331 0.00487000000124 0.0091300000879
6.4431 0.00673000000171 0.012300000119
6.4531 0.00920000000234 0.016500000159
6.4631 0.0124000000032 0.021900000211
6.4731 0.0166000000042 0.028700000276
6.4831 0.0220000000056 0.037200000358
6.4931 0.0288000000073 0.047600000459
6.5031 0.0373000000095 0.060400000582
6.5131 0.0478000000122 0.075800000731
6.5231 0.0605000000154 0.094100000907
6.5331 0.0759000000193 0.11600000111
6.5431 0.0941000000239 0.14000000135
6.5531 0.115000000029 0.16900000162
6.5631 0.140000000036 0.20000000193
6.5731 0.168000000043 0.23600000227
6.5831 0.200000000051 0.27400000264
6.5931 0.23500000006 0.31500000304
6.6031 0.273000000069 0.35900000346
6.6131 0.31300000008 0.4040000039
6.6231 0.356000000091 0.45000000434
6.6331 0.401000000102 0.49600000478
6.6431 0.446000000114 0.54100000522
6.6531 0.491000000125 0.58400000562
6.6631 0.535000000136 0.623000006
6.6731 0.577000000147 0.65700000633
6.6831 0.615000000156 0.68600000661
6.6931 0.648000000165 0.70900000683
6.7031 0.676000000172 0.72400000698
6.7131 0.698000000178 0.73200000705
6.7231 0.712000000181 0.73200000705
6.7331 0.719000000183 0.72400000698
6.7431 0.719000000183 0.70800000683
6.7531 0.710000000181 0.68600000661
6.7631 0.694000000177 0.65700000633
6.7731 0.672000000171 0.622000006
6.7831 0.643000000163 0.58300000562
6.7931 0.608000000155 0.54100000521
6.8031 0.569000000145 0.49600000478
6.8131 0.527000000134 0.45000000434
6.8231 0.483000000123 0.40400000389
6.8331 0.438000000111 0.35800000345
6.8431 0.3930000001 0.31500000303
6.8531 0.348000000089 0.27400000264
6.8631 0.306000000078 0.23500000227
6.8731 0.265000000068 0.20000000193
6.8831 0.228000000058 0.16800000162
6.8931 0.194000000049 0.14000000135
6.9031 0.163000000041 0.11500000111
6.9131 0.135000000034 0.093800000904
6.9231 0.111000000028 0.075600000729
6.9331 0.090600000023 0.060300000581
6.9431 0.0729000000185 0.047500000458
6.9531 0.0580000000148 0.037000000357
6.9631 0.0457000000116 0.028600000275
6.9731 0.0356000000091 0.02180000021
6.9831 0.027500000007 0.016500000159
6.9931 0.0209000000053 0.012300000119
7.0031 0.015800000004 0.0090900000876
7.0131 0.011800000003 0.006650000064
7.0231 0.00870000000221 0.0048100000463
7.0331 0.00635000000162 0.0034400000331
7.0431 0.00459000000117 0.0024300000234
7.0531 0.00328000000083 0.0017000000164
7.0631 0.00232000000059 0.0011800000114
7.0731 0.00162000000041 0.00080800000779
7.0831 0.00112000000029 0.00054800000528
7.0931 0.000768000000195 0.00036700000354
7.1031 0.000520000000132 0.00024300000235
7.1131 0.000348000000089 0.00016000000154
7.1231 0.000231000000059 0.000104000000999
7.1331 0.000151000000039 6.6600000642e-05
7.1431 9.8100000025e-05 4.2300000408e-05
7.1531 6.3000000016e-05 2.6600000256e-05
7.1631 4.00000000102e-05 1.6500000159e-05
7.1731 2.51000000064e-05 1.02000000979e-05
7.1831 1.5600000004e-05 6.1800000596e-06
7.1931 9.57000000243e-06 3.7200000358e-06
7.2031 5.82000000148e-06 2.2100000213e-06
7.2131 3.50000000089e-06 1.3000000126e-06
7.2231 2.08000000053e-06 7.5900000732e-07
7.2331 1.22000000031e-06 4.3800000422e-07
7.2431 7.12000000181e-07 2.500213e-07
7.2531 4.10000000104e-07 1.410445e-07
7.2631 2.34000000059e-07 7.85918e-08
7.2731 1.32000000033e-07 4.3487e-08
7.2831 7.34000000187e-08 2.4078e-08
7.2931 4.05000000103e-08 1.3556e-08
7.3031 2.21000000056e-08 8.32e-09
7.3131 1.1900000003e-08 6.53e-09
7.3231 6.36000000162e-09 7.54e-09
7.3331 3.36000000085e-09 1.1777e-08
7.3431 1.75000000045e-09 2.1e-08
7.3531 9.269e-10 3.8553e-08
7.3631 5.055e-10 7.1027e-08
7.3731 3.208e-10 1.300628e-07
7.3831 2.92e-10 2.360308e-07
7.3931 4.121e-10 4.220149e-07
7.4031 7.354e-10 7.4900716e-07
7.4131 1.4138e-09 1.31000000492e-06
7.4231 2.7366e-09 2.28000000854e-06
7.4331 5.29000000345e-09 3.9200000147e-06
7.4431 1.01000000066e-08 6.6500000249e-06
7.4531 1.92000000125e-08 1.12000000419e-05
7.4631 3.59000000234e-08 1.86000000696e-05
7.4731 6.65000000434e-08 3.0600000114e-05
7.4831 1.2200000008e-07 4.9700000186e-05
7.4931 2.21000000144e-07 8.01000003e-05
7.5031 3.97000000259e-07 0.000127000000477
7.5131 7.04000000459e-07 0.000201000000751
7.5231 1.24000000081e-06 0.00031300000117
7.5331 2.1500000014e-06 0.0004820000018
7.5431 3.6900000024e-06 0.00073500000275
7.5531 6.26000000409e-06 0.00111000000415
7.5631 1.05000000069e-05 0.00165000000619
7.5731 1.75000000114e-05 0.00244000000914
7.5831 2.88000000188e-05 0.0035700000134
7.5931 4.69000000306e-05 0.0051500000193
7.6031 7.55000000493e-05 0.0073600000276
7.6131 0.000120000000079 0.010400000039
7.6231 0.000190000000124 0.0146000000545
7.6331 0.000295000000193 0.0201000000754
7.6431 0.000456000000297 0.027600000103
7.6531 0.000695000000453 0.03730000014
7.6631 0.00105000000068 0.050000000187
7.6731 0.00157000000102 0.066200000248
7.6831 0.00231000000151 0.086800000325
7.6931 0.0033800000022 0.113000000421
7.7031 0.00488000000318 0.14400000054
7.7131 0.00698000000455 0.183000000686
7.7231 0.00987000000644 0.230000000861
7.7331 0.013800000009 0.28600000107
7.7431 0.0191000000125 0.35100000131
7.7531 0.0262000000171 0.4260000016
7.7631 0.0354000000231 0.51300000192
7.7731 0.047500000031 0.61000000228
7.7831 0.0630000000411 0.71700000268
7.7931 0.0826000000539 0.83500000312
7.8031 0.10700000007 0.9610000036
7.8131 0.13700000009 1.0900000041
7.8231 0.174000000114 1.23000000462
7.8331 0.219000000143 1.37000000515
7.8431 0.272000000178 1.52000000567
7.8531 0.335000000218 1.65000000619
7.8631 0.407000000265 1.78000000668
7.8731 0.489000000319 1.90000000713
7.8831 0.58200000038 2.01000000753
7.8931 0.685000000447 2.10000000787
7.9031 0.79800000052 2.17000000813
7.9131 0.919000000599 2.22000000831
7.9231 1.05000000068 2.25000000841
7.9331 1.18000000077 2.25000000841
7.9431 1.32000000086 2.22000000832
7.9531 1.45000000095 2.18000000815
7.9631 1.58000000103 2.11000000789
7.9731 1.71000000112 2.02000000756
7.9831 1.83000000119 1.92000000717
7.9931 1.93000000126 1.80000000672
8.0031 2.02000000132 1.67000000624
8.0131 2.08000000136 1.53000000572
8.0231 2.13000000139 1.39000000519
8.0331 2.16000000141 1.25000000466
8.0431 2.16000000141 1.11000000414
8.0531 2.1400000014 0.97300000364
8.0631 2.09000000137 0.84600000317
8.0731 2.03000000132 0.72800000272
8.0831 1.95000000127 0.61900000232
8.0931 1.8400000012 0.52100000195
8.1031 1.73000000113 0.43400000162
8.1131 1.61000000105 0.35700000134
8.1231 1.47000000096 0.29100000109
8.1331 1.34000000087 0.235000000878
8.1431 1.20000000079 0.1870000007
8.1531 1.0700000007 0.148000000552
8.1631 0.940000000613 0.115000000431
8.1731 0.818000000533 0.088900000333
8.1831 0.704000000459 0.067900000254
8.1931 0.599000000391 0.051300000192
8.2031 0.504000000329 0.038300000144
8.2131 0.420000000274 0.028300000106
8.2231 0.346000000226 0.0207000000776
8.2331 0.282000000184 0.0150000000561
8.2431 0.228000000148 0.0107000000402
8.2531 0.181000000118 0.0076000000285
8.2631 0.143000000093 0.0053200000199
8.2731 0.112000000073 0.0036900000138
8.2831 0.0864000000563 0.00253000000947
8.2931 0.066000000043 0.00171000000642
8.3031 0.0499000000325 0.00115000000431
8.3131 0.0373000000243 0.00076300000286
8.3231 0.027600000018 0.00050100000188
8.3331 0.0202000000132 0.00032500000122
8.3431 0.0146000000095 0.000209000000783
8.3531 0.0105000000068 0.000133000000497
8.3631 0.00741000000483 8.3500000313e-05
8.3731 0.00519000000339 5.2000000194e-05
8.3831 0.00360000000235 3.200000012e-05
8.3931 0.00247000000161 1.95000000728e-05
8.4031 0.00167000000109 1.17000000439e-05
8.4131 0.00112000000073 6.9800000261e-06
8.4231 0.000746000000487 4.1100000154e-06
8.4331 0.00049000000032 2.40000000897e-06
8.4431 0.000318000000208 1.38000000517e-06
8.4531 0.000205000000133 7.8800000295e-07
