-55.332 5.86e-11 0
-55.322 9.46e-11 0
-55.312 1.512e-10 0
-55.302 2.393e-10 0
-55.292 3.742e-10 0
-55.282 5.78e-10 0
-55.272 8.86e-10 0
-55.262 1.342e-09 0
-55.252 2.01e-09 0
-55.242 2.978e-09 0
-55.232 4.36e-09 0
-55.222 6.34e-09 0
-55.212 9.08e-09 0
-55.202 1.288e-08 0
-55.192 1.811e-08 0
-55.182 2.516e-08 0
-55.172 3.457e-08 0
-55.162 4.7e-08 0
-55.152 6.32e-08 0
-55.142 8.41e-08 0
-55.132 1.108e-07 0
-55.122 1.444e-07 0
-55.112 1.862e-07 0
-55.102 2.377e-07 0
-55.092 3.002e-07 0
-55.082 3.756e-07 0
-55.072 4.65e-07 0
-55.062 5.7e-07 0
-55.052 6.94e-07 0
-55.042 8.38e-07 0
-55.032 1.005e-06 0
-55.022 1.198e-06 0
-55.012 1.424e-06 0
-55.002 1.687e-06 0
-54.992 2e-06 0
-54.982 2.382e-06 0
-54.972 2.856e-06 0
-54.962 3.46e-06 0
-54.952 4.256e-06 0
-54.942 5.3e-06 0
-54.932 6.72e-06 0
-54.922 8.65e-06 0
-54.912 1.129e-05 0
-54.902 1.492e-05 0
-54.892 1.986e-05 0
-54.882 2.656e-05 0
-54.872 3.559e-05 0
-54.862 4.77e-05 0
-54.852 6.36e-05 0
-54.842 8.45e-05 0
-54.832 0.0001116 0
-54.822 0.0001464 0
-54.812 0.0001905 0
-54.802 0.0002458 0
-54.792 0.0003147 0
-54.782 0.0003988 0
-54.772 0.000502 0
-54.762 0.000624 0
-54.752 0.000771 0
-54.742 0.000943 0
-54.732 0.001142 0
-54.722 0.001371 0
-54.712 0.001631 0
-54.702 0.001922 0
-54.692 0.002245 0
-54.682 0.0026 0
-54.672 0.002983 0
-54.662 0.003395 0
-54.652 0.003829 0
-54.642 0.00428 0
-54.632 0.00474 0
-54.622 0.00521 0
-54.612 0.0057 0
-54.602 0.00616 0
-54.592 0.0066 0
-54.582 0.00703 0
-54.572 0.00742 0
-54.562 0.00779 0
-54.552 0.00812 0
-54.542 0.0084 0
-54.532 0.00863 0
-54.522 0.0088 0
-54.512 0.00895 0
-54.502 0.00904 0
-54.492 0.00908 0
-54.482 0.00908 0
-54.472 0.00906 0
-54.462 0.00902 0
-54.452 0.00895 0
-54.442 0.0089 0
-54.432 0.00886 0
-54.422 0.00881 0
-54.412 0.00882 0
-54.402 0.00885 0
-54.392 0.00894 0
-54.382 0.00908 0
-54.372 0.00927 0
-54.362 0.00953 0
-54.352 0.00984 0
-54.342 0.01022 0
-54.332 0.01064 0
-54.322 0.0111 0
-54.312 0.01161 0
-54.302 0.01215 0
-54.292 0.01272 0
-54.282 0.0133 0
-54.272 0.01386 0
-54.262 0.0144 0
-54.252 0.01496 0
-54.242 0.01545 0
-54.232 0.01592 0
-54.222 0.01635 0
-54.212 0.01676 0
-54.202 0.01706 0
-54.192 0.01734 0
-54.182 0.01756 0
-54.172 0.01776 0
-54.162 0.01786 0
-54.152 0.01792 0
-54.142 0.01792 0
-54.132 0.01791 0
-54.122 0.01783 0
-54.112 0.01769 0
-54.102 0.01754 0
-54.092 0.01734 0
-54.082 0.0171 0
-54.072 0.01684 0
-54.062 0.01655 0
-54.052 0.01624 0
-54.042 0.0159 0
-54.032 0.01554 0
-54.022 0.01516 0
-54.012 0.01476 0
-54.002 0.01433 0
-53.992 0.01388 0
-53.982 0.01341 0
-53.972 0.01292 0
-53.962 0.0124 0
-53.952 0.01184 0
-53.942 0.01127 0
-53.932 0.01066 0
-53.922 0.01006 0
-53.912 0.00942 0
-53.902 0.00878 0
-53.892 0.00812 0
-53.882 0.00746 0
-53.872 0.00682 0
-53.862 0.00617 0
-53.852 0.00556 0
-53.842 0.00496 0
-53.832 0.004384 0
-53.822 0.003843 0
-53.812 0.003342 0
-53.802 0.002881 0
-53.792 0.002462 0
-53.782 0.002084 0
-53.772 0.001748 0
-53.762 0.001452 0
-53.752 0.001194 0
-53.742 0.000974 0
-53.732 0.000787 0
-53.722 0.00063 0
-53.712 0.000498 0
-53.702 0.0003909 0
-53.692 0.0003029 0
-53.682 0.0002327 0
-53.672 0.0001771 0
-53.662 0.0001333 0
-53.652 9.94e-05 0
-53.642 7.34e-05 0
-53.632 5.36e-05 0
-53.622 3.879e-05 0
-53.612 2.772e-05 0
-53.602 1.964e-05 0
-53.592 1.376e-05 0
-53.582 9.55e-06 0
-53.572 6.55e-06 0
-53.562 4.454e-06 0
-53.552 2.996e-06 0
-53.542 1.995e-06 0
-53.532 1.314e-06 0
-53.522 8.57e-07 0
-53.512 5.52e-07 0
-53.502 3.527e-07 0
-53.492 2.228e-07 0
-53.482 1.393e-07 0
-53.472 8.61e-08 0
-53.462 5.27e-08 0
-53.452 3.194e-08 0
-53.442 1.914e-08 0
-53.432 1.136e-08 0
-53.422 6.67e-09 0
-53.412 3.875e-09 0
-53.402 2.224e-09 0
-53.392 1.264e-09 0
-53.382 7.11e-10 0
-53.372 3.96e-10 0
-53.362 2.181e-10 0
-53.352 1.189e-10 0
-53.342 6.41e-11 0
-53.332 3.411e-11 0
-53.322 1.804e-11 0
-53.312 9.42e-12 0
-53.302 4.876e-12 0
-53.292 2.488e-12 0
-53.282 1.256e-12 0
-53.272 6.27e-13 0
-53.262 3.095e-13 0
-53.252 1.498e-13 0
-53.242 6.81e-14 0
-53.232 3.029e-14 0
-53.222 1.292e-14 0
-53.212 5.274e-16 0
-53.202 0.0 0
-53.192 0.0 0
-53.182 0.0 0
-53.172 0.0 0
-53.162 0.0 0
-53.152 0.0 0
-53.142 0.0 0
-53.132 0.0 0
-53.122 0.0 0
-53.112 0.0 0
-53.102 0.0 0
-53.092 0.0 0
-53.082 0.0 0
-53.072 0.0 0
-53.062 0.0 0
-53.052 0.0 0
-53.042 0.0 0
-53.032 0.0 0
-53.022 0.0 0
-53.012 0.0 0
-53.002 0.0 0
-52.992 0.0 0
-52.982 0.0 0
-52.972 0.0 0
-52.962 0.0 0
-52.952 0.0 0
-52.942 0.0 0
-52.932 0.0 0
-52.922 0.0 0
-52.912 0.0 0
-52.902 0.0 0
-52.892 0.0 0
-52.882 0.0 0
-52.872 0.0 0
-52.862 0.0 0
-52.852 0.0 0
-52.842 0.0 0
-52.832 0.0 0
-52.822 0.0 0
-52.812 0.0 0
-52.802 0.0 0
-52.792 0.0 0
-52.782 0.0 0
-52.772 0.0 0
-52.762 0.0 0
-52.752 0.0 0
-52.742 0.0 0
-52.732 0.0 0
-52.722 0.0 0
-52.712 0.0 0
-52.702 0.0 0
-52.692 0.0 0
-52.682 0.0 0
-52.672 0.0 0
-52.662 0.0 0
-52.652 0.0 0
-52.642 0.0 0
-52.632 0.0 0
-52.622 0.0 0
-52.612 0.0 0
-52.602 0.0 0
-52.592 0.0 0
-52.582 0.0 0
-52.572 0.0 0
-52.562 0.0 0
-52.552 0.0 0
-52.542 0.0 0
-52.532 0.0 0
-52.522 0.0 -1.443e-16
-52.512 0.0 -1.882e-15
-52.502 0.0 -8.26e-15
-52.492 0.0 -2.007e-14
-52.482 0.0 -4.827e-14
-52.472 0.0 -1.072e-13
-52.462 0.0 -2.204e-13
-52.452 0.0 -4.463e-13
-52.442 0.0 -8.99e-13
-52.432 0.0 -1.779e-12
-52.422 0.0 -3.477e-12
-52.412 0.0 -6.72e-12
-52.402 0.0 -1.286e-11
-52.392 0.0 -2.437e-11
-52.382 0.0 -4.57e-11
-52.372 0.0 -8.47e-11
-52.362 0.0 -1.553e-10
-52.352 0.0 -2.819e-10
-52.342 0.0 -5.07e-10
-52.332 0.0 -9.01e-10
-52.322 0.0 -1.583e-09
-52.312 0.0 -2.757e-09
-52.302 0.0 -4.75e-09
-52.292 0.0 -8.1e-09
-52.282 0.0 -1.366e-08
-52.272 0.0 -2.283e-08
-52.262 0.0 -3.776e-08
-52.252 0.0 -6.17e-08
-52.242 0.0 -9.99e-08
-52.232 0.0 -1.599e-07
-52.222 0.0 -2.537e-07
-52.212 0.0 -3.982e-07
-52.202 0.0 -6.18e-07
-52.192 0.0 -9.5e-07
-52.182 0.0 -1.446e-06
-52.172 0.0 -2.178e-06
-52.162 0.0 -3.247e-06
-52.152 0.0 -4.8e-06
-52.142 0.0 -7e-06
-52.132 0.0 -1.012e-05
-52.122 0.0 -1.448e-05
-52.112 0.0 -2.052e-05
-52.102 0.0 -2.878e-05
-52.092 0.0 -4e-05
-52.082 0.0 -5.49e-05
-52.072 0.0 -7.47e-05
-52.062 0.0 -0.0001007
-52.052 0.0 -0.0001343
-52.042 0.0 -0.0001777
-52.032 0.0 -0.0002324
-52.022 0.0 -0.0003011
-52.012 0.0 -0.000386
-52.002 0.0 -0.000491
-51.992 0.0 -0.000617
-51.982 0.0 -0.00077
-51.972 0.0 -0.000952
-51.962 0.0 -0.001164
-51.952 0.0 -0.001411
-51.942 0.0 -0.001695
-51.932 0.0 -0.002018
-51.922 0.0 -0.002382
-51.912 0.0 -0.002786
-51.902 0.0 -0.003229
-51.892 0.0 -0.003715
-51.882 0.0 -0.00423
-51.872 0.0 -0.0048
-51.862 0.0 -0.00538
-51.852 0.0 -0.00598
-51.842 0.0 -0.00662
-51.832 0.0 -0.00726
-51.822 0.0 -0.00791
-51.812 0.0 -0.00858
-51.802 0.0 -0.00922
-51.792 0.0 -0.00986
-51.782 0.0 -0.01048
-51.772 0.0 -0.01108
-51.762 0.0 -0.01166
-51.752 0.0 -0.0122
-51.742 0.0 -0.01272
-51.732 0.0 -0.0132
-51.722 0.0 -0.01367
-51.712 0.0 -0.01408
-51.702 0.0 -0.01449
-51.692 0.0 -0.01486
-51.682 0.0 -0.01521
-51.672 0.0 -0.01554
-51.662 0.0 -0.01584
-51.652 0.0 -0.01614
-51.642 0.0 -0.01642
-51.632 0.0 -0.0167
-51.622 0.0 -0.01697
-51.612 0.0 -0.01724
-51.602 0.0 -0.01753
-51.592 0.0 -0.0178
-51.582 0.0 -0.01808
-51.572 0.0 -0.01836
-51.562 0.0 -0.01863
-51.552 0.0 -0.01892
-51.542 0.0 -0.01918
-51.532 0.0 -0.01944
-51.522 0.0 -0.0197
-51.512 0.0 -0.01994
-51.502 0.0 -0.02015
-51.492 0.0 -0.02034
-51.482 0.0 -0.02048
-51.472 0.0 -0.02062
-51.462 0.0 -0.02068
-51.452 0.0 -0.02069
-51.442 0.0 -0.02064
-51.432 0.0 -0.02054
-51.422 0.0 -0.02038
-51.412 0.0 -0.02014
-51.402 0.0 -0.01982
-51.392 0.0 -0.01946
-51.382 0.0 -0.019
-51.372 0.0 -0.01848
-51.362 0.0 -0.01789
-51.352 0.0 -0.01724
-51.342 0.0 -0.01653
-51.332 0.0 -0.01579
-51.322 0.0 -0.01499
-51.312 0.0 -0.01416
-51.302 0.0 -0.01331
-51.292 0.0 -0.01245
-51.282 0.0 -0.01158
-51.272 0.0 -0.0107
-51.262 0.0 -0.00984
-51.252 0.0 -0.009
-51.242 0.0 -0.0082
-51.232 0.0 -0.0074
-51.222 0.0 -0.00665
-51.212 0.0 -0.00594
-51.202 0.0 -0.00528
-51.192 0.0 -0.00466
-51.182 0.0 -0.004097
-51.172 0.0 -0.003564
-51.162 0.0 -0.003087
-51.152 0.0 -0.002655
-51.142 0.0 -0.002268
-51.132 0.0 -0.001925
-51.122 0.0 -0.001622
-51.112 0.0 -0.001357
-51.102 0.0 -0.001126
-51.092 0.0 -0.000928
-51.082 0.0 -0.000759
-51.072 0.0 -0.000616
-51.062 0.0 -0.000496
-51.052 0.0 -0.0003956
-51.042 0.0 -0.0003126
-51.032 0.0 -0.0002453
-51.022 0.0 -0.0001908
-51.012 0.0 -0.000147
-51.002 0.0 -0.0001124
-50.992 0.0 -8.51e-05
-50.982 0.0 -6.4e-05
-50.972 0.0 -4.76e-05
-50.962 0.0 -3.498e-05
-50.952 0.0 -2.552e-05
-50.942 0.0 -1.846e-05
-50.932 0.0 -1.321e-05
-50.922 0.0 -9.36e-06
-50.912 0.0 -6.56e-06
-50.902 0.0 -4.56e-06
-50.892 0.0 -3.146e-06
-50.882 0.0 -2.143e-06
-50.872 0.0 -1.446e-06
-50.862 0.0 -9.66e-07
-50.852 0.0 -6.4e-07
-50.842 0.0 -4.18e-07
-50.832 0.0 -2.712e-07
-50.822 0.0 -1.74e-07
-50.812 0.0 -1.104e-07
-50.802 0.0 -6.94e-08
-50.792 0.0 -4.32e-08
-50.782 0.0 -2.66e-08
-50.772 0.0 -1.62e-08
-50.762 0.0 -9.78e-09
-50.752 0.0 -5.84e-09
-50.742 0.0 -3.448e-09
-50.732 0.0 -2.016e-09
-50.722 0.0 -1.166e-09
-50.712 0.0 -6.68e-10
-50.702 0.0 -3.785e-10
-50.692 0.0 -2.122e-10
-50.682 0.0 -1.178e-10
-50.672 0.0 -6.48e-11
-50.662 0.0 -3.514e-11
-50.652 0.0 -1.89e-11
-50.642 0.0 -1.004e-11
-50.632 0.0 -5.28e-12
-50.622 0.0 -2.756e-12
-50.612 0.0 -1.418e-12
-50.602 0.0 -7.24e-13
-50.592 0.0 -3.64e-13
-50.582 0.0 -1.814e-13
-50.572 0.0 -8.86e-14
-50.562 0.0 -4.26e-14
-50.552 0.0 -1.926e-14
-50.542 0.0 -7.92e-15
-50.532 0.0 -2.631e-15
-50.522 0.0 -4.54e-16
-50.512 0.0 0
-50.502 0.0 0
-50.492 0.0 0
-50.482 0.0 0
-50.472 0.0 0
-50.462 0.0 0
-50.452 0.0 0
-50.442 0.0 0
-50.432 0.0 0
-50.422 0.0 0
-50.412 0.0 0
-50.402 0.0 0
-50.392 0.0 0
-50.382 0.0 0
-50.372 0.0 0
-50.362 0.0 0
-50.352 0.0 0
-50.342 0.0 0
-50.332 0.0 0
-50.322 0.0 0
-50.312 0.0 0
-50.302 0.0 0
-50.292 0.0 0
-50.282 0.0 0
-50.272 0.0 0
-50.262 0.0 0
-50.252 0.0 0
-50.242 0.0 0
-50.232 0.0 0
-50.222 0.0 0
-50.212 0.0 0
-50.202 0.0 0
-50.192 0.0 0
-50.182 0.0 0
-50.172 0.0 0
-50.162 0.0 0
-50.152 0.0 0
-50.142 0.0 0
-50.132 0.0 0
-50.122 0.0 0
-50.112 0.0 0
-50.102 0.0 0
-50.092 0.0 0
-50.082 0.0 0
-50.072 0.0 0
-50.062 0.0 0
-50.052 0.0 0
-50.042 0.0 0
-50.032 0.0 0
-50.022 0.0 0
-50.012 0.0 0
-50.002 0.0 0
-49.992 0.0 0
-49.982 0.0 0
-49.972 0.0 0
-49.962 0.0 0
-49.952 0.0 0
-49.942 0.0 0
-49.932 0.0 0
-49.922 0.0 0
-49.912 0.0 0
-49.902 0.0 0
-49.892 0.0 0
-49.882 0.0 0
-49.872 0.0 0
-49.862 0.0 0
-49.852 0.0 0
-49.842 0.0 0
-49.832 0.0 0
-49.822 0.0 0
-49.812 0.0 0
-49.802 0.0 0
-49.792 0.0 0
-49.782 0.0 0
-49.772 0.0 0
-49.762 0.0 0
-49.752 0.0 0
-49.742 0.0 0
-49.732 0.0 0
-49.722 0.0 0
-49.712 0.0 0
-49.702 0.0 0
-49.692 0.0 0
-49.682 0.0 0
-49.672 0.0 0
-49.662 0.0 0
-49.652 0.0 0
-49.642 0.0 0
-49.632 0.0 0
-49.622 0.0 0
-49.612 0.0 0
-49.602 0.0 0
-49.592 0.0 0
-49.582 0.0 0
-49.572 0.0 0
-49.562 0.0 0
-49.552 0.0 0
-49.542 0.0 0
-49.532 0.0 0
-49.522 0.0 0
-49.512 0.0 0
-49.502 0.0 0
-49.492 0.0 0
-49.482 0.0 0
-49.472 0.0 0
-49.462 0.0 0
-49.452 0.0 0
-49.442 0.0 0
-49.432 0.0 0
-49.422 0.0 0
-49.412 0.0 0
-49.402 0.0 0
-49.392 0.0 0
-49.382 0.0 0
-49.372 0.0 0
-49.362 0.0 0
-49.352 0.0 0
-49.342 0.0 0
-49.332 0.0 0
-49.322 0.0 0
-49.312 0.0 0
-49.302 0.0 0
-49.292 0.0 0
-49.282 0.0 0
-49.272 0.0 0
-49.262 0.0 0
-49.252 0.0 0
-49.242 0.0 0
-49.232 0.0 0
-49.222 0.0 0
-49.212 0.0 0
-49.202 0.0 0
-49.192 0.0 0
-49.182 0.0 0
-49.172 0.0 0
-49.162 0.0 0
-49.152 0.0 0
-49.142 0.0 0
-49.132 0.0 0
-49.122 0.0 0
-49.112 0.0 0
-49.102 0.0 0
-49.092 0.0 0
-49.082 0.0 0
-49.072 0.0 0
-49.062 0.0 0
-49.052 0.0 0
-49.042 0.0 0
-49.032 0.0 0
-49.022 0.0 0
-49.012 0.0 0
-49.002 0.0 0
-48.992 0.0 0
-48.982 0.0 0
-48.972 0.0 0
-48.962 0.0 0
-48.952 0.0 0
-48.942 0.0 0
-48.932 0.0 0
-48.922 0.0 0
-48.912 0.0 0
-48.902 0.0 0
-48.892 0.0 0
-48.882 0.0 0
-48.872 0.0 0
-48.862 0.0 0
-48.852 0.0 0
-48.842 0.0 0
-48.832 0.0 0
-48.822 0.0 0
-48.812 0.0 0
-48.802 0.0 0
-48.792 0.0 0
-48.782 0.0 0
-48.772 0.0 0
-48.762 0.0 0
-48.752 0.0 0
-48.742 0.0 0
-48.732 0.0 0
-48.722 0.0 0
-48.712 0.0 0
-48.702 0.0 0
-48.692 0.0 0
-48.682 0.0 0
-48.672 0.0 0
-48.662 0.0 0
-48.652 0.0 0
-48.642 0.0 0
-48.632 0.0 0
-48.622 0.0 0
-48.612 0.0 0
-48.602 0.0 0
-48.592 0.0 0
-48.582 0.0 0
-48.572 0.0 0
-48.562 0.0 0
-48.552 0.0 0
-48.542 0.0 0
-48.532 0.0 0
-48.522 0.0 0
-48.512 0.0 0
-48.502 0.0 0
-48.492 0.0 0
-48.482 0.0 0
-48.472 0.0 0
-48.462 0.0 0
-48.452 0.0 0
-48.442 0.0 0
-48.432 0.0 0
-48.422 0.0 0
-48.412 0.0 0
-48.402 0.0 0
-48.392 0.0 0
-48.382 0.0 0
-48.372 0.0 0
-48.362 0.0 0
-48.352 0.0 0
-48.342 0.0 0
-48.332 0.0 0
-48.322 0.0 0
-48.312 0.0 0
-48.302 0.0 0
-48.292 0.0 0
-48.282 0.0 0
-48.272 0.0 0
-48.262 0.0 0
-48.252 0.0 0
-48.242 0.0 0
-48.232 0.0 0
-48.222 0.0 0
-48.212 0.0 0
-48.202 0.0 0
-48.192 0.0 0
-48.182 0.0 0
-48.172 0.0 0
-48.162 0.0 0
-48.152 0.0 0
-48.142 0.0 0
-48.132 0.0 0
-48.122 0.0 0
-48.112 0.0 0
-48.102 0.0 0
-48.092 0.0 0
-48.082 0.0 0
-48.072 0.0 0
-48.062 0.0 0
-48.052 0.0 0
-48.042 0.0 0
-48.032 0.0 0
-48.022 0.0 0
-48.012 0.0 0
-48.002 0.0 0
-47.992 0.0 0
-47.982 0.0 0
-47.972 0.0 0
-47.962 0.0 0
-47.952 0.0 0
-47.942 0.0 0
-47.932 0.0 0
-47.922 0.0 0
-47.912 0.0 0
-47.902 0.0 0
-47.892 0.0 0
-47.882 0.0 0
-47.872 0.0 0
-47.862 0.0 0
-47.852 0.0 0
-47.842 0.0 0
-47.832 0.0 0
-47.822 0.0 0
-47.812 0.0 0
-47.802 0.0 0
-47.792 0.0 0
-47.782 0.0 0
-47.772 0.0 0
-47.762 0.0 0
-47.752 0.0 0
-47.742 0.0 0
-47.732 0.0 0
-47.722 0.0 0
-47.712 0.0 0
-47.702 0.0 0
-47.692 0.0 0
-47.682 0.0 0
-47.672 0.0 0
-47.662 0.0 0
-47.652 0.0 0
-47.642 0.0 0
-47.632 0.0 0
-47.622 0.0 0
-47.612 0.0 0
-47.602 0.0 0
-47.592 0.0 0
-47.582 0.0 0
-47.572 0.0 0
-47.562 0.0 0
-47.552 0.0 0
-47.542 0.0 0
-47.532 0.0 0
-47.522 0.0 0
-47.512 0.0 0
-47.502 0.0 0
-47.492 0.0 0
-47.482 0.0 0
-47.472 0.0 0
-47.462 0.0 0
-47.452 0.0 0
-47.442 0.0 0
-47.432 0.0 0
-47.422 0.0 0
-47.412 0.0 0
-47.402 0.0 0
-47.392 0.0 0
-47.382 0.0 0
-47.372 0.0 0
-47.362 0.0 0
-47.352 0.0 0
-47.342 0.0 0
-47.332 0.0 0
-47.322 0.0 0
-47.312 0.0 0
-47.302 0.0 0
-47.292 0.0 0
-47.282 0.0 0
-47.272 0.0 0
-47.262 0.0 0
-47.252 0.0 0
-47.242 0.0 0
-47.232 0.0 0
-47.222 0.0 0
-47.212 0.0 0
-47.202 0.0 0
-47.192 0.0 0
-47.182 0.0 0
-47.172 0.0 0
-47.162 0.0 0
-47.152 0.0 0
-47.142 0.0 0
-47.132 0.0 0
-47.122 0.0 0
-47.112 0.0 0
-47.102 0.0 0
-47.092 0.0 0
-47.082 0.0 0
-47.072 0.0 0
-47.062 0.0 0
-47.052 0.0 0
-47.042 0.0 0
-47.032 0.0 0
-47.022 0.0 0
-47.012 0.0 0
-47.002 0.0 0
-46.992 0.0 0
-46.982 0.0 0
-46.972 0.0 0
-46.962 0.0 0
-46.952 0.0 0
-46.942 0.0 0
-46.932 0.0 0
-46.922 0.0 0
-46.912 0.0 0
-46.902 0.0 0
-46.892 0.0 0
-46.882 0.0 0
-46.872 0.0 0
-46.862 0.0 0
-46.852 0.0 0
-46.842 0.0 0
-46.832 0.0 0
-46.822 0.0 0
-46.812 0.0 0
-46.802 0.0 0
-46.792 0.0 0
-46.782 0.0 0
-46.772 0.0 0
-46.762 0.0 0
-46.752 0.0 0
-46.742 0.0 0
-46.732 0.0 0
-46.722 0.0 0
-46.712 0.0 0
-46.702 0.0 0
-46.692 0.0 0
-46.682 0.0 0
-46.672 0.0 0
-46.662 0.0 0
-46.652 0.0 0
-46.642 0.0 0
-46.632 0.0 0
-46.622 0.0 0
-46.612 0.0 0
-46.602 0.0 0
-46.592 0.0 0
-46.582 0.0 0
-46.572 0.0 0
-46.562 0.0 0
-46.552 0.0 0
-46.542 0.0 0
-46.532 0.0 0
-46.522 0.0 0
-46.512 0.0 0
-46.502 0.0 0
-46.492 0.0 0
-46.482 0.0 0
-46.472 0.0 0
-46.462 0.0 0
-46.452 0.0 0
-46.442 0.0 0
-46.432 0.0 0
-46.422 0.0 0
-46.412 0.0 0
-46.402 0.0 0
-46.392 0.0 0
-46.382 0.0 0
-46.372 0.0 0
-46.362 0.0 0
-46.352 0.0 0
-46.342 0.0 0
-46.332 0.0 0
-46.322 0.0 0
-46.312 0.0 0
-46.302 0.0 0
-46.292 0.0 0
-46.282 0.0 0
-46.272 0.0 0
-46.262 0.0 0
-46.252 0.0 0
-46.242 0.0 0
-46.232 0.0 0
-46.222 0.0 0
-46.212 0.0 0
-46.202 0.0 0
-46.192 0.0 0
-46.182 0.0 0
-46.172 0.0 0
-46.162 0.0 0
-46.152 0.0 0
-46.142 0.0 0
-46.132 0.0 0
-46.122 0.0 0
-46.112 0.0 0
-46.102 0.0 0
-46.092 0.0 0
-46.082 0.0 0
-46.072 0.0 0
-46.062 0.0 0
-46.052 0.0 0
-46.042 0.0 0
-46.032 0.0 0
-46.022 0.0 0
-46.012 0.0 0
-46.002 0.0 0
-45.992 0.0 0
-45.982 0.0 0
-45.972 0.0 0
-45.962 0.0 0
-45.952 0.0 0
-45.942 0.0 0
-45.932 0.0 0
-45.922 0.0 0
-45.912 0.0 0
-45.902 0.0 0
-45.892 0.0 0
-45.882 0.0 0
-45.872 0.0 0
-45.862 0.0 0
-45.852 0.0 0
-45.842 0.0 0
-45.832 0.0 0
-45.822 0.0 0
-45.812 0.0 0
-45.802 0.0 0
-45.792 0.0 0
-45.782 0.0 0
-45.772 0.0 0
-45.762 0.0 0
-45.752 0.0 0
-45.742 0.0 0
-45.732 0.0 0
-45.722 0.0 0
-45.712 0.0 0
-45.702 0.0 0
-45.692 0.0 0
-45.682 0.0 0
-45.672 0.0 0
-45.662 0.0 0
-45.652 0.0 0
-45.642 0.0 0
-45.632 0.0 0
-45.622 0.0 0
-45.612 0.0 0
-45.602 0.0 0
-45.592 0.0 0
-45.582 0.0 0
-45.572 0.0 0
-45.562 0.0 0
-45.552 0.0 0
-45.542 0.0 0
-45.532 0.0 0
-45.522 0.0 0
-45.512 0.0 0
-45.502 0.0 0
-45.492 0.0 0
-45.482 0.0 0
-45.472 0.0 0
-45.462 0.0 0
-45.452 0.0 0
-45.442 0.0 0
-45.432 0.0 0
-45.422 0.0 0
-45.412 0.0 0
-45.402 0.0 0
-45.392 0.0 0
-45.382 0.0 0
-45.372 0.0 0
-45.362 0.0 0
-45.352 0.0 0
-45.342 0.0 0
-45.332 0.0 0
-45.322 0.0 0
-45.312 0.0 0
-45.302 0.0 0
-45.292 0.0 0
-45.282 0.0 0
-45.272 0.0 0
-45.262 0.0 0
-45.252 0.0 0
-45.242 0.0 0
-45.232 0.0 0
-45.222 0.0 0
-45.212 0.0 0
-45.202 0.0 0
-45.192 0.0 0
-45.182 0.0 0
-45.172 0.0 0
-45.162 0.0 0
-45.152 0.0 0
-45.142 0.0 0
-45.132 0.0 0
-45.122 0.0 0
-45.112 0.0 0
-45.102 0.0 0
-45.092 0.0 0
-45.082 0.0 0
-45.072 0.0 0
-45.062 0.0 0
-45.052 0.0 0
-45.042 0.0 0
-45.032 0.0 0
-45.022 0.0 0
-45.012 0.0 0
-45.002 0.0 0
-44.992 0.0 0
-44.982 0.0 0
-44.972 0.0 0
-44.962 0.0 0
-44.952 0.0 0
-44.942 0.0 0
-44.932 0.0 0
-44.922 0.0 0
-44.912 0.0 0
-44.902 0.0 0
-44.892 0.0 0
-44.882 0.0 0
-44.872 0.0 0
-44.862 0.0 0
-44.852 0.0 0
-44.842 0.0 0
-44.832 0.0 0
-44.822 0.0 0
-44.812 0.0 0
-44.802 0.0 0
-44.792 0.0 0
-44.782 0.0 0
-44.772 0.0 0
-44.762 0.0 0
-44.752 0.0 0
-44.742 0.0 0
-44.732 0.0 0
-44.722 0.0 0
-44.712 0.0 0
-44.702 0.0 0
-44.692 0.0 0
-44.682 0.0 0
-44.672 0.0 0
-44.662 0.0 0
-44.652 0.0 0
-44.642 0.0 0
-44.632 0.0 0
-44.622 0.0 0
-44.612 0.0 0
-44.602 0.0 0
-44.592 0.0 0
-44.582 0.0 0
-44.572 0.0 0
-44.562 0.0 0
-44.552 0.0 0
-44.542 0.0 0
-44.532 0.0 0
-44.522 0.0 0
-44.512 0.0 0
-44.502 0.0 0
-44.492 0.0 0
-44.482 0.0 0
-44.472 0.0 0
-44.462 0.0 0
-44.452 0.0 0
-44.442 0.0 0
-44.432 0.0 0
-44.422 0.0 0
-44.412 0.0 0
-44.402 0.0 0
-44.392 0.0 0
-44.382 0.0 0
-44.372 0.0 0
-44.362 0.0 0
-44.352 0.0 0
-44.342 0.0 0
-44.332 0.0 0
-44.322 0.0 0
-44.312 0.0 0
-44.302 0.0 0
-44.292 0.0 0
-44.282 0.0 0
-44.272 0.0 0
-44.262 0.0 0
-44.252 0.0 0
-44.242 0.0 0
-44.232 0.0 0
-44.222 0.0 0
-44.212 0.0 0
-44.202 0.0 0
-44.192 0.0 0
-44.182 0.0 0
-44.172 0.0 0
-44.162 0.0 0
-44.152 0.0 0
-44.142 0.0 0
-44.132 0.0 0
-44.122 0.0 0
-44.112 0.0 0
-44.102 0.0 0
-44.092 0.0 0
-44.082 0.0 0
-44.072 0.0 0
-44.062 0.0 0
-44.052 0.0 0
-44.042 0.0 0
-44.032 0.0 0
-44.022 0.0 0
-44.012 0.0 0
-44.002 0.0 0
-43.992 0.0 0
-43.982 0.0 0
-43.972 0.0 0
-43.962 0.0 0
-43.952 0.0 0
-43.942 0.0 0
-43.932 0.0 0
-43.922 0.0 0
-43.912 0.0 0
-43.902 0.0 0
-43.892 0.0 0
-43.882 0.0 0
-43.872 0.0 0
-43.862 0.0 0
-43.852 0.0 0
-43.842 0.0 0
-43.832 0.0 0
-43.822 0.0 0
-43.812 0.0 0
-43.802 0.0 0
-43.792 0.0 0
-43.782 0.0 0
-43.772 0.0 0
-43.762 0.0 0
-43.752 0.0 0
-43.742 0.0 0
-43.732 0.0 0
-43.722 0.0 0
-43.712 0.0 0
-43.702 0.0 0
-43.692 0.0 0
-43.682 0.0 0
-43.672 0.0 0
-43.662 0.0 0
-43.652 0.0 0
-43.642 0.0 0
-43.632 0.0 0
-43.622 0.0 0
-43.612 0.0 0
-43.602 0.0 0
-43.592 0.0 0
-43.582 0.0 0
-43.572 0.0 0
-43.562 0.0 0
-43.552 0.0 0
-43.542 0.0 0
-43.532 0.0 0
-43.522 0.0 0
-43.512 0.0 0
-43.502 0.0 0
-43.492 0.0 0
-43.482 0.0 0
-43.472 0.0 0
-43.462 0.0 0
-43.452 0.0 0
-43.442 0.0 0
-43.432 0.0 0
-43.422 0.0 0
-43.412 0.0 0
-43.402 0.0 0
-43.392 0.0 0
-43.382 0.0 0
-43.372 0.0 0
-43.362 0.0 0
-43.352 0.0 0
-43.342 0.0 0
-43.332 0.0 0
-43.322 0.0 0
-43.312 0.0 0
-43.302 0.0 0
-43.292 0.0 0
-43.282 0.0 0
-43.272 0.0 0
-43.262 0.0 0
-43.252 0.0 0
-43.242 0.0 0
-43.232 0.0 0
-43.222 0.0 0
-43.212 0.0 0
-43.202 0.0 0
-43.192 0.0 0
-43.182 0.0 0
-43.172 0.0 0
-43.162 0.0 0
-43.152 0.0 0
-43.142 0.0 0
-43.132 0.0 0
-43.122 0.0 0
-43.112 0.0 0
-43.102 0.0 0
-43.092 0.0 0
-43.082 0.0 0
-43.072 0.0 0
-43.062 0.0 0
-43.052 0.0 0
-43.042 0.0 0
-43.032 0.0 0
-43.022 0.0 0
-43.012 0.0 0
-43.002 0.0 0
-42.992 0.0 0
-42.982 0.0 0
-42.972 0.0 0
-42.962 0.0 0
-42.952 0.0 0
-42.942 0.0 0
-42.932 0.0 0
-42.922 0.0 0
-42.912 0.0 0
-42.902 0.0 0
-42.892 0.0 0
-42.882 0.0 0
-42.872 0.0 0
-42.862 0.0 0
-42.852 0.0 0
-42.842 0.0 0
-42.832 0.0 0
-42.822 0.0 0
-42.812 0.0 0
-42.802 0.0 0
-42.792 0.0 0
-42.782 0.0 0
-42.772 0.0 0
-42.762 0.0 0
-42.752 0.0 0
-42.742 0.0 0
-42.732 0.0 0
-42.722 0.0 0
-42.712 0.0 0
-42.702 0.0 0
-42.692 0.0 0
-42.682 0.0 0
-42.672 0.0 0
-42.662 0.0 0
-42.652 0.0 0
-42.642 0.0 0
-42.632 0.0 0
-42.622 0.0 0
-42.612 0.0 0
-42.602 0.0 0
-42.592 0.0 0
-42.582 0.0 0
-42.572 0.0 0
-42.562 0.0 0
-42.552 0.0 0
-42.542 0.0 0
-42.532 0.0 0
-42.522 0.0 0
-42.512 0.0 0
-42.502 0.0 0
-42.492 0.0 0
-42.482 0.0 0
-42.472 0.0 0
-42.462 0.0 0
-42.452 0.0 0
-42.442 0.0 0
-42.432 0.0 0
-42.422 0.0 0
-42.412 0.0 0
-42.402 0.0 0
-42.392 0.0 0
-42.382 0.0 0
-42.372 0.0 0
-42.362 0.0 0
-42.352 0.0 0
-42.342 0.0 0
-42.332 0.0 0
-42.322 0.0 0
-42.312 0.0 0
-42.302 0.0 0
-42.292 0.0 0
-42.282 0.0 0
-42.272 0.0 0
-42.262 0.0 0
-42.252 0.0 0
-42.242 0.0 0
-42.232 0.0 0
-42.222 0.0 0
-42.212 0.0 0
-42.202 0.0 0
-42.192 0.0 0
-42.182 0.0 0
-42.172 0.0 0
-42.162 0.0 0
-42.152 0.0 0
-42.142 0.0 0
-42.132 0.0 0
-42.122 0.0 0
-42.112 0.0 0
-42.102 0.0 0
-42.092 0.0 0
-42.082 0.0 0
-42.072 0.0 0
-42.062 0.0 0
-42.052 0.0 0
-42.042 0.0 0
-42.032 0.0 0
-42.022 0.0 0
-42.012 0.0 0
-42.002 0.0 0
-41.992 0.0 0
-41.982 0.0 0
-41.972 0.0 0
-41.962 0.0 0
-41.952 0.0 0
-41.942 0.0 0
-41.932 0.0 0
-41.922 0.0 0
-41.912 0.0 0
-41.902 0.0 0
-41.892 0.0 0
-41.882 0.0 0
-41.872 0.0 0
-41.862 0.0 0
-41.852 0.0 0
-41.842 0.0 0
-41.832 0.0 0
-41.822 0.0 0
-41.812 0.0 0
-41.802 0.0 0
-41.792 0.0 0
-41.782 0.0 0
-41.772 0.0 0
-41.762 0.0 0
-41.752 0.0 0
-41.742 0.0 0
-41.732 0.0 0
-41.722 0.0 0
-41.712 0.0 0
-41.702 0.0 0
-41.692 0.0 0
-41.682 0.0 0
-41.672 0.0 0
-41.662 0.0 0
-41.652 0.0 0
-41.642 0.0 0
-41.632 0.0 0
-41.622 0.0 0
-41.612 0.0 0
-41.602 0.0 0
-41.592 0.0 0
-41.582 0.0 0
-41.572 0.0 0
-41.562 0.0 0
-41.552 0.0 0
-41.542 0.0 0
-41.532 0.0 0
-41.522 0.0 0
-41.512 0.0 0
-41.502 0.0 0
-41.492 0.0 0
-41.482 0.0 0
-41.472 0.0 0
-41.462 0.0 0
-41.452 0.0 0
-41.442 0.0 0
-41.432 0.0 0
-41.422 0.0 0
-41.412 0.0 0
-41.402 0.0 0
-41.392 0.0 0
-41.382 0.0 0
-41.372 0.0 0
-41.362 0.0 0
-41.352 0.0 0
-41.342 0.0 0
-41.332 0.0 0
-41.322 0.0 0
-41.312 0.0 0
-41.302 0.0 0
-41.292 0.0 0
-41.282 0.0 0
-41.272 0.0 0
-41.262 0.0 0
-41.252 0.0 0
-41.242 0.0 0
-41.232 0.0 0
-41.222 0.0 0
-41.212 0.0 0
-41.202 0.0 0
-41.192 0.0 0
-41.182 0.0 0
-41.172 0.0 0
-41.162 0.0 0
-41.152 0.0 0
-41.142 0.0 0
-41.132 0.0 0
-41.122 0.0 0
-41.112 0.0 0
-41.102 0.0 0
-41.092 0.0 0
-41.082 0.0 0
-41.072 0.0 0
-41.062 0.0 0
-41.052 0.0 0
-41.042 0.0 0
-41.032 0.0 0
-41.022 0.0 0
-41.012 0.0 0
-41.002 0.0 0
-40.992 0.0 0
-40.982 0.0 0
-40.972 0.0 0
-40.962 0.0 0
-40.952 0.0 0
-40.942 0.0 0
-40.932 0.0 0
-40.922 0.0 0
-40.912 0.0 0
-40.902 0.0 0
-40.892 0.0 0
-40.882 0.0 0
-40.872 0.0 0
-40.862 0.0 0
-40.852 0.0 0
-40.842 0.0 0
-40.832 0.0 0
-40.822 0.0 0
-40.812 0.0 0
-40.802 0.0 0
-40.792 0.0 0
-40.782 0.0 0
-40.772 0.0 0
-40.762 0.0 0
-40.752 0.0 0
-40.742 0.0 0
-40.732 0.0 0
-40.722 0.0 0
-40.712 0.0 0
-40.702 0.0 0
-40.692 0.0 0
-40.682 0.0 0
-40.672 0.0 0
-40.662 0.0 0
-40.652 0.0 0
-40.642 0.0 0
-40.632 0.0 0
-40.622 0.0 0
-40.612 0.0 0
-40.602 0.0 0
-40.592 0.0 0
-40.582 0.0 0
-40.572 0.0 0
-40.562 0.0 0
-40.552 0.0 0
-40.542 0.0 0
-40.532 0.0 0
-40.522 0.0 0
-40.512 0.0 0
-40.502 0.0 0
-40.492 0.0 0
-40.482 0.0 0
-40.472 0.0 0
-40.462 0.0 0
-40.452 0.0 0
-40.442 0.0 0
-40.432 0.0 0
-40.422 0.0 0
-40.412 0.0 0
-40.402 0.0 0
-40.392 0.0 0
-40.382 0.0 0
-40.372 0.0 0
-40.362 0.0 0
-40.352 0.0 0
-40.342 0.0 0
-40.332 0.0 0
-40.322 0.0 0
-40.312 0.0 0
-40.302 0.0 0
-40.292 0.0 0
-40.282 0.0 0
-40.272 0.0 0
-40.262 0.0 0
-40.252 0.0 0
-40.242 0.0 0
-40.232 0.0 0
-40.222 0.0 0
-40.212 0.0 0
-40.202 0.0 0
-40.192 0.0 0
-40.182 0.0 0
-40.172 0.0 0
-40.162 0.0 0
-40.152 0.0 0
-40.142 0.0 0
-40.132 0.0 0
-40.122 0.0 0
-40.112 0.0 0
-40.102 0.0 0
-40.092 0.0 0
-40.082 0.0 0
-40.072 0.0 0
-40.062 0.0 0
-40.052 0.0 0
-40.042 0.0 0
-40.032 0.0 0
-40.022 0.0 0
-40.012 0.0 0
-40.002 0.0 0
-39.992 0.0 0
-39.982 0.0 0
-39.972 0.0 0
-39.962 0.0 0
-39.952 0.0 0
-39.942 0.0 0
-39.932 0.0 0
-39.922 0.0 0
-39.912 0.0 0
-39.902 0.0 0
-39.892 0.0 0
-39.882 0.0 0
-39.872 0.0 0
-39.862 0.0 0
-39.852 0.0 0
-39.842 0.0 0
-39.832 0.0 0
-39.822 0.0 0
-39.812 0.0 0
-39.802 0.0 0
-39.792 0.0 0
-39.782 0.0 0
-39.772 0.0 0
-39.762 0.0 0
-39.752 0.0 0
-39.742 0.0 0
-39.732 0.0 0
-39.722 0.0 0
-39.712 0.0 0
-39.702 0.0 0
-39.692 0.0 0
-39.682 0.0 0
-39.672 0.0 0
-39.662 0.0 0
-39.652 0.0 0
-39.642 0.0 0
-39.632 0.0 0
-39.622 0.0 0
-39.612 0.0 0
-39.602 0.0 0
-39.592 0.0 0
-39.582 0.0 0
-39.572 0.0 0
-39.562 0.0 0
-39.552 0.0 0
-39.542 0.0 0
-39.532 0.0 0
-39.522 0.0 0
-39.512 0.0 0
-39.502 0.0 0
-39.492 0.0 0
-39.482 0.0 0
-39.472 0.0 0
-39.462 0.0 0
-39.452 0.0 0
-39.442 0.0 0
-39.432 0.0 0
-39.422 0.0 0
-39.412 0.0 0
-39.402 0.0 0
-39.392 0.0 0
-39.382 0.0 0
-39.372 0.0 0
-39.362 0.0 0
-39.352 0.0 0
-39.342 0.0 0
-39.332 0.0 0
-39.322 0.0 0
-39.312 0.0 0
-39.302 0.0 0
-39.292 0.0 0
-39.282 0.0 0
-39.272 0.0 0
-39.262 0.0 0
-39.252 0.0 0
-39.242 0.0 0
-39.232 0.0 0
-39.222 0.0 0
-39.212 0.0 0
-39.202 0.0 0
-39.192 0.0 0
-39.182 0.0 0
-39.172 0.0 0
-39.162 0.0 0
-39.152 0.0 0
-39.142 0.0 0
-39.132 0.0 0
-39.122 0.0 0
-39.112 0.0 0
-39.102 0.0 0
-39.092 0.0 0
-39.082 0.0 0
-39.072 0.0 0
-39.062 0.0 0
-39.052 0.0 0
-39.042 0.0 0
-39.032 0.0 0
-39.022 0.0 0
-39.012 0.0 0
-39.002 0.0 0
-38.992 0.0 0
-38.982 0.0 0
-38.972 0.0 0
-38.962 0.0 0
-38.952 0.0 0
-38.942 0.0 0
-38.932 0.0 0
-38.922 0.0 0
-38.912 0.0 0
-38.902 0.0 0
-38.892 0.0 0
-38.882 0.0 0
-38.872 0.0 0
-38.862 0.0 0
-38.852 0.0 0
-38.842 0.0 0
-38.832 0.0 0
-38.822 0.0 0
-38.812 0.0 0
-38.802 0.0 0
-38.792 0.0 0
-38.782 0.0 0
-38.772 0.0 0
-38.762 0.0 0
-38.752 0.0 0
-38.742 0.0 0
-38.732 0.0 0
-38.722 0.0 0
-38.712 0.0 0
-38.702 0.0 0
-38.692 0.0 0
-38.682 0.0 0
-38.672 0.0 0
-38.662 0.0 0
-38.652 0.0 0
-38.642 0.0 0
-38.632 0.0 0
-38.622 0.0 0
-38.612 0.0 0
-38.602 0.0 0
-38.592 0.0 0
-38.582 0.0 0
-38.572 0.0 0
-38.562 0.0 0
-38.552 0.0 0
-38.542 0.0 0
-38.532 0.0 0
-38.522 0.0 0
-38.512 0.0 0
-38.502 0.0 0
-38.492 0.0 0
-38.482 0.0 0
-38.472 0.0 0
-38.462 0.0 0
-38.452 0.0 0
-38.442 0.0 0
-38.432 0.0 0
-38.422 0.0 0
-38.412 0.0 0
-38.402 0.0 0
-38.392 0.0 0
-38.382 0.0 0
-38.372 0.0 0
-38.362 0.0 0
-38.352 0.0 0
-38.342 0.0 0
-38.332 0.0 0
-38.322 0.0 0
-38.312 0.0 0
-38.302 0.0 0
-38.292 0.0 0
-38.282 0.0 0
-38.272 0.0 0
-38.262 0.0 0
-38.252 0.0 0
-38.242 0.0 0
-38.232 0.0 0
-38.222 0.0 0
-38.212 0.0 0
-38.202 0.0 0
-38.192 0.0 0
-38.182 0.0 0
-38.172 0.0 0
-38.162 0.0 0
-38.152 0.0 0
-38.142 0.0 0
-38.132 0.0 0
-38.122 0.0 0
-38.112 0.0 0
-38.102 0.0 0
-38.092 0.0 0
-38.082 0.0 0
-38.072 0.0 0
-38.062 0.0 0
-38.052 0.0 0
-38.042 0.0 0
-38.032 0.0 0
-38.022 0.0 0
-38.012 0.0 0
-38.002 0.0 0
-37.992 0.0 0
-37.982 0.0 0
-37.972 0.0 0
-37.962 0.0 0
-37.952 0.0 0
-37.942 0.0 0
-37.932 0.0 0
-37.922 0.0 0
-37.912 0.0 0
-37.902 0.0 0
-37.892 0.0 0
-37.882 0.0 0
-37.872 0.0 0
-37.862 0.0 0
-37.852 0.0 0
-37.842 0.0 0
-37.832 0.0 0
-37.822 0.0 0
-37.812 0.0 0
-37.802 0.0 0
-37.792 0.0 0
-37.782 0.0 0
-37.772 0.0 0
-37.762 0.0 0
-37.752 0.0 0
-37.742 0.0 0
-37.732 0.0 0
-37.722 0.0 0
-37.712 0.0 0
-37.702 0.0 0
-37.692 0.0 0
-37.682 0.0 0
-37.672 0.0 0
-37.662 0.0 0
-37.652 0.0 0
-37.642 0.0 0
-37.632 0.0 0
-37.622 0.0 0
-37.612 0.0 0
-37.602 0.0 0
-37.592 0.0 0
-37.582 0.0 0
-37.572 0.0 0
-37.562 0.0 0
-37.552 0.0 0
-37.542 0.0 0
-37.532 0.0 0
-37.522 0.0 0
-37.512 0.0 0
-37.502 0.0 0
-37.492 0.0 0
-37.482 0.0 0
-37.472 0.0 0
-37.462 0.0 0
-37.452 0.0 0
-37.442 0.0 0
-37.432 0.0 0
-37.422 0.0 0
-37.412 0.0 0
-37.402 0.0 0
-37.392 0.0 0
-37.382 0.0 0
-37.372 0.0 0
-37.362 0.0 0
-37.352 0.0 0
-37.342 0.0 0
-37.332 0.0 0
-37.322 0.0 0
-37.312 0.0 0
-37.302 0.0 0
-37.292 0.0 0
-37.282 0.0 0
-37.272 0.0 0
-37.262 0.0 0
-37.252 0.0 0
-37.242 0.0 0
-37.232 0.0 0
-37.222 0.0 0
-37.212 0.0 0
-37.202 0.0 0
-37.192 0.0 0
-37.182 0.0 0
-37.172 0.0 0
-37.162 0.0 0
-37.152 0.0 0
-37.142 0.0 0
-37.132 0.0 0
-37.122 0.0 0
-37.112 0.0 0
-37.102 0.0 0
-37.092 0.0 0
-37.082 0.0 0
-37.072 0.0 0
-37.062 0.0 0
-37.052 0.0 0
-37.042 0.0 0
-37.032 0.0 0
-37.022 0.0 0
-37.012 0.0 0
-37.002 0.0 0
-36.992 0.0 0
-36.982 0.0 0
-36.972 0.0 0
-36.962 0.0 0
-36.952 0.0 0
-36.942 0.0 0
-36.932 0.0 0
-36.922 0.0 0
-36.912 0.0 0
-36.902 0.0 0
-36.892 0.0 0
-36.882 0.0 0
-36.872 0.0 0
-36.862 0.0 0
-36.852 0.0 0
-36.842 0.0 0
-36.832 0.0 0
-36.822 0.0 0
-36.812 0.0 0
-36.802 0.0 0
-36.792 0.0 0
-36.782 0.0 0
-36.772 0.0 0
-36.762 0.0 0
-36.752 0.0 0
-36.742 0.0 0
-36.732 0.0 0
-36.722 0.0 0
-36.712 0.0 0
-36.702 0.0 0
-36.692 0.0 0
-36.682 0.0 0
-36.672 0.0 0
-36.662 0.0 0
-36.652 0.0 0
-36.642 0.0 0
-36.632 0.0 0
-36.622 0.0 0
-36.612 0.0 0
-36.602 0.0 0
-36.592 0.0 0
-36.582 0.0 0
-36.572 0.0 0
-36.562 0.0 0
-36.552 0.0 0
-36.542 0.0 0
-36.532 0.0 0
-36.522 0.0 0
-36.512 0.0 0
-36.502 0.0 0
-36.492 0.0 0
-36.482 0.0 0
-36.472 0.0 0
-36.462 0.0 0
-36.452 0.0 0
-36.442 0.0 0
-36.432 0.0 0
-36.422 0.0 0
-36.412 0.0 0
-36.402 0.0 0
-36.392 0.0 0
-36.382 0.0 0
-36.372 0.0 0
-36.362 0.0 0
-36.352 0.0 0
-36.342 0.0 0
-36.332 0.0 0
-36.322 0.0 0
-36.312 0.0 0
-36.302 0.0 0
-36.292 0.0 0
-36.282 0.0 0
-36.272 0.0 0
-36.262 0.0 0
-36.252 0.0 0
-36.242 0.0 0
-36.232 0.0 0
-36.222 0.0 0
-36.212 0.0 0
-36.202 0.0 0
-36.192 0.0 0
-36.182 0.0 0
-36.172 0.0 0
-36.162 0.0 0
-36.152 0.0 0
-36.142 0.0 0
-36.132 0.0 0
-36.122 0.0 0
-36.112 0.0 0
-36.102 0.0 0
-36.092 0.0 0
-36.082 0.0 0
-36.072 0.0 0
-36.062 0.0 0
-36.052 0.0 0
-36.042 0.0 0
-36.032 0.0 0
-36.022 0.0 0
-36.012 0.0 0
-36.002 0.0 0
-35.992 0.0 0
-35.982 0.0 0
-35.972 0.0 0
-35.962 0.0 0
-35.952 0.0 0
-35.942 0.0 0
-35.932 0.0 0
-35.922 0.0 0
-35.912 0.0 0
-35.902 0.0 0
-35.892 0.0 0
-35.882 0.0 0
-35.872 0.0 0
-35.862 0.0 0
-35.852 0.0 0
-35.842 0.0 0
-35.832 0.0 0
-35.822 0.0 0
-35.812 0.0 0
-35.802 0.0 0
-35.792 0.0 0
-35.782 0.0 0
-35.772 0.0 0
-35.762 0.0 0
-35.752 0.0 0
-35.742 0.0 0
-35.732 0.0 0
-35.722 0.0 0
-35.712 0.0 0
-35.702 0.0 0
-35.692 0.0 0
-35.682 0.0 0
-35.672 0.0 0
-35.662 0.0 0
-35.652 0.0 0
-35.642 0.0 0
-35.632 0.0 0
-35.622 0.0 0
-35.612 0.0 0
-35.602 0.0 0
-35.592 0.0 0
-35.582 0.0 0
-35.572 0.0 0
-35.562 0.0 0
-35.552 0.0 0
-35.542 0.0 0
-35.532 0.0 0
-35.522 0.0 0
-35.512 0.0 0
-35.502 0.0 0
-35.492 0.0 0
-35.482 0.0 0
-35.472 0.0 0
-35.462 0.0 0
-35.452 0.0 0
-35.442 0.0 0
-35.432 0.0 0
-35.422 0.0 0
-35.412 0.0 0
-35.402 0.0 0
-35.392 0.0 0
-35.382 0.0 0
-35.372 0.0 0
-35.362 0.0 0
-35.352 0.0 0
-35.342 0.0 0
-35.332 0.0 0
-35.322 0.0 0
-35.312 0.0 0
-35.302 0.0 0
-35.292 0.0 0
-35.282 0.0 0
-35.272 0.0 0
-35.262 0.0 0
-35.252 0.0 0
-35.242 0.0 0
-35.232 0.0 0
-35.222 0.0 0
-35.212 0.0 0
-35.202 0.0 0
-35.192 0.0 0
-35.182 0.0 0
-35.172 0.0 0
-35.162 0.0 0
-35.152 0.0 0
-35.142 0.0 0
-35.132 0.0 0
-35.122 0.0 0
-35.112 0.0 0
-35.102 0.0 0
-35.092 0.0 0
-35.082 0.0 0
-35.072 0.0 0
-35.062 0.0 0
-35.052 0.0 0
-35.042 0.0 0
-35.032 0.0 0
-35.022 0.0 0
-35.012 0.0 0
-35.002 0.0 0
-34.992 0.0 0
-34.982 0.0 0
-34.972 0.0 0
-34.962 0.0 0
-34.952 0.0 0
-34.942 0.0 0
-34.932 0.0 0
-34.922 0.0 0
-34.912 0.0 0
-34.902 0.0 0
-34.892 0.0 0
-34.882 0.0 0
-34.872 0.0 0
-34.862 0.0 0
-34.852 0.0 0
-34.842 0.0 0
-34.832 0.0 0
-34.822 0.0 0
-34.812 0.0 0
-34.802 0.0 0
-34.792 0.0 0
-34.782 0.0 0
-34.772 0.0 0
-34.762 0.0 0
-34.752 0.0 0
-34.742 0.0 0
-34.732 0.0 0
-34.722 0.0 0
-34.712 0.0 0
-34.702 0.0 0
-34.692 0.0 0
-34.682 0.0 0
-34.672 0.0 0
-34.662 0.0 0
-34.652 0.0 0
-34.642 0.0 0
-34.632 0.0 0
-34.622 0.0 0
-34.612 0.0 0
-34.602 0.0 0
-34.592 0.0 0
-34.582 0.0 0
-34.572 0.0 0
-34.562 0.0 0
-34.552 0.0 0
-34.542 0.0 0
-34.532 0.0 0
-34.522 0.0 0
-34.512 0.0 0
-34.502 0.0 0
-34.492 0.0 0
-34.482 0.0 0
-34.472 0.0 0
-34.462 0.0 0
-34.452 0.0 0
-34.442 0.0 0
-34.432 0.0 0
-34.422 0.0 0
-34.412 0.0 0
-34.402 0.0 0
-34.392 0.0 0
-34.382 0.0 0
-34.372 0.0 0
-34.362 0.0 0
-34.352 0.0 0
-34.342 0.0 0
-34.332 0.0 0
-34.322 0.0 0
-34.312 0.0 0
-34.302 0.0 0
-34.292 0.0 0
-34.282 0.0 0
-34.272 0.0 0
-34.262 0.0 0
-34.252 0.0 0
-34.242 0.0 0
-34.232 0.0 0
-34.222 0.0 0
-34.212 0.0 0
-34.202 0.0 0
-34.192 0.0 0
-34.182 0.0 0
-34.172 0.0 0
-34.162 0.0 0
-34.152 0.0 0
-34.142 0.0 0
-34.132 0.0 0
-34.122 0.0 0
-34.112 0.0 0
-34.102 0.0 0
-34.092 0.0 0
-34.082 0.0 0
-34.072 0.0 0
-34.062 0.0 0
-34.052 0.0 0
-34.042 0.0 0
-34.032 0.0 0
-34.022 0.0 0
-34.012 0.0 0
-34.002 0.0 0
-33.992 0.0 0
-33.982 0.0 0
-33.972 0.0 0
-33.962 0.0 0
-33.952 0.0 0
-33.942 0.0 0
-33.932 0.0 0
-33.922 0.0 0
-33.912 0.0 0
-33.902 0.0 0
-33.892 0.0 0
-33.882 0.0 0
-33.872 0.0 0
-33.862 0.0 0
-33.852 0.0 0
-33.842 0.0 0
-33.832 0.0 0
-33.822 0.0 0
-33.812 0.0 0
-33.802 0.0 0
-33.792 0.0 0
-33.782 0.0 0
-33.772 0.0 0
-33.762 0.0 0
-33.752 0.0 0
-33.742 0.0 0
-33.732 0.0 0
-33.722 0.0 0
-33.712 0.0 0
-33.702 0.0 0
-33.692 0.0 0
-33.682 0.0 0
-33.672 0.0 0
-33.662 0.0 0
-33.652 0.0 0
-33.642 0.0 0
-33.632 0.0 0
-33.622 0.0 0
-33.612 0.0 0
-33.602 0.0 0
-33.592 0.0 0
-33.582 0.0 0
-33.572 0.0 0
-33.562 0.0 0
-33.552 0.0 0
-33.542 0.0 0
-33.532 0.0 0
-33.522 0.0 0
-33.512 0.0 0
-33.502 0.0 0
-33.492 0.0 0
-33.482 0.0 0
-33.472 0.0 0
-33.462 0.0 0
-33.452 0.0 0
-33.442 0.0 0
-33.432 0.0 0
-33.422 0.0 0
-33.412 0.0 0
-33.402 0.0 0
-33.392 0.0 0
-33.382 0.0 0
-33.372 0.0 0
-33.362 0.0 0
-33.352 0.0 0
-33.342 0.0 0
-33.332 0.0 0
-33.322 0.0 0
-33.312 0.0 0
-33.302 0.0 0
-33.292 0.0 0
-33.282 0.0 0
-33.272 0.0 0
-33.262 0.0 0
-33.252 0.0 0
-33.242 0.0 0
-33.232 0.0 0
-33.222 0.0 0
-33.212 0.0 0
-33.202 0.0 0
-33.192 0.0 0
-33.182 0.0 0
-33.172 0.0 0
-33.162 0.0 0
-33.152 0.0 0
-33.142 0.0 0
-33.132 0.0 0
-33.122 0.0 0
-33.112 0.0 0
-33.102 0.0 0
-33.092 0.0 0
-33.082 0.0 0
-33.072 0.0 0
-33.062 0.0 0
-33.052 0.0 0
-33.042 0.0 0
-33.032 0.0 0
-33.022 0.0 0
-33.012 0.0 0
-33.002 0.0 0
-32.992 0.0 0
-32.982 0.0 0
-32.972 0.0 0
-32.962 0.0 0
-32.952 0.0 0
-32.942 0.0 0
-32.932 0.0 0
-32.922 0.0 0
-32.912 0.0 0
-32.902 0.0 0
-32.892 0.0 0
-32.882 0.0 0
-32.872 0.0 0
-32.862 0.0 0
-32.852 0.0 0
-32.842 0.0 0
-32.832 0.0 0
-32.822 0.0 0
-32.812 0.0 0
-32.802 0.0 0
-32.792 0.0 0
-32.782 0.0 0
-32.772 0.0 0
-32.762 0.0 0
-32.752 0.0 0
-32.742 0.0 0
-32.732 0.0 0
-32.722 0.0 0
-32.712 0.0 0
-32.702 0.0 0
-32.692 0.0 0
-32.682 0.0 0
-32.672 0.0 0
-32.662 0.0 0
-32.652 0.0 0
-32.642 0.0 0
-32.632 0.0 0
-32.622 0.0 0
-32.612 0.0 0
-32.602 0.0 0
-32.592 0.0 0
-32.582 0.0 0
-32.572 0.0 0
-32.562 0.0 0
-32.552 0.0 0
-32.542 0.0 0
-32.532 0.0 0
-32.522 0.0 0
-32.512 0.0 0
-32.502 0.0 0
-32.492 0.0 0
-32.482 0.0 0
-32.472 0.0 0
-32.462 0.0 0
-32.452 0.0 0
-32.442 0.0 0
-32.432 0.0 0
-32.422 0.0 0
-32.412 0.0 0
-32.402 0.0 0
-32.392 0.0 0
-32.382 0.0 0
-32.372 0.0 0
-32.362 0.0 0
-32.352 0.0 0
-32.342 0.0 0
-32.332 0.0 0
-32.322 0.0 0
-32.312 0.0 0
-32.302 0.0 0
-32.292 0.0 0
-32.282 0.0 0
-32.272 0.0 0
-32.262 0.0 0
-32.252 0.0 0
-32.242 0.0 0
-32.232 0.0 0
-32.222 0.0 0
-32.212 0.0 0
-32.202 0.0 0
-32.192 0.0 0
-32.182 0.0 0
-32.172 0.0 0
-32.162 0.0 0
-32.152 0.0 0
-32.142 0.0 0
-32.132 0.0 0
-32.122 0.0 0
-32.112 0.0 0
-32.102 0.0 0
-32.092 0.0 0
-32.082 0.0 0
-32.072 0.0 0
-32.062 0.0 0
-32.052 0.0 0
-32.042 0.0 0
-32.032 0.0 0
-32.022 0.0 0
-32.012 0.0 0
-32.002 0.0 0
-31.992 0.0 0
-31.982 0.0 0
-31.972 0.0 0
-31.962 0.0 0
-31.952 0.0 0
-31.942 0.0 0
-31.932 0.0 0
-31.922 0.0 0
-31.912 0.0 0
-31.902 0.0 0
-31.892 0.0 0
-31.882 0.0 0
-31.872 0.0 0
-31.862 0.0 0
-31.852 0.0 0
-31.842 0.0 0
-31.832 0.0 0
-31.822 0.0 0
-31.812 0.0 0
-31.802 0.0 0
-31.792 0.0 0
-31.782 0.0 0
-31.772 0.0 0
-31.762 0.0 0
-31.752 0.0 0
-31.742 0.0 0
-31.732 0.0 0
-31.722 0.0 0
-31.712 0.0 0
-31.702 0.0 0
-31.692 0.0 0
-31.682 0.0 0
-31.672 0.0 0
-31.662 0.0 0
-31.652 0.0 0
-31.642 0.0 0
-31.632 0.0 0
-31.622 0.0 0
-31.612 0.0 0
-31.602 0.0 0
-31.592 0.0 0
-31.582 0.0 0
-31.572 0.0 0
-31.562 0.0 0
-31.552 0.0 0
-31.542 0.0 0
-31.532 0.0 0
-31.522 0.0 0
-31.512 0.0 0
-31.502 0.0 0
-31.492 0.0 0
-31.482 0.0 0
-31.472 0.0 0
-31.462 0.0 0
-31.452 0.0 0
-31.442 0.0 0
-31.432 0.0 0
-31.422 0.0 0
-31.412 0.0 0
-31.402 0.0 0
-31.392 0.0 0
-31.382 0.0 0
-31.372 0.0 0
-31.362 0.0 0
-31.352 0.0 0
-31.342 0.0 0
-31.332 0.0 0
-31.322 0.0 0
-31.312 0.0 0
-31.302 0.0 0
-31.292 0.0 0
-31.282 0.0 0
-31.272 0.0 0
-31.262 0.0 0
-31.252 0.0 0
-31.242 0.0 0
-31.232 0.0 0
-31.222 0.0 0
-31.212 0.0 0
-31.202 0.0 0
-31.192 0.0 0
-31.182 0.0 0
-31.172 0.0 0
-31.162 0.0 0
-31.152 0.0 0
-31.142 0.0 0
-31.132 0.0 0
-31.122 0.0 0
-31.112 0.0 0
-31.102 0.0 0
-31.092 0.0 0
-31.082 0.0 0
-31.072 0.0 0
-31.062 0.0 0
-31.052 0.0 0
-31.042 0.0 0
-31.032 0.0 0
-31.022 0.0 0
-31.012 0.0 0
-31.002 0.0 0
-30.992 0.0 0
-30.982 0.0 0
-30.972 0.0 0
-30.962 0.0 0
-30.952 0.0 0
-30.942 0.0 0
-30.932 0.0 0
-30.922 0.0 0
-30.912 0.0 0
-30.902 0.0 0
-30.892 0.0 0
-30.882 0.0 0
-30.872 0.0 0
-30.862 0.0 0
-30.852 0.0 0
-30.842 0.0 0
-30.832 0.0 0
-30.822 0.0 0
-30.812 0.0 0
-30.802 0.0 0
-30.792 0.0 0
-30.782 0.0 0
-30.772 0.0 0
-30.762 0.0 0
-30.752 0.0 0
-30.742 0.0 0
-30.732 0.0 0
-30.722 0.0 0
-30.712 0.0 0
-30.702 0.0 0
-30.692 0.0 0
-30.682 0.0 0
-30.672 0.0 0
-30.662 0.0 0
-30.652 0.0 0
-30.642 0.0 0
-30.632 0.0 0
-30.622 0.0 0
-30.612 0.0 0
-30.602 0.0 0
-30.592 0.0 0
-30.582 0.0 0
-30.572 0.0 0
-30.562 0.0 0
-30.552 0.0 0
-30.542 0.0 0
-30.532 0.0 0
-30.522 0.0 0
-30.512 0.0 0
-30.502 0.0 0
-30.492 0.0 0
-30.482 0.0 0
-30.472 0.0 0
-30.462 0.0 0
-30.452 0.0 0
-30.442 0.0 0
-30.432 0.0 0
-30.422 0.0 0
-30.412 0.0 0
-30.402 0.0 0
-30.392 0.0 0
-30.382 0.0 0
-30.372 0.0 0
-30.362 0.0 0
-30.352 0.0 0
-30.342 0.0 0
-30.332 0.0 0
-30.322 0.0 0
-30.312 0.0 0
-30.302 0.0 0
-30.292 0.0 0
-30.282 0.0 0
-30.272 0.0 0
-30.262 0.0 0
-30.252 0.0 0
-30.242 0.0 0
-30.232 0.0 0
-30.222 0.0 0
-30.212 0.0 0
-30.202 0.0 0
-30.192 0.0 0
-30.182 0.0 0
-30.172 0.0 0
-30.162 0.0 0
-30.152 0.0 0
-30.142 0.0 0
-30.132 0.0 0
-30.122 0.0 0
-30.112 0.0 0
-30.102 0.0 0
-30.092 0.0 0
-30.082 0.0 0
-30.072 0.0 0
-30.062 0.0 0
-30.052 0.0 0
-30.042 0.0 0
-30.032 0.0 0
-30.022 0.0 0
-30.012 0.0 0
-30.002 0.0 0
-29.992 0.0 0
-29.982 0.0 0
-29.972 0.0 0
-29.962 0.0 0
-29.952 0.0 0
-29.942 0.0 0
-29.932 0.0 0
-29.922 0.0 0
-29.912 0.0 0
-29.902 0.0 0
-29.892 0.0 0
-29.882 0.0 0
-29.872 0.0 0
-29.862 0.0 0
-29.852 0.0 0
-29.842 0.0 0
-29.832 0.0 0
-29.822 0.0 0
-29.812 0.0 0
-29.802 0.0 0
-29.792 0.0 0
-29.782 0.0 0
-29.772 0.0 0
-29.762 0.0 0
-29.752 0.0 0
-29.742 0.0 0
-29.732 0.0 0
-29.722 0.0 0
-29.712 0.0 0
-29.702 0.0 0
-29.692 0.0 0
-29.682 0.0 0
-29.672 0.0 0
-29.662 0.0 0
-29.652 0.0 0
-29.642 0.0 0
-29.632 0.0 0
-29.622 0.0 0
-29.612 0.0 0
-29.602 0.0 0
-29.592 0.0 0
-29.582 0.0 0
-29.572 0.0 0
-29.562 0.0 0
-29.552 0.0 0
-29.542 0.0 0
-29.532 0.0 0
-29.522 0.0 0
-29.512 0.0 0
-29.502 0.0 0
-29.492 0.0 0
-29.482 0.0 0
-29.472 0.0 0
-29.462 0.0 0
-29.452 0.0 0
-29.442 0.0 0
-29.432 0.0 0
-29.422 0.0 0
-29.412 0.0 0
-29.402 0.0 0
-29.392 0.0 0
-29.382 0.0 0
-29.372 0.0 0
-29.362 0.0 0
-29.352 0.0 0
-29.342 0.0 0
-29.332 0.0 0
-29.322 0.0 0
-29.312 0.0 0
-29.302 0.0 0
-29.292 0.0 0
-29.282 0.0 0
-29.272 0.0 0
-29.262 0.0 0
-29.252 0.0 0
-29.242 0.0 0
-29.232 0.0 0
-29.222 0.0 0
-29.212 0.0 0
-29.202 0.0 0
-29.192 0.0 0
-29.182 0.0 0
-29.172 0.0 0
-29.162 0.0 0
-29.152 0.0 0
-29.142 0.0 0
-29.132 0.0 0
-29.122 0.0 0
-29.112 0.0 0
-29.102 0.0 0
-29.092 0.0 0
-29.082 0.0 0
-29.072 0.0 0
-29.062 0.0 0
-29.052 0.0 0
-29.042 0.0 0
-29.032 0.0 0
-29.022 0.0 0
-29.012 0.0 0
-29.002 0.0 0
-28.992 0.0 0
-28.982 0.0 0
-28.972 0.0 0
-28.962 0.0 0
-28.952 0.0 0
-28.942 0.0 0
-28.932 0.0 0
-28.922 0.0 0
-28.912 0.0 0
-28.902 0.0 0
-28.892 0.0 0
-28.882 0.0 0
-28.872 0.0 0
-28.862 0.0 0
-28.852 0.0 0
-28.842 0.0 0
-28.832 0.0 0
-28.822 0.0 0
-28.812 0.0 0
-28.802 0.0 0
-28.792 0.0 0
-28.782 0.0 0
-28.772 0.0 0
-28.762 0.0 0
-28.752 0.0 0
-28.742 0.0 0
-28.732 0.0 0
-28.722 0.0 0
-28.712 0.0 0
-28.702 0.0 0
-28.692 0.0 0
-28.682 0.0 0
-28.672 0.0 0
-28.662 0.0 0
-28.652 0.0 0
-28.642 0.0 0
-28.632 0.0 0
-28.622 0.0 0
-28.612 0.0 0
-28.602 0.0 0
-28.592 0.0 0
-28.582 0.0 0
-28.572 0.0 0
-28.562 0.0 0
-28.552 0.0 0
-28.542 0.0 0
-28.532 0.0 0
-28.522 0.0 0
-28.512 0.0 0
-28.502 0.0 0
-28.492 0.0 0
-28.482 0.0 0
-28.472 0.0 0
-28.462 0.0 0
-28.452 0.0 0
-28.442 0.0 0
-28.432 0.0 0
-28.422 0.0 0
-28.412 0.0 0
-28.402 0.0 0
-28.392 0.0 0
-28.382 0.0 0
-28.372 0.0 0
-28.362 0.0 0
-28.352 0.0 0
-28.342 0.0 0
-28.332 0.0 0
-28.322 0.0 0
-28.312 0.0 0
-28.302 0.0 0
-28.292 0.0 0
-28.282 0.0 0
-28.272 0.0 0
-28.262 0.0 0
-28.252 0.0 0
-28.242 0.0 0
-28.232 0.0 0
-28.222 0.0 0
-28.212 0.0 0
-28.202 0.0 0
-28.192 0.0 0
-28.182 0.0 0
-28.172 0.0 0
-28.162 0.0 0
-28.152 0.0 0
-28.142 0.0 0
-28.132 0.0 0
-28.122 0.0 0
-28.112 0.0 0
-28.102 0.0 0
-28.092 0.0 0
-28.082 0.0 0
-28.072 0.0 0
-28.062 0.0 0
-28.052 0.0 0
-28.042 0.0 0
-28.032 0.0 0
-28.022 0.0 0
-28.012 0.0 0
-28.002 0.0 0
-27.992 0.0 0
-27.982 0.0 0
-27.972 0.0 0
-27.962 0.0 0
-27.952 0.0 0
-27.942 0.0 0
-27.932 0.0 0
-27.922 0.0 0
-27.912 0.0 0
-27.902 0.0 0
-27.892 0.0 0
-27.882 0.0 0
-27.872 0.0 0
-27.862 0.0 0
-27.852 0.0 0
-27.842 0.0 0
-27.832 0.0 0
-27.822 0.0 0
-27.812 0.0 0
-27.802 0.0 0
-27.792 0.0 0
-27.782 0.0 0
-27.772 0.0 0
-27.762 0.0 0
-27.752 0.0 0
-27.742 0.0 0
-27.732 0.0 0
-27.722 0.0 0
-27.712 0.0 0
-27.702 0.0 0
-27.692 0.0 0
-27.682 0.0 0
-27.672 0.0 0
-27.662 0.0 0
-27.652 0.0 0
-27.642 0.0 0
-27.632 0.0 0
-27.622 0.0 0
-27.612 0.0 0
-27.602 0.0 0
-27.592 0.0 0
-27.582 0.0 0
-27.572 0.0 0
-27.562 0.0 0
-27.552 0.0 0
-27.542 0.0 0
-27.532 0.0 0
-27.522 0.0 0
-27.512 0.0 0
-27.502 0.0 0
-27.492 0.0 0
-27.482 0.0 0
-27.472 0.0 0
-27.462 0.0 0
-27.452 0.0 0
-27.442 0.0 0
-27.432 0.0 0
-27.422 0.0 0
-27.412 0.0 0
-27.402 0.0 0
-27.392 0.0 0
-27.382 0.0 0
-27.372 0.0 0
-27.362 0.0 0
-27.352 0.0 0
-27.342 0.0 0
-27.332 0.0 0
-27.322 0.0 0
-27.312 0.0 0
-27.302 0.0 0
-27.292 0.0 0
-27.282 0.0 0
-27.272 0.0 0
-27.262 0.0 0
-27.252 0.0 0
-27.242 0.0 0
-27.232 0.0 0
-27.222 0.0 0
-27.212 0.0 0
-27.202 0.0 0
-27.192 0.0 0
-27.182 0.0 0
-27.172 0.0 0
-27.162 0.0 0
-27.152 0.0 0
-27.142 0.0 0
-27.132 0.0 0
-27.122 0.0 0
-27.112 0.0 0
-27.102 0.0 0
-27.092 0.0 0
-27.082 0.0 0
-27.072 0.0 0
-27.062 0.0 0
-27.052 0.0 0
-27.042 0.0 0
-27.032 0.0 0
-27.022 0.0 0
-27.012 0.0 0
-27.002 0.0 0
-26.992 0.0 0
-26.982 0.0 0
-26.972 0.0 0
-26.962 0.0 0
-26.952 0.0 0
-26.942 0.0 0
-26.932 0.0 0
-26.922 0.0 0
-26.912 0.0 0
-26.902 0.0 0
-26.892 0.0 0
-26.882 0.0 0
-26.872 0.0 0
-26.862 0.0 0
-26.852 0.0 0
-26.842 0.0 0
-26.832 0.0 0
-26.822 0.0 0
-26.812 0.0 0
-26.802 0.0 0
-26.792 0.0 0
-26.782 0.0 0
-26.772 0.0 0
-26.762 0.0 0
-26.752 0.0 0
-26.742 0.0 0
-26.732 0.0 0
-26.722 0.0 0
-26.712 0.0 0
-26.702 0.0 0
-26.692 0.0 0
-26.682 0.0 0
-26.672 0.0 0
-26.662 0.0 0
-26.652 0.0 0
-26.642 0.0 0
-26.632 0.0 0
-26.622 0.0 0
-26.612 0.0 0
-26.602 0.0 0
-26.592 0.0 0
-26.582 0.0 0
-26.572 0.0 0
-26.562 0.0 0
-26.552 0.0 0
-26.542 0.0 0
-26.532 0.0 0
-26.522 0.0 0
-26.512 0.0 0
-26.502 0.0 0
-26.492 0.0 0
-26.482 0.0 0
-26.472 0.0 0
-26.462 0.0 0
-26.452 0.0 0
-26.442 0.0 0
-26.432 0.0 0
-26.422 0.0 0
-26.412 0.0 0
-26.402 0.0 0
-26.392 0.0 0
-26.382 0.0 0
-26.372 0.0 0
-26.362 0.0 0
-26.352 0.0 0
-26.342 0.0 0
-26.332 0.0 0
-26.322 0.0 0
-26.312 0.0 0
-26.302 0.0 0
-26.292 0.0 0
-26.282 0.0 0
-26.272 0.0 0
-26.262 0.0 0
-26.252 0.0 0
-26.242 0.0 0
-26.232 0.0 0
-26.222 0.0 0
-26.212 0.0 0
-26.202 0.0 0
-26.192 0.0 0
-26.182 0.0 0
-26.172 0.0 0
-26.162 0.0 0
-26.152 0.0 0
-26.142 0.0 0
-26.132 0.0 0
-26.122 0.0 0
-26.112 0.0 0
-26.102 0.0 0
-26.092 0.0 0
-26.082 0.0 0
-26.072 0.0 0
-26.062 0.0 0
-26.052 0.0 0
-26.042 0.0 0
-26.032 0.0 0
-26.022 0.0 0
-26.012 0.0 0
-26.002 0.0 0
-25.992 0.0 0
-25.982 0.0 0
-25.972 0.0 0
-25.962 0.0 0
-25.952 0.0 0
-25.942 0.0 0
-25.932 0.0 0
-25.922 0.0 0
-25.912 0.0 0
-25.902 0.0 0
-25.892 0.0 0
-25.882 0.0 0
-25.872 0.0 0
-25.862 0.0 0
-25.852 0.0 0
-25.842 0.0 0
-25.832 0.0 0
-25.822 0.0 0
-25.812 0.0 0
-25.802 0.0 0
-25.792 0.0 0
-25.782 0.0 0
-25.772 0.0 0
-25.762 0.0 0
-25.752 0.0 0
-25.742 0.0 0
-25.732 0.0 0
-25.722 0.0 0
-25.712 0.0 0
-25.702 0.0 0
-25.692 0.0 0
-25.682 0.0 0
-25.672 0.0 0
-25.662 0.0 0
-25.652 0.0 0
-25.642 0.0 0
-25.632 0.0 0
-25.622 0.0 0
-25.612 0.0 0
-25.602 0.0 0
-25.592 0.0 0
-25.582 0.0 0
-25.572 0.0 0
-25.562 0.0 0
-25.552 0.0 0
-25.542 0.0 0
-25.532 0.0 0
-25.522 0.0 0
-25.512 0.0 0
-25.502 0.0 0
-25.492 0.0 0
-25.482 0.0 0
-25.472 0.0 0
-25.462 0.0 0
-25.452 0.0 0
-25.442 0.0 0
-25.432 0.0 0
-25.422 0.0 0
-25.412 0.0 0
-25.402 0.0 0
-25.392 0.0 0
-25.382 0.0 0
-25.372 0.0 0
-25.362 0.0 0
-25.352 0.0 0
-25.342 0.0 0
-25.332 0.0 0
-25.322 0.0 0
-25.312 0.0 0
-25.302 0.0 0
-25.292 0.0 0
-25.282 0.0 0
-25.272 0.0 0
-25.262 0.0 0
-25.252 0.0 0
-25.242 0.0 0
-25.232 0.0 0
-25.222 0.0 0
-25.212 0.0 0
-25.202 0.0 0
-25.192 0.0 0
-25.182 0.0 0
-25.172 0.0 0
-25.162 0.0 0
-25.152 0.0 0
-25.142 0.0 0
-25.132 0.0 0
-25.122 0.0 0
-25.112 0.0 0
-25.102 0.0 0
-25.092 0.0 0
-25.082 0.0 0
-25.072 0.0 0
-25.062 0.0 0
-25.052 0.0 0
-25.042 0.0 0
-25.032 0.0 0
-25.022 0.0 0
-25.012 0.0 0
-25.002 0.0 0
-24.992 0.0 0
-24.982 0.0 0
-24.972 0.0 0
-24.962 0.0 0
-24.952 0.0 0
-24.942 0.0 0
-24.932 0.0 0
-24.922 0.0 0
-24.912 0.0 0
-24.902 0.0 0
-24.892 0.0 0
-24.882 0.0 0
-24.872 0.0 0
-24.862 0.0 0
-24.852 0.0 0
-24.842 0.0 0
-24.832 0.0 0
-24.822 0.0 0
-24.812 0.0 0
-24.802 0.0 0
-24.792 0.0 0
-24.782 0.0 0
-24.772 0.0 0
-24.762 0.0 0
-24.752 0.0 0
-24.742 0.0 0
-24.732 0.0 0
-24.722 0.0 0
-24.712 0.0 0
-24.702 0.0 0
-24.692 0.0 0
-24.682 0.0 0
-24.672 0.0 0
-24.662 0.0 0
-24.652 0.0 0
-24.642 0.0 0
-24.632 0.0 0
-24.622 0.0 0
-24.612 0.0 0
-24.602 0.0 0
-24.592 0.0 0
-24.582 0.0 0
-24.572 0.0 0
-24.562 0.0 0
-24.552 0.0 0
-24.542 0.0 0
-24.532 0.0 0
-24.522 0.0 0
-24.512 0.0 0
-24.502 0.0 0
-24.492 0.0 0
-24.482 0.0 0
-24.472 0.0 0
-24.462 0.0 0
-24.452 0.0 0
-24.442 0.0 0
-24.432 0.0 0
-24.422 0.0 0
-24.412 0.0 0
-24.402 0.0 0
-24.392 0.0 0
-24.382 0.0 0
-24.372 0.0 0
-24.362 0.0 0
-24.352 0.0 0
-24.342 0.0 0
-24.332 0.0 0
-24.322 0.0 0
-24.312 0.0 0
-24.302 0.0 0
-24.292 0.0 0
-24.282 0.0 0
-24.272 0.0 0
-24.262 0.0 0
-24.252 0.0 0
-24.242 0.0 0
-24.232 0.0 0
-24.222 0.0 0
-24.212 0.0 0
-24.202 0.0 0
-24.192 0.0 0
-24.182 0.0 0
-24.172 0.0 0
-24.162 0.0 0
-24.152 0.0 0
-24.142 0.0 0
-24.132 0.0 0
-24.122 0.0 0
-24.112 0.0 0
-24.102 0.0 0
-24.092 0.0 0
-24.082 0.0 0
-24.072 0.0 0
-24.062 0.0 0
-24.052 0.0 0
-24.042 0.0 0
-24.032 0.0 0
-24.022 0.0 0
-24.012 0.0 0
-24.002 0.0 0
-23.992 0.0 0
-23.982 0.0 0
-23.972 0.0 0
-23.962 0.0 0
-23.952 0.0 0
-23.942 0.0 0
-23.932 0.0 0
-23.922 0.0 0
-23.912 0.0 0
-23.902 0.0 0
-23.892 0.0 0
-23.882 0.0 0
-23.872 0.0 0
-23.862 0.0 0
-23.852 0.0 0
-23.842 0.0 0
-23.832 0.0 0
-23.822 0.0 0
-23.812 0.0 0
-23.802 0.0 0
-23.792 0.0 0
-23.782 0.0 0
-23.772 0.0 0
-23.762 0.0 0
-23.752 0.0 0
-23.742 0.0 0
-23.732 0.0 0
-23.722 0.0 0
-23.712 0.0 0
-23.702 0.0 0
-23.692 0.0 0
-23.682 0.0 0
-23.672 0.0 0
-23.662 0.0 0
-23.652 0.0 0
-23.642 0.0 0
-23.632 0.0 0
-23.622 0.0 0
-23.612 0.0 0
-23.602 0.0 0
-23.592 0.0 0
-23.582 0.0 0
-23.572 0.0 0
-23.562 0.0 0
-23.552 0.0 0
-23.542 0.0 0
-23.532 0.0 0
-23.522 0.0 0
-23.512 0.0 0
-23.502 0.0 0
-23.492 0.0 0
-23.482 0.0 0
-23.472 0.0 0
-23.462 0.0 0
-23.452 0.0 0
-23.442 0.0 0
-23.432 0.0 0
-23.422 0.0 0
-23.412 0.0 0
-23.402 0.0 0
-23.392 0.0 0
-23.382 0.0 0
-23.372 0.0 0
-23.362 0.0 0
-23.352 0.0 0
-23.342 0.0 0
-23.332 0.0 0
-23.322 0.0 0
-23.312 0.0 0
-23.302 0.0 0
-23.292 0.0 0
-23.282 0.0 0
-23.272 0.0 0
-23.262 0.0 0
-23.252 0.0 0
-23.242 0.0 0
-23.232 0.0 0
-23.222 0.0 0
-23.212 0.0 0
-23.202 0.0 0
-23.192 0.0 0
-23.182 0.0 0
-23.172 0.0 0
-23.162 0.0 0
-23.152 0.0 0
-23.142 0.0 0
-23.132 0.0 0
-23.122 0.0 0
-23.112 0.0 0
-23.102 0.0 0
-23.092 0.0 0
-23.082 0.0 0
-23.072 0.0 0
-23.062 0.0 0
-23.052 0.0 0
-23.042 0.0 0
-23.032 0.0 0
-23.022 0.0 0
-23.012 0.0 0
-23.002 0.0 0
-22.992 0.0 0
-22.982 0.0 0
-22.972 0.0 0
-22.962 0.0 0
-22.952 0.0 0
-22.942 0.0 0
-22.932 0.0 0
-22.922 0.0 0
-22.912 0.0 0
-22.902 0.0 0
-22.892 0.0 0
-22.882 0.0 0
-22.872 0.0 0
-22.862 0.0 0
-22.852 0.0 0
-22.842 0.0 0
-22.832 0.0 0
-22.822 0.0 0
-22.812 0.0 0
-22.802 0.0 0
-22.792 0.0 0
-22.782 0.0 0
-22.772 0.0 0
-22.762 0.0 0
-22.752 0.0 0
-22.742 0.0 0
-22.732 0.0 0
-22.722 0.0 0
-22.712 0.0 0
-22.702 0.0 0
-22.692 0.0 0
-22.682 0.0 0
-22.672 0.0 0
-22.662 0.0 0
-22.652 0.0 0
-22.642 0.0 0
-22.632 0.0 0
-22.622 0.0 0
-22.612 0.0 0
-22.602 0.0 0
-22.592 0.0 0
-22.582 0.0 0
-22.572 0.0 0
-22.562 0.0 0
-22.552 0.0 0
-22.542 0.0 0
-22.532 0.0 0
-22.522 0.0 0
-22.512 0.0 0
-22.502 0.0 0
-22.492 0.0 0
-22.482 0.0 0
-22.472 0.0 0
-22.462 0.0 0
-22.452 0.0 0
-22.442 0.0 0
-22.432 0.0 0
-22.422 0.0 0
-22.412 0.0 0
-22.402 0.0 0
-22.392 0.0 0
-22.382 0.0 0
-22.372 0.0 0
-22.362 0.0 0
-22.352 0.0 0
-22.342 0.0 0
-22.332 0.0 0
-22.322 0.0 0
-22.312 0.0 0
-22.302 0.0 0
-22.292 0.0 0
-22.282 0.0 0
-22.272 0.0 0
-22.262 0.0 0
-22.252 0.0 0
-22.242 0.0 0
-22.232 0.0 0
-22.222 0.0 0
-22.212 0.0 0
-22.202 0.0 0
-22.192 0.0 0
-22.182 0.0 0
-22.172 0.0 0
-22.162 0.0 0
-22.152 0.0 0
-22.142 0.0 0
-22.132 0.0 0
-22.122 0.0 0
-22.112 0.0 0
-22.102 0.0 0
-22.092 0.0 0
-22.082 0.0 0
-22.072 0.0 0
-22.062 0.0 0
-22.052 0.0 0
-22.042 0.0 0
-22.032 0.0 0
-22.022 0.0 0
-22.012 0.0 0
-22.002 0.0 0
-21.992 0.0 0
-21.982 0.0 0
-21.972 0.0 0
-21.962 0.0 0
-21.952 0.0 0
-21.942 0.0 0
-21.932 0.0 0
-21.922 0.0 0
-21.912 0.0 0
-21.902 0.0 0
-21.892 0.0 0
-21.882 0.0 0
-21.872 0.0 0
-21.862 0.0 0
-21.852 0.0 0
-21.842 0.0 0
-21.832 0.0 0
-21.822 0.0 0
-21.812 0.0 0
-21.802 0.0 0
-21.792 0.0 0
-21.782 0.0 0
-21.772 0.0 0
-21.762 0.0 0
-21.752 0.0 0
-21.742 0.0 0
-21.732 0.0 0
-21.722 0.0 0
-21.712 0.0 0
-21.702 0.0 0
-21.692 0.0 0
-21.682 0.0 0
-21.672 0.0 0
-21.662 0.0 0
-21.652 0.0 0
-21.642 0.0 0
-21.632 0.0 0
-21.622 0.0 0
-21.612 0.0 0
-21.602 0.0 0
-21.592 0.0 0
-21.582 0.0 0
-21.572 0.0 0
-21.562 0.0 0
-21.552 0.0 0
-21.542 0.0 0
-21.532 0.0 0
-21.522 0.0 0
-21.512 0.0 0
-21.502 0.0 0
-21.492 0.0 0
-21.482 0.0 0
-21.472 0.0 0
-21.462 0.0 0
-21.452 0.0 0
-21.442 0.0 0
-21.432 0.0 0
-21.422 0.0 0
-21.412 0.0 0
-21.402 0.0 0
-21.392 0.0 0
-21.382 0.0 0
-21.372 0.0 0
-21.362 0.0 0
-21.352 0.0 0
-21.342 0.0 0
-21.332 0.0 0
-21.322 0.0 0
-21.312 0.0 0
-21.302 0.0 0
-21.292 0.0 0
-21.282 0.0 0
-21.272 0.0 0
-21.262 0.0 0
-21.252 0.0 0
-21.242 0.0 0
-21.232 0.0 0
-21.222 0.0 0
-21.212 0.0 0
-21.202 0.0 0
-21.192 0.0 0
-21.182 0.0 0
-21.172 0.0 0
-21.162 0.0 0
-21.152 0.0 0
-21.142 0.0 0
-21.132 0.0 0
-21.122 0.0 0
-21.112 0.0 0
-21.102 0.0 0
-21.092 0.0 0
-21.082 0.0 0
-21.072 0.0 0
-21.062 0.0 0
-21.052 0.0 0
-21.042 0.0 0
-21.032 0.0 0
-21.022 0.0 0
-21.012 0.0 0
-21.002 0.0 0
-20.992 0.0 0
-20.982 0.0 0
-20.972 0.0 0
-20.962 0.0 0
-20.952 0.0 0
-20.942 0.0 0
-20.932 0.0 0
-20.922 0.0 0
-20.912 0.0 0
-20.902 0.0 0
-20.892 0.0 0
-20.882 0.0 0
-20.872 0.0 0
-20.862 0.0 0
-20.852 0.0 0
-20.842 0.0 0
-20.832 0.0 0
-20.822 0.0 0
-20.812 0.0 0
-20.802 0.0 0
-20.792 0.0 0
-20.782 0.0 0
-20.772 0.0 0
-20.762 0.0 0
-20.752 0.0 0
-20.742 0.0 0
-20.732 0.0 0
-20.722 0.0 0
-20.712 0.0 0
-20.702 0.0 0
-20.692 0.0 0
-20.682 0.0 0
-20.672 0.0 0
-20.662 0.0 0
-20.652 0.0 0
-20.642 0.0 0
-20.632 0.0 0
-20.622 0.0 0
-20.612 0.0 0
-20.602 0.0 0
-20.592 0.0 0
-20.582 0.0 0
-20.572 0.0 0
-20.562 0.0 0
-20.552 0.0 0
-20.542 0.0 0
-20.532 0.0 0
-20.522 0.0 0
-20.512 0.0 0
-20.502 0.0 0
-20.492 0.0 0
-20.482 0.0 0
-20.472 0.0 0
-20.462 0.0 0
-20.452 0.0 0
-20.442 0.0 0
-20.432 0.0 0
-20.422 0.0 0
-20.412 0.0 0
-20.402 0.0 0
-20.392 0.0 0
-20.382 0.0 0
-20.372 0.0 0
-20.362 0.0 0
-20.352 0.0 0
-20.342 0.0 0
-20.332 0.0 0
-20.322 0.0 0
-20.312 0.0 0
-20.302 0.0 0
-20.292 0.0 0
-20.282 0.0 0
-20.272 0.0 0
-20.262 0.0 0
-20.252 0.0 0
-20.242 0.0 0
-20.232 0.0 0
-20.222 0.0 0
-20.212 0.0 0
-20.202 0.0 0
-20.192 0.0 0
-20.182 0.0 0
-20.172 0.0 0
-20.162 0.0 0
-20.152 0.0 0
-20.142 0.0 0
-20.132 0.0 0
-20.122 0.0 0
-20.112 0.0 0
-20.102 0.0 0
-20.092 0.0 0
-20.082 0.0 0
-20.072 0.0 0
-20.062 0.0 0
-20.052 0.0 0
-20.042 0.0 0
-20.032 0.0 0
-20.022 0.0 0
-20.012 0.0 0
-20.002 0.0 0
-19.992 0.0 0
-19.982 0.0 0
-19.972 0.0 0
-19.962 0.0 0
-19.952 0.0 0
-19.942 0.0 0
-19.932 0.0 0
-19.922 0.0 0
-19.912 0.0 0
-19.902 0.0 0
-19.892 0.0 0
-19.882 0.0 0
-19.872 0.0 0
-19.862 0.0 0
-19.852 0.0 0
-19.842 0.0 0
-19.832 0.0 0
-19.822 0.0 0
-19.812 0.0 0
-19.802 0.0 0
-19.792 0.0 0
-19.782 0.0 0
-19.772 0.0 0
-19.762 0.0 0
-19.752 0.0 0
-19.742 0.0 0
-19.732 0.0 0
-19.722 0.0 0
-19.712 0.0 0
-19.702 0.0 0
-19.692 0.0 0
-19.682 0.0 0
-19.672 0.0 0
-19.662 0.0 0
-19.652 0.0 0
-19.642 0.0 0
-19.632 0.0 0
-19.622 0.0 0
-19.612 0.0 0
-19.602 0.0 0
-19.592 0.0 0
-19.582 0.0 0
-19.572 0.0 0
-19.562 0.0 0
-19.552 0.0 0
-19.542 0.0 0
-19.532 0.0 0
-19.522 0.0 0
-19.512 0.0 0
-19.502 0.0 0
-19.492 0.0 0
-19.482 0.0 0
-19.472 0.0 0
-19.462 0.0 0
-19.452 0.0 0
-19.442 0.0 0
-19.432 0.0 0
-19.422 0.0 0
-19.412 0.0 0
-19.402 0.0 0
-19.392 0.0 0
-19.382 0.0 0
-19.372 0.0 0
-19.362 0.0 0
-19.352 0.0 0
-19.342 0.0 0
-19.332 0.0 0
-19.322 0.0 0
-19.312 0.0 0
-19.302 0.0 0
-19.292 0.0 0
-19.282 0.0 0
-19.272 0.0 0
-19.262 0.0 0
-19.252 0.0 0
-19.242 0.0 0
-19.232 0.0 0
-19.222 0.0 0
-19.212 0.0 0
-19.202 0.0 0
-19.192 0.0 0
-19.182 0.0 0
-19.172 0.0 0
-19.162 0.0 0
-19.152 0.0 0
-19.142 0.0 0
-19.132 0.0 0
-19.122 0.0 0
-19.112 0.0 0
-19.102 0.0 0
-19.092 0.0 0
-19.082 0.0 0
-19.072 0.0 0
-19.062 0.0 0
-19.052 0.0 0
-19.042 0.0 0
-19.032 0.0 0
-19.022 0.0 0
-19.012 0.0 0
-19.002 0.0 0
-18.992 0.0 0
-18.982 0.0 0
-18.972 0.0 0
-18.962 0.0 0
-18.952 0.0 0
-18.942 0.0 0
-18.932 0.0 0
-18.922 0.0 0
-18.912 0.0 0
-18.902 0.0 0
-18.892 0.0 0
-18.882 0.0 0
-18.872 0.0 0
-18.862 0.0 0
-18.852 0.0 0
-18.842 0.0 0
-18.832 0.0 0
-18.822 0.0 0
-18.812 0.0 0
-18.802 0.0 0
-18.792 0.0 0
-18.782 0.0 0
-18.772 0.0 0
-18.762 0.0 0
-18.752 0.0 0
-18.742 0.0 0
-18.732 0.0 0
-18.722 0.0 0
-18.712 0.0 0
-18.702 0.0 0
-18.692 0.0 0
-18.682 0.0 0
-18.672 0.0 0
-18.662 0.0 0
-18.652 0.0 0
-18.642 0.0 0
-18.632 0.0 0
-18.622 0.0 0
-18.612 0.0 0
-18.602 0.0 0
-18.592 0.0 0
-18.582 0.0 0
-18.572 0.0 0
-18.562 0.0 0
-18.552 0.0 0
-18.542 0.0 0
-18.532 0.0 0
-18.522 0.0 0
-18.512 0.0 0
-18.502 0.0 0
-18.492 0.0 0
-18.482 0.0 0
-18.472 0.0 0
-18.462 0.0 0
-18.452 0.0 0
-18.442 0.0 0
-18.432 0.0 0
-18.422 0.0 0
-18.412 0.0 0
-18.402 0.0 0
-18.392 0.0 0
-18.382 0.0 0
-18.372 0.0 0
-18.362 0.0 0
-18.352 0.0 0
-18.342 0.0 0
-18.332 0.0 0
-18.322 0.0 0
-18.312 0.0 0
-18.302 0.0 0
-18.292 0.0 0
-18.282 0.0 0
-18.272 0.0 0
-18.262 0.0 0
-18.252 0.0 0
-18.242 0.0 0
-18.232 0.0 0
-18.222 0.0 0
-18.212 0.0 0
-18.202 0.0 0
-18.192 0.0 0
-18.182 0.0 0
-18.172 0.0 0
-18.162 0.0 0
-18.152 0.0 0
-18.142 0.0 0
-18.132 0.0 0
-18.122 0.0 0
-18.112 0.0 0
-18.102 0.0 0
-18.092 0.0 0
-18.082 0.0 0
-18.072 0.0 0
-18.062 0.0 0
-18.052 0.0 0
-18.042 0.0 0
-18.032 0.0 0
-18.022 0.0 0
-18.012 0.0 0
-18.002 0.0 0
-17.992 0.0 0
-17.982 0.0 0
-17.972 0.0 0
-17.962 0.0 0
-17.952 0.0 0
-17.942 0.0 0
-17.932 0.0 0
-17.922 0.0 0
-17.912 0.0 0
-17.902 0.0 0
-17.892 0.0 0
-17.882 0.0 0
-17.872 0.0 0
-17.862 0.0 0
-17.852 0.0 0
-17.842 0.0 0
-17.832 0.0 0
-17.822 0.0 0
-17.812 0.0 0
-17.802 0.0 0
-17.792 0.0 0
-17.782 0.0 0
-17.772 0.0 0
-17.762 0.0 0
-17.752 0.0 0
-17.742 0.0 0
-17.732 0.0 0
-17.722 0.0 0
-17.712 0.0 0
-17.702 0.0 0
-17.692 0.0 0
-17.682 0.0 0
-17.672 0.0 0
-17.662 0.0 0
-17.652 0.0 0
-17.642 0.0 0
-17.632 0.0 0
-17.622 0.0 0
-17.612 0.0 0
-17.602 0.0 0
-17.592 0.0 0
-17.582 0.0 0
-17.572 0.0 0
-17.562 0.0 0
-17.552 0.0 0
-17.542 0.0 0
-17.532 0.0 0
-17.522 0.0 0
-17.512 0.0 0
-17.502 0.0 0
-17.492 0.0 0
-17.482 0.0 0
-17.472 0.0 0
-17.462 0.0 0
-17.452 0.0 0
-17.442 0.0 0
-17.432 0.0 0
-17.422 0.0 0
-17.412 0.0 0
-17.402 0.0 0
-17.392 0.0 0
-17.382 0.0 0
-17.372 0.0 0
-17.362 0.0 0
-17.352 0.0 0
-17.342 0.0 0
-17.332 0.0 0
-17.322 0.0 0
-17.312 0.0 0
-17.302 0.0 0
-17.292 0.0 0
-17.282 0.0 0
-17.272 0.0 0
-17.262 0.0 0
-17.252 0.0 0
-17.242 0.0 0
-17.232 0.0 0
-17.222 0.0 0
-17.212 0.0 0
-17.202 0.0 0
-17.192 0.0 0
-17.182 0.0 0
-17.172 0.0 0
-17.162 0.0 0
-17.152 0.0 0
-17.142 0.0 0
-17.132 0.0 0
-17.122 0.0 0
-17.112 0.0 0
-17.102 0.0 0
-17.092 0.0 0
-17.082 0.0 0
-17.072 0.0 0
-17.062 0.0 0
-17.052 0.0 0
-17.042 0.0 0
-17.032 0.0 0
-17.022 0.0 0
-17.012 0.0 0
-17.002 0.0 0
-16.992 0.0 0
-16.982 0.0 0
-16.972 0.0 0
-16.962 0.0 0
-16.952 0.0 0
-16.942 0.0 0
-16.932 0.0 0
-16.922 0.0 0
-16.912 0.0 0
-16.902 0.0 0
-16.892 0.0 0
-16.882 0.0 0
-16.872 0.0 0
-16.862 0.0 0
-16.852 0.0 0
-16.842 0.0 0
-16.832 0.0 0
-16.822 0.0 0
-16.812 0.0 0
-16.802 0.0 0
-16.792 0.0 0
-16.782 0.0 0
-16.772 0.0 0
-16.762 0.0 0
-16.752 0.0 0
-16.742 0.0 0
-16.732 0.0 0
-16.722 0.0 0
-16.712 0.0 0
-16.702 0.0 0
-16.692 0.0 0
-16.682 0.0 0
-16.672 0.0 0
-16.662 0.0 0
-16.652 0.0 0
-16.642 0.0 0
-16.632 0.0 0
-16.622 0.0 0
-16.612 0.0 0
-16.602 0.0 0
-16.592 0.0 0
-16.582 0.0 0
-16.572 0.0 0
-16.562 0.0 0
-16.552 0.0 0
-16.542 0.0 0
-16.532 0.0 0
-16.522 0.0 0
-16.512 0.0 0
-16.502 0.0 0
-16.492 0.0 0
-16.482 0.0 0
-16.472 0.0 0
-16.462 0.0 0
-16.452 0.0 0
-16.442 0.0 0
-16.432 0.0 0
-16.422 0.0 0
-16.412 0.0 0
-16.402 0.0 0
-16.392 0.0 0
-16.382 0.0 0
-16.372 0.0 0
-16.362 0.0 0
-16.352 0.0 0
-16.342 0.0 0
-16.332 0.0 0
-16.322 0.0 0
-16.312 0.0 0
-16.302 0.0 0
-16.292 0.0 0
-16.282 0.0 0
-16.272 0.0 0
-16.262 0.0 0
-16.252 0.0 0
-16.242 0.0 0
-16.232 0.0 0
-16.222 0.0 0
-16.212 0.0 0
-16.202 0.0 0
-16.192 0.0 0
-16.182 0.0 0
-16.172 0.0 0
-16.162 0.0 0
-16.152 0.0 0
-16.142 0.0 0
-16.132 0.0 0
-16.122 0.0 0
-16.112 0.0 0
-16.102 0.0 0
-16.092 0.0 0
-16.082 0.0 0
-16.072 0.0 0
-16.062 0.0 0
-16.052 0.0 0
-16.042 0.0 0
-16.032 0.0 0
-16.022 0.0 0
-16.012 0.0 0
-16.002 0.0 0
-15.992 0.0 0
-15.982 0.0 0
-15.972 0.0 0
-15.962 0.0 0
-15.952 0.0 0
-15.942 0.0 0
-15.932 0.0 0
-15.922 0.0 0
-15.912 0.0 0
-15.902 0.0 0
-15.892 0.0 0
-15.882 0.0 0
-15.872 0.0 0
-15.862 0.0 0
-15.852 0.0 0
-15.842 0.0 0
-15.832 0.0 0
-15.822 0.0 0
-15.812 0.0 0
-15.802 0.0 0
-15.792 0.0 0
-15.782 0.0 0
-15.772 0.0 0
-15.762 0.0 0
-15.752 0.0 0
-15.742 0.0 0
-15.732 0.0 0
-15.722 0.0 0
-15.712 0.0 0
-15.702 0.0 0
-15.692 0.0 0
-15.682 0.0 0
-15.672 0.0 0
-15.662 0.0 0
-15.652 0.0 0
-15.642 0.0 0
-15.632 0.0 0
-15.622 0.0 0
-15.612 0.0 0
-15.602 0.0 0
-15.592 0.0 0
-15.582 0.0 0
-15.572 0.0 0
-15.562 0.0 0
-15.552 0.0 0
-15.542 0.0 0
-15.532 0.0 0
-15.522 0.0 0
-15.512 0.0 0
-15.502 0.0 0
-15.492 0.0 0
-15.482 0.0 0
-15.472 0.0 0
-15.462 0.0 0
-15.452 0.0 0
-15.442 0.0 0
-15.432 0.0 0
-15.422 0.0 0
-15.412 0.0 0
-15.402 0.0 0
-15.392 0.0 0
-15.382 0.0 0
-15.372 0.0 0
-15.362 0.0 0
-15.352 0.0 0
-15.342 0.0 0
-15.332 0.0 0
-15.322 0.0 0
-15.312 0.0 0
-15.302 0.0 0
-15.292 0.0 0
-15.282 0.0 0
-15.272 0.0 0
-15.262 0.0 0
-15.252 0.0 0
-15.242 0.0 0
-15.232 0.0 0
-15.222 0.0 0
-15.212 0.0 0
-15.202 0.0 0
-15.192 0.0 0
-15.182 0.0 0
-15.172 0.0 0
-15.162 0.0 0
-15.152 0.0 0
-15.142 0.0 0
-15.132 0.0 0
-15.122 0.0 0
-15.112 0.0 0
-15.102 0.0 0
-15.092 0.0 0
-15.082 0.0 0
-15.072 0.0 0
-15.062 0.0 0
-15.052 0.0 0
-15.042 0.0 0
-15.032 0.0 0
-15.022 0.0 0
-15.012 0.0 0
-15.002 0.0 0
-14.992 0.0 0
-14.982 0.0 0
-14.972 0.0 0
-14.962 0.0 0
-14.952 0.0 0
-14.942 0.0 0
-14.932 0.0 0
-14.922 0.0 0
-14.912 0.0 0
-14.902 0.0 0
-14.892 0.0 0
-14.882 0.0 0
-14.872 0.0 0
-14.862 0.0 0
-14.852 0.0 0
-14.842 0.0 0
-14.832 0.0 0
-14.822 0.0 0
-14.812 0.0 0
-14.802 0.0 0
-14.792 0.0 0
-14.782 0.0 0
-14.772 0.0 0
-14.762 0.0 0
-14.752 0.0 0
-14.742 0.0 0
-14.732 0.0 0
-14.722 0.0 0
-14.712 0.0 0
-14.702 0.0 0
-14.692 0.0 0
-14.682 0.0 0
-14.672 0.0 0
-14.662 0.0 0
-14.652 7.44e-14 0
-14.642 3.316e-13 0
-14.632 6.92e-13 0
-14.622 1.782e-12 0
-14.612 3.823e-12 0
-14.602 7.78e-12 0
-14.592 1.572e-11 0
-14.582 3.128e-11 0
-14.572 6.18e-11 0
-14.562 1.2e-10 0
-14.552 2.318e-10 0
-14.542 4.42e-10 -3.682e-14
-14.532 8.36e-10 -7.74e-14
-14.522 1.564e-09 -3.54e-13
-14.512 2.89e-09 -8.7e-13
-14.502 5.28e-09 -1.918e-12
-14.492 9.58e-09 -4.12e-12
-14.482 1.716e-08 -8.38e-12
-14.472 3.042e-08 -1.684e-11
-14.462 5.32e-08 -3.34e-11
-14.452 9.26e-08 -6.56e-11
-14.442 1.592e-07 -1.274e-10
-14.432 2.703e-07 -2.452e-10
-14.422 4.54e-07 -4.68e-10
-14.412 7.56e-07 -8.78e-10
-14.402 1.246e-06 -1.636e-09
-14.392 2.03e-06 -3.014e-09
-14.382 3.274e-06 -5.5e-09
-14.372 5.24e-06 -9.92e-09
-14.362 8.24e-06 -1.772e-08
-14.352 1.288e-05 -3.132e-08
-14.342 1.992e-05 -5.48e-08
-14.332 3.044e-05 -9.48e-08
-14.322 4.62e-05 -1.622e-07
-14.312 6.9e-05 -2.748e-07
-14.302 0.0001023 -4.6e-07
-14.292 0.00015 -7.64e-07
-14.282 0.0002176 -1.252e-06
-14.272 0.0003126 -2.036e-06
-14.262 0.000446 -3.27e-06
-14.252 0.000626 -5.2e-06
-14.242 0.000868 -8.18e-06
-14.232 0.001198 -1.272e-05
-14.222 0.00163 -1.962e-05
-14.212 0.002196 -2.989e-05
-14.202 0.002932 -4.5e-05
-14.192 0.003868 -6.74e-05
-14.182 0.00506 -9.92e-05
-14.172 0.00654 -0.0001452
-14.162 0.00834 -0.00021
-14.152 0.01058 -0.0003002
-14.142 0.01324 -0.000426
-14.132 0.0164 -0.000596
-14.122 0.02012 -0.000826
-14.112 0.0244 -0.001132
-14.102 0.0293 -0.001536
-14.092 0.03482 -0.002064
-14.082 0.041 -0.002742
-14.072 0.0478 -0.003606
-14.062 0.0548 -0.0047
-14.052 0.0624 -0.00604
-14.042 0.0704 -0.0077
-14.032 0.0784 -0.0097
-14.022 0.0866 -0.0121
-14.012 0.0948 -0.01494
-14.002 0.1022 -0.01824
-13.992 0.1094 -0.02206
-13.982 0.1158 -0.02638
-13.972 0.1212 -0.03122
-13.962 0.1258 -0.03654
-13.952 0.1288 -0.0422
-13.942 0.1308 -0.0486
-13.932 0.1312 -0.0552
-13.922 0.1304 -0.0618
-13.912 0.1282 -0.0686
-13.902 0.1246 -0.0755
-13.892 0.12 -0.082
-13.882 0.1144 -0.0884
-13.872 0.1078 -0.0942
-13.862 0.1004 -0.0992
-13.852 0.0928 -0.1034
-13.842 0.0846 -0.1068
-13.832 0.0764 -0.109
-13.822 0.0686 -0.11
-13.812 0.0604 -0.11
-13.802 0.053 -0.1088
-13.792 0.0458 -0.1066
-13.782 0.03928 -0.1032
-13.772 0.03338 -0.099
-13.762 0.02803 -0.0938
-13.752 0.02326 -0.088
-13.742 0.01914 -0.0818
-13.732 0.01556 -0.075
-13.722 0.01252 -0.0682
-13.712 0.00996 -0.0614
-13.702 0.00784 -0.0548
-13.692 0.00612 -0.0482
-13.682 0.00472 -0.0418
-13.672 0.003604 -0.0362
-13.662 0.002722 -0.03088
-13.652 0.002036 -0.02608
-13.642 0.001505 -0.02178
-13.632 0.001102 -0.018
-13.622 0.000796 -0.01472
-13.612 0.000572 -0.01192
-13.602 0.0004046 -0.00956
-13.592 0.000284 -0.00758
-13.582 0.000197 -0.00592
-13.572 0.0001354 -0.00462
-13.562 9.2e-05 -0.003538
-13.552 6.2e-05 -0.002686
-13.542 4.12e-05 -0.002018
-13.532 2.712e-05 -0.001502
-13.522 1.766e-05 -0.001106
-13.512 1.138e-05 -0.000806
-13.502 7.26e-06 -0.00058
-13.492 4.58e-06 -0.000414
-13.482 2.862e-06 -0.000292
-13.472 1.768e-06 -0.0002038
-13.462 1.08e-06 -0.0001406
-13.452 6.52e-07 -9.6e-05
-13.442 3.912e-07 -6.52e-05
-13.432 2.317e-07 -4.34e-05
-13.422 1.358e-07 -2.882e-05
-13.412 7.86e-08 -1.888e-05
-13.402 4.52e-08 -1.224e-05
-13.392 2.564e-08 -7.86e-06
-13.382 1.44e-08 -4.98e-06
-13.372 8e-09 -3.13e-06
-13.362 4.4e-09 -1.944e-06
-13.352 2.396e-09 -1.194e-06
-13.342 1.288e-09 -7.28e-07
-13.332 6.88e-10 -4.38e-07
-13.322 3.618e-10 -2.606e-07
-13.312 1.886e-10 -1.534e-07
-13.302 9.74e-11 -8.94e-08
-13.292 4.98e-11 -5.18e-08
-13.282 2.512e-11 -2.948e-08
-13.272 1.254e-11 -1.664e-08
-13.262 6.18e-12 -9.3e-09
-13.252 2.892e-12 -5.14e-09
-13.242 1.402e-12 -2.814e-09
-13.232 5.22e-13 -1.522e-09
-13.222 1.03e-13 -8.16e-10
-13.212 4.9e-14 -4.32e-10
-13.202 0.0 -2.266e-10
-13.192 0.0 -1.176e-10
-13.182 0.0 -6.04e-11
-13.172 0.0 -3.066e-11
-13.162 0.0 -1.542e-11
-13.152 0.0 -7.64e-12
-13.142 0.0 -3.754e-12
-13.132 0.0 -1.74e-12
-13.122 0.0 -7.14e-13
-13.112 0.0 -3.082e-13
-13.102 0.0 -5.96e-14
-13.092 0.0 0
-13.082 0.0 0
-13.072 0.0 0
-13.062 0.0 0
-13.052 0.0 0
-13.042 0.0 0
-13.032 0.0 0
-13.022 0.0 0
-13.012 0.0 0
-13.002 0.0 0
-12.992 0.0 0
-12.982 0.0 0
-12.972 0.0 0
-12.962 0.0 0
-12.952 0.0 0
-12.942 0.0 0
-12.932 0.0 0
-12.922 0.0 0
-12.912 0.0 0
-12.902 0.0 0
-12.892 0.0 0
-12.882 0.0 0
-12.872 0.0 0
-12.862 0.0 0
-12.852 0.0 0
-12.842 0.0 0
-12.832 0.0 0
-12.822 0.0 0
-12.812 0.0 0
-12.802 0.0 0
-12.792 0.0 0
-12.782 0.0 0
-12.772 0.0 0
-12.762 0.0 0
-12.752 0.0 0
-12.742 0.0 0
-12.732 0.0 0
-12.722 0.0 0
-12.712 0.0 0
-12.702 0.0 0
-12.692 0.0 0
-12.682 0.0 0
-12.672 0.0 0
-12.662 0.0 0
-12.652 0.0 0
-12.642 0.0 0
-12.632 0.0 0
-12.622 0.0 0
-12.612 0.0 0
-12.602 0.0 0
-12.592 0.0 0
-12.582 0.0 0
-12.572 0.0 0
-12.562 0.0 0
-12.552 0.0 0
-12.542 0.0 0
-12.532 0.0 0
-12.522 0.0 0
-12.512 0.0 0
-12.502 0.0 0
-12.492 0.0 0
-12.482 0.0 0
-12.472 0.0 0
-12.462 0.0 0
-12.452 0.0 0
-12.442 0.0 0
-12.432 0.0 0
-12.422 0.0 0
-12.412 0.0 0
-12.402 0.0 0
-12.392 0.0 0
-12.382 0.0 0
-12.372 0.0 0
-12.362 0.0 0
-12.352 0.0 0
-12.342 0.0 0
-12.332 0.0 0
-12.322 0.0 0
-12.312 0.0 0
-12.302 0.0 0
-12.292 0.0 0
-12.282 0.0 0
-12.272 0.0 0
-12.262 0.0 0
-12.252 0.0 0
-12.242 0.0 0
-12.232 0.0 0
-12.222 0.0 0
-12.212 0.0 0
-12.202 0.0 0
-12.192 0.0 0
-12.182 0.0 0
-12.172 0.0 0
-12.162 0.0 0
-12.152 0.0 0
-12.142 0.0 0
-12.132 0.0 0
-12.122 0.0 0
-12.112 0.0 0
-12.102 0.0 0
-12.092 0.0 0
-12.082 0.0 0
-12.072 0.0 0
-12.062 0.0 0
-12.052 0.0 0
-12.042 0.0 0
-12.032 0.0 0
-12.022 0.0 0
-12.012 0.0 0
-12.002 0.0 0
-11.992 0.0 0
-11.982 0.0 0
-11.972 0.0 0
-11.962 0.0 0
-11.952 0.0 0
-11.942 0.0 0
-11.932 0.0 0
-11.922 0.0 0
-11.912 0.0 0
-11.902 0.0 0
-11.892 0.0 0
-11.882 0.0 0
-11.872 0.0 0
-11.862 0.0 0
-11.852 0.0 0
-11.842 0.0 0
-11.832 0.0 0
-11.822 0.0 0
-11.812 0.0 0
-11.802 0.0 0
-11.792 0.0 0
-11.782 0.0 0
-11.772 0.0 0
-11.762 0.0 0
-11.752 0.0 0
-11.742 0.0 0
-11.732 0.0 0
-11.722 0.0 0
-11.712 0.0 0
-11.702 0.0 0
-11.692 0.0 0
-11.682 0.0 0
-11.672 0.0 0
-11.662 0.0 0
-11.652 0.0 0
-11.642 0.0 0
-11.632 0.0 0
-11.622 0.0 0
-11.612 0.0 0
-11.602 0.0 0
-11.592 0.0 0
-11.582 0.0 0
-11.572 0.0 0
-11.562 0.0 0
-11.552 0.0 0
-11.542 0.0 0
-11.532 0.0 0
-11.522 0.0 0
-11.512 0.0 0
-11.502 0.0 0
-11.492 0.0 0
-11.482 0.0 0
-11.472 0.0 0
-11.462 0.0 0
-11.452 0.0 0
-11.442 0.0 0
-11.432 0.0 0
-11.422 0.0 0
-11.412 0.0 0
-11.402 0.0 0
-11.392 0.0 0
-11.382 0.0 0
-11.372 0.0 0
-11.362 0.0 0
-11.352 0.0 0
-11.342 0.0 0
-11.332 0.0 0
-11.322 0.0 0
-11.312 0.0 0
-11.302 0.0 0
-11.292 0.0 0
-11.282 0.0 0
-11.272 0.0 0
-11.262 0.0 0
-11.252 0.0 0
-11.242 0.0 0
-11.232 0.0 0
-11.222 0.0 0
-11.212 0.0 0
-11.202 0.0 0
-11.192 0.0 0
-11.182 0.0 0
-11.172 0.0 0
-11.162 0.0 0
-11.152 0.0 0
-11.142 0.0 0
-11.132 0.0 0
-11.122 0.0 0
-11.112 0.0 0
-11.102 0.0 0
-11.092 0.0 0
-11.082 0.0 0
-11.072 0.0 0
-11.062 0.0 0
-11.052 0.0 0
-11.042 0.0 0
-11.032 0.0 0
-11.022 0.0 0
-11.012 0.0 0
-11.002 0.0 0
-10.992 0.0 0
-10.982 0.0 0
-10.972 0.0 0
-10.962 0.0 0
-10.952 0.0 0
-10.942 0.0 0
-10.932 0.0 0
-10.922 0.0 0
-10.912 0.0 0
-10.902 0.0 0
-10.892 0.0 0
-10.882 0.0 0
-10.872 0.0 0
-10.862 0.0 0
-10.852 0.0 0
-10.842 0.0 0
-10.832 0.0 0
-10.822 0.0 0
-10.812 0.0 0
-10.802 0.0 0
-10.792 0.0 0
-10.782 0.0 0
-10.772 0.0 0
-10.762 0.0 0
-10.752 0.0 0
-10.742 0.0 0
-10.732 0.0 0
-10.722 0.0 0
-10.712 0.0 0
-10.702 0.0 0
-10.692 0.0 0
-10.682 0.0 0
-10.672 0.0 0
-10.662 0.0 0
-10.652 0.0 0
-10.642 0.0 0
-10.632 0.0 0
-10.622 0.0 0
-10.612 0.0 0
-10.602 0.0 0
-10.592 0.0 0
-10.582 0.0 0
-10.572 0.0 0
-10.562 0.0 0
-10.552 0.0 0
-10.542 0.0 0
-10.532 0.0 0
-10.522 0.0 0
-10.512 0.0 0
-10.502 0.0 0
-10.492 0.0 0
-10.482 0.0 0
-10.472 0.0 0
-10.462 0.0 0
-10.452 0.0 0
-10.442 0.0 0
-10.432 0.0 0
-10.422 0.0 0
-10.412 0.0 0
-10.402 0.0 0
-10.392 0.0 0
-10.382 0.0 0
-10.372 0.0 0
-10.362 0.0 0
-10.352 0.0 0
-10.342 0.0 0
-10.332 0.0 0
-10.322 0.0 0
-10.312 0.0 0
-10.302 0.0 0
-10.292 0.0 0
-10.282 0.0 0
-10.272 0.0 0
-10.262 0.0 0
-10.252 0.0 0
-10.242 0.0 0
-10.232 0.0 0
-10.222 0.0 0
-10.212 0.0 0
-10.202 0.0 0
-10.192 0.0 0
-10.182 0.0 0
-10.172 0.0 0
-10.162 0.0 0
-10.152 0.0 0
-10.142 0.0 0
-10.132 0.0 0
-10.122 0.0 0
-10.112 0.0 0
-10.102 0.0 0
-10.092 0.0 0
-10.082 0.0 0
-10.072 0.0 0
-10.062 0.0 0
-10.052 0.0 0
-10.042 0.0 0
-10.032 0.0 0
-10.022 0.0 0
-10.012 0.0 0
-10.002 0.0 0
-9.992 0.0 0
-9.982 0.0 0
-9.972 0.0 0
-9.962 0.0 0
-9.952 0.0 0
-9.942 0.0 0
-9.932 0.0 0
-9.922 0.0 0
-9.912 0.0 0
-9.902 0.0 0
-9.892 0.0 0
-9.882 0.0 0
-9.872 0.0 0
-9.862 0.0 0
-9.852 0.0 0
-9.842 0.0 0
-9.832 0.0 0
-9.822 0.0 0
-9.812 0.0 0
-9.802 0.0 0
-9.792 0.0 0
-9.782 0.0 0
-9.772 0.0 0
-9.762 0.0 0
-9.752 0.0 0
-9.742 0.0 0
-9.732 0.0 0
-9.722 0.0 0
-9.712 0.0 0
-9.702 0.0 0
-9.692 0.0 0
-9.682 0.0 0
-9.672 0.0 0
-9.662 0.0 0
-9.652 0.0 0
-9.642 0.0 0
-9.632 0.0 0
-9.622 0.0 0
-9.612 0.0 0
-9.602 0.0 0
-9.592 0.0 0
-9.582 0.0 0
-9.572 0.0 0
-9.562 0.0 0
-9.552 0.0 0
-9.542 0.0 0
-9.532 0.0 0
-9.522 0.0 0
-9.512 0.0 0
-9.502 0.0 0
-9.492 0.0 0
-9.482 0.0 0
-9.472 0.0 0
-9.462 0.0 0
-9.452 0.0 0
-9.442 0.0 0
-9.432 0.0 0
-9.422 0.0 0
-9.412 0.0 0
-9.402 0.0 0
-9.392 0.0 0
-9.382 0.0 0
-9.372 0.0 0
-9.362 0.0 0
-9.352 0.0 0
-9.342 0.0 0
-9.332 0.0 0
-9.322 0.0 0
-9.312 0.0 0
-9.302 0.0 0
-9.292 0.0 0
-9.282 0.0 0
-9.272 0.0 0
-9.262 0.0 0
-9.252 0.0 0
-9.242 0.0 0
-9.232 0.0 0
-9.222 0.0 0
-9.212 0.0 0
-9.202 0.0 0
-9.192 0.0 0
-9.182 0.0 0
-9.172 0.0 0
-9.162 0.0 0
-9.152 0.0 0
-9.142 0.0 0
-9.132 0.0 0
-9.122 1.082e-13 0
-9.112 2.275e-13 0
-9.102 4.736e-13 0
-9.092 9.75e-13 0
-9.082 1.986e-12 0
-9.072 3.996e-12 0
-9.062 7.97e-12 0
-9.052 1.572e-11 0
-9.042 3.065e-11 0
-9.032 5.92e-11 0
-9.022 1.129e-10 0
-9.012 2.132e-10 0
-9.002 3.99e-10 0
-8.992 7.35e-10 0
-8.982 1.345e-09 0
-8.972 2.433e-09 0
-8.962 4.35e-09 0
-8.952 7.7e-09 0
-8.942 1.348e-08 0
-8.932 2.336e-08 0
-8.922 3.996e-08 0
-8.912 6.78e-08 0
-8.902 1.138e-07 0
-8.892 1.886e-07 0
-8.882 3.095e-07 -6.99e-14
-8.872 5.018e-07 -1.467e-13
-8.862 8.07e-07 -3.047e-13
-8.852 1.282e-06 -6.26e-13
-8.842 2.014e-06 -1.272e-12
-8.832 3.129e-06 -2.559e-12
-8.822 4.815e-06 -5.09e-12
-8.812 7.34e-06 -1.001e-11
-8.802 1.104e-05 -1.95e-11
-8.792 1.642e-05 -3.76e-11
-8.782 2.421e-05 -7.16e-11
-8.772 3.529e-05 -1.349e-10
-8.762 5.091e-05 -2.514e-10
-8.752 7.26e-05 -4.63e-10
-8.742 0.0001025 -8.47e-10
-8.732 0.0001431 -1.528e-09
-8.722 0.0001976 -2.727e-09
-8.712 0.0002702 -4.814e-09
-8.702 0.0003653 -8.42e-09
-8.692 0.000489 -1.454e-08
-8.682 0.000648 -2.488e-08
-8.672 0.000849 -4.21e-08
-8.662 0.001101 -7.05e-08
-8.652 0.001415 -1.166e-07
-8.642 0.001797 -1.91e-07
-8.632 0.002261 -3.088e-07
-8.622 0.002814 -4.964e-07
-8.612 0.003464 -7.86e-07
-8.602 0.004234 -1.233e-06
-8.592 0.005126 -1.914e-06
-8.582 0.00614 -2.937e-06
-8.572 0.00729 -4.458e-06
-8.562 0.00859 -6.71e-06
-8.552 0.01002 -9.96e-06
-8.542 0.0116 -1.464e-05
-8.532 0.01331 -2.13e-05
-8.522 0.01518 -3.065e-05
-8.512 0.01719 -4.364e-05
-8.502 0.01935 -6.14e-05
-8.492 0.02164 -8.56e-05
-8.482 0.02408 -0.000118
-8.472 0.02667 -0.0001611
-8.462 0.02944 -0.0002172
-8.452 0.03234 -0.0002901
-8.442 0.03538 -0.0003826
-8.432 0.03867 -0.000501
-8.422 0.04222 -0.000648
-8.412 0.04584 -0.00083
-8.402 0.04983 -0.001051
-8.392 0.05388 -0.001318
-8.382 0.05821 -0.001635
-8.372 0.0627 -0.00201
-8.362 0.0674 -0.002444
-8.352 0.0722 -0.002945
-8.342 0.0771 -0.003512
-8.332 0.082 -0.004155
-8.322 0.0871 -0.004864
-8.312 0.0919 -0.005656
-8.302 0.0968 -0.00651
-8.292 0.1014 -0.00744
-8.282 0.106 -0.00843
-8.272 0.1103 -0.00949
-8.262 0.1144 -0.01061
-8.252 0.1182 -0.0118
-8.242 0.1218 -0.01305
-8.232 0.125 -0.01438
-8.222 0.128 -0.01577
-8.212 0.1307 -0.01724
-8.202 0.1332 -0.0188
-8.192 0.1353 -0.02046
-8.182 0.1371 -0.02222
-8.172 0.1386 -0.02411
-8.162 0.1397 -0.02612
-8.152 0.1404 -0.02827
-8.142 0.1406 -0.03054
-8.132 0.1404 -0.03293
-8.122 0.1396 -0.03547
-8.112 0.1383 -0.03814
-8.102 0.1365 -0.04084
-8.092 0.1342 -0.04365
-8.082 0.1315 -0.04638
-8.072 0.1283 -0.0492
-8.062 0.1247 -0.05201
-8.052 0.1208 -0.05469
-8.042 0.1167 -0.05734
-8.032 0.1126 -0.05974
-8.022 0.1082 -0.0621
-8.012 0.1039 -0.0643
-8.002 0.0998 -0.0663
-7.992 0.0957 -0.0683
-7.982 0.0919 -0.07
-7.972 0.0883 -0.0716
-7.962 0.0849 -0.073
-7.952 0.0819 -0.0743
-7.942 0.0791 -0.0756
-7.932 0.0766 -0.0767
-7.922 0.07434 -0.0776
-7.912 0.07246 -0.0783
-7.902 0.07071 -0.0789
-7.892 0.06937 -0.0793
-7.882 0.06826 -0.0795
-7.872 0.06737 -0.0794
-7.862 0.06688 -0.0791
-7.852 0.06671 -0.0784
-7.842 0.0668 -0.0775
-7.832 0.0671 -0.0763
-7.822 0.068 -0.0749
-7.812 0.0689 -0.0731
-7.802 0.0703 -0.0712
-7.792 0.072 -0.0692
-7.782 0.0738 -0.06694
-7.772 0.0759 -0.06459
-7.762 0.0782 -0.06225
-7.752 0.0805 -0.06003
-7.742 0.083 -0.05774
-7.732 0.0854 -0.0556
-7.722 0.0879 -0.05362
-7.712 0.0903 -0.0517
-7.702 0.0926 -0.04996
-7.692 0.0949 -0.04838
-7.682 0.0969 -0.04697
-7.672 0.0986 -0.04563
-7.662 0.1004 -0.04456
-7.652 0.1017 -0.04356
-7.642 0.103 -0.04262
-7.632 0.104 -0.04193
-7.622 0.1048 -0.04131
-7.612 0.1054 -0.04075
-7.602 0.1059 -0.04045
-7.592 0.1061 -0.04041
-7.582 0.1063 -0.04033
-7.572 0.1064 -0.04051
-7.562 0.1065 -0.04085
-7.552 0.1064 -0.04125
-7.542 0.1063 -0.04199
-7.532 0.1062 -0.04279
-7.522 0.1061 -0.04373
-7.512 0.1062 -0.04482
-7.502 0.1061 -0.04594
-7.492 0.1062 -0.04718
-7.482 0.1063 -0.04844
-7.472 0.1065 -0.04991
-7.462 0.1067 -0.05117
-7.452 0.107 -0.05243
-7.442 0.1073 -0.05387
-7.432 0.1077 -0.055
-7.422 0.1082 -0.0562
-7.412 0.1087 -0.0572
-7.402 0.1094 -0.0582
-7.392 0.1102 -0.059
-7.382 0.1112 -0.0596
-7.372 0.1122 -0.0602
-7.362 0.1134 -0.0606
-7.352 0.1148 -0.061
-7.342 0.1163 -0.0612
-7.332 0.1181 -0.0614
-7.322 0.1199 -0.0615
-7.312 0.1217 -0.0614
-7.302 0.1237 -0.0613
-7.292 0.1254 -0.0613
-7.282 0.1272 -0.0613
-7.272 0.1287 -0.0612
-7.262 0.1297 -0.0613
-7.252 0.1304 -0.0614
-7.242 0.1305 -0.0616
-7.232 0.13 -0.0618
-7.222 0.129 -0.0622
-7.212 0.1274 -0.0626
-7.202 0.1251 -0.0631
-7.192 0.1222 -0.0635
-7.182 0.1188 -0.0642
-7.172 0.1149 -0.0648
-7.162 0.1107 -0.0653
-7.152 0.1064 -0.066
-7.142 0.1021 -0.0667
-7.132 0.0978 -0.0674
-7.122 0.0938 -0.068
-7.112 0.0903 -0.0686
-7.102 0.0873 -0.0692
-7.092 0.0849 -0.07
-7.082 0.0831 -0.0708
-7.072 0.0822 -0.0716
-7.062 0.0821 -0.0724
-7.052 0.0827 -0.0735
-7.042 0.0839 -0.0745
-7.032 0.0858 -0.0754
-7.022 0.0882 -0.0765
-7.012 0.0908 -0.0773
-7.002 0.0937 -0.0781
-6.992 0.0965 -0.0787
-6.982 0.0994 -0.0791
-6.972 0.1019 -0.0792
-6.962 0.1042 -0.079
-6.952 0.1058 -0.0784
-6.942 0.107 -0.0774
-6.932 0.1073 -0.0761
-6.922 0.1071 -0.0744
-6.912 0.1062 -0.0723
-6.902 0.1047 -0.0699
-6.892 0.1024 -0.0674
-6.882 0.0996 -0.0647
-6.872 0.0961 -0.0619
-6.862 0.0921 -0.0592
-6.852 0.0878 -0.0566
-6.842 0.0832 -0.05429
-6.832 0.0784 -0.05229
-6.822 0.0733 -0.05065
-6.812 0.068 -0.04939
-6.802 0.0629 -0.04882
-6.792 0.0578 -0.0484
-6.782 0.0528 -0.0487
-6.772 0.0482 -0.0494
-6.762 0.0436 -0.0505
-6.752 0.03932 -0.0519
-6.742 0.03546 -0.0534
-6.732 0.03199 -0.055
-6.722 0.02895 -0.057
-6.712 0.02637 -0.0586
-6.702 0.02427 -0.0602
-6.692 0.02266 -0.0616
-6.682 0.02158 -0.0626
-6.672 0.02098 -0.0632
-6.662 0.0209 -0.0636
-6.652 0.0213 -0.0635
-6.642 0.02217 -0.063
-6.632 0.02348 -0.0621
-6.622 0.02521 -0.0608
-6.612 0.02728 -0.0591
-6.602 0.0297 -0.057
-6.592 0.03236 -0.0546
-6.582 0.03535 -0.052
-6.572 0.03835 -0.0492
-6.562 0.04146 -0.0463
-6.552 0.04485 -0.0432
-6.542 0.048 -0.04012
-6.532 0.0514 -0.03704
-6.522 0.0546 -0.03397
-6.512 0.0578 -0.03098
-6.502 0.0608 -0.0281
-6.492 0.064 -0.02535
-6.482 0.0668 -0.02276
-6.472 0.0696 -0.02037
-6.462 0.0724 -0.01816
-6.452 0.0749 -0.01617
-6.442 0.0776 -0.01441
-6.432 0.0798 -0.0129
-6.422 0.0822 -0.01164
-6.412 0.0841 -0.01064
-6.402 0.086 -0.0099
-6.392 0.0878 -0.00941
-6.382 0.089 -0.00918
-6.372 0.0902 -0.00922
-6.362 0.0908 -0.00949
-6.352 0.0912 -0.01001
-6.342 0.091 -0.01076
-6.332 0.0904 -0.01171
-6.322 0.089 -0.01286
-6.312 0.0872 -0.0142
-6.302 0.085 -0.01572
-6.292 0.0822 -0.01736
-6.282 0.079 -0.01913
-6.272 0.0751 -0.02101
-6.262 0.071 -0.02298
-6.252 0.0668 -0.025
-6.242 0.0624 -0.02708
-6.232 0.0578 -0.02917
-6.222 0.0532 -0.03128
-6.212 0.049 -0.03338
-6.202 0.0448 -0.03547
-6.192 0.04103 -0.03751
-6.182 0.03765 -0.03952
-6.172 0.03473 -0.0415
-6.162 0.03238 -0.04324
-6.152 0.03061 -0.0452
-6.142 0.02948 -0.0468
-6.132 0.02901 -0.0483
-6.122 0.02919 -0.0496
-6.112 0.03007 -0.0508
-6.102 0.03164 -0.0518
-6.092 0.03386 -0.0524
-6.082 0.03678 -0.0528
-6.072 0.04043 -0.0532
-6.062 0.0448 -0.053
-6.052 0.0496 -0.0526
-6.042 0.0554 -0.052
-6.032 0.0621 -0.0508
-6.022 0.0694 -0.0496
-6.012 0.0778 -0.0476
-6.002 0.0872 -0.0458
-5.992 0.0977 -0.04349
-5.982 0.1096 -0.04114
-5.972 0.1228 -0.03853
-5.962 0.1375 -0.03567
-5.952 0.1537 -0.03288
-5.942 0.1717 -0.03
-5.932 0.1912 -0.02714
-5.922 0.2124 -0.02432
-5.912 0.2352 -0.02161
-5.902 0.2594 -0.01904
-5.892 0.285 -0.01663
-5.882 0.3114 -0.0144
-5.872 0.3386 -0.01238
-5.862 0.3661 -0.01057
-5.852 0.3935 -0.00897
-5.842 0.42 -0.00761
-5.832 0.448 -0.00646
-5.822 0.472 -0.00548
-5.812 0.498 -0.00474
-5.802 0.52 -0.004165
-5.792 0.542 -0.003782
-5.782 0.562 -0.003546
-5.772 0.58 -0.00347
-5.762 0.596 -0.003537
-5.752 0.612 -0.00374
-5.742 0.626 -0.004071
-5.732 0.64 -0.00452
-5.722 0.654 -0.0051
-5.712 0.668 -0.0058
-5.702 0.684 -0.0066
-5.692 0.698 -0.00752
-5.682 0.714 -0.0086
-5.672 0.732 -0.00978
-5.662 0.752 -0.0111
-5.652 0.772 -0.01256
-5.642 0.794 -0.01418
-5.632 0.816 -0.01598
-5.622 0.84 -0.01798
-5.612 0.864 -0.02015
-5.602 0.887 -0.02256
-5.592 0.912 -0.02521
-5.582 0.934 -0.02814
-5.572 0.956 -0.03135
-5.562 0.976 -0.03489
-5.552 0.996 -0.03876
-5.542 1.014 -0.043
-5.532 1.028 -0.0476
-5.522 1.044 -0.0527
-5.512 1.058 -0.0582
-5.502 1.07 -0.064
-5.492 1.08 -0.0704
-5.482 1.092 -0.0774
-5.472 1.102 -0.0844
-5.462 1.113 -0.092
-5.452 1.126 -0.1003
-5.442 1.137 -0.1088
-5.432 1.15 -0.1174
-5.422 1.162 -0.1264
-5.412 1.176 -0.1355
-5.402 1.19 -0.1449
-5.392 1.203 -0.154
-5.382 1.216 -0.1634
-5.372 1.228 -0.1726
-5.362 1.24 -0.1816
-5.352 1.25 -0.1904
-5.342 1.258 -0.199
-5.332 1.262 -0.2074
-5.322 1.265 -0.2155
-5.312 1.265 -0.2232
-5.302 1.262 -0.231
-5.292 1.256 -0.2385
-5.282 1.246 -0.246
-5.272 1.236 -0.2533
-5.262 1.222 -0.2607
-5.252 1.206 -0.2682
-5.242 1.188 -0.2758
-5.232 1.168 -0.2835
-5.222 1.148 -0.2916
-5.212 1.126 -0.2995
-5.202 1.104 -0.3078
-5.192 1.082 -0.316
-5.182 1.06 -0.3243
-5.172 1.037 -0.3326
-5.162 1.014 -0.3407
-5.152 0.992 -0.3483
-5.142 0.97 -0.3558
-5.132 0.95 -0.3623
-5.122 0.928 -0.3683
-5.112 0.91 -0.3734
-5.102 0.888 -0.378
-5.092 0.868 -0.381
-5.082 0.85 -0.3814
-5.072 0.832 -0.3811
-5.062 0.816 -0.3802
-5.052 0.798 -0.3786
-5.042 0.781 -0.3743
-5.032 0.764 -0.3689
-5.022 0.75 -0.3626
-5.012 0.737 -0.3555
-5.002 0.724 -0.3478
-4.992 0.714 -0.3398
-4.982 0.704 -0.332
-4.972 0.694 -0.3245
-4.962 0.685 -0.318
-4.952 0.678 -0.3127
-4.942 0.674 -0.3088
-4.932 0.67 -0.307
-4.922 0.666 -0.3075
-4.912 0.666 -0.3102
-4.902 0.666 -0.3155
-4.892 0.667 -0.3232
-4.882 0.668 -0.3337
-4.872 0.672 -0.3465
-4.862 0.676 -0.3615
-4.852 0.682 -0.3781
-4.842 0.69 -0.3965
-4.832 0.698 -0.4176
-4.822 0.708 -0.4371
-4.812 0.718 -0.458
-4.802 0.734 -0.479
-4.792 0.749 -0.5
-4.782 0.766 -0.522
-4.772 0.782 -0.542
-4.762 0.802 -0.56
-4.752 0.822 -0.577
-4.742 0.84 -0.592
-4.732 0.862 -0.608
-4.722 0.882 -0.62
-4.712 0.902 -0.632
-4.702 0.92 -0.642
-4.692 0.936 -0.652
-4.682 0.95 -0.66
-4.672 0.96 -0.668
-4.662 0.97 -0.674
-4.652 0.974 -0.68
-4.642 0.978 -0.686
-4.632 0.976 -0.69
-4.622 0.974 -0.694
-4.612 0.966 -0.697
-4.602 0.96 -0.7
-4.592 0.95 -0.702
-4.582 0.939 -0.701
-4.572 0.926 -0.702
-4.562 0.916 -0.698
-4.552 0.904 -0.695
-4.542 0.896 -0.69
-4.532 0.886 -0.684
-4.522 0.88 -0.677
-4.512 0.875 -0.666
-4.502 0.87 -0.657
-4.492 0.87 -0.645
-4.482 0.869 -0.632
-4.472 0.87 -0.618
-4.462 0.874 -0.604
-4.452 0.876 -0.588
-4.442 0.88 -0.571
-4.432 0.888 -0.554
-4.422 0.894 -0.538
-4.412 0.9 -0.52
-4.402 0.908 -0.504
-4.392 0.916 -0.486
-4.382 0.926 -0.467
-4.372 0.936 -0.45
-4.362 0.948 -0.4315
-4.352 0.964 -0.4135
-4.342 0.98 -0.3951
-4.332 0.998 -0.3768
-4.322 1.018 -0.3598
-4.312 1.042 -0.3429
-4.302 1.068 -0.3267
-4.292 1.096 -0.3115
-4.282 1.126 -0.2973
-4.272 1.161 -0.2846
-4.262 1.196 -0.2732
-4.252 1.232 -0.2635
-4.242 1.272 -0.2554
-4.232 1.31 -0.249
-4.222 1.35 -0.2442
-4.212 1.392 -0.2408
-4.202 1.432 -0.2388
-4.192 1.474 -0.2378
-4.182 1.514 -0.2376
-4.172 1.554 -0.238
-4.162 1.594 -0.2386
-4.152 1.63 -0.2392
-4.142 1.664 -0.2394
-4.132 1.698 -0.2389
-4.122 1.73 -0.2378
-4.112 1.756 -0.2354
-4.102 1.782 -0.2324
-4.092 1.803 -0.2282
-4.082 1.82 -0.2231
-4.072 1.834 -0.2172
-4.062 1.842 -0.2108
-4.052 1.85 -0.2041
-4.042 1.852 -0.1972
-4.032 1.848 -0.1903
-4.022 1.844 -0.1839
-4.012 1.838 -0.178
-4.002 1.828 -0.1729
-3.992 1.818 -0.1687
-3.982 1.808 -0.1655
-3.972 1.8 -0.1632
-3.962 1.796 -0.1621
-3.952 1.792 -0.162
-3.942 1.796 -0.1626
-3.932 1.806 -0.164
-3.922 1.822 -0.166
-3.912 1.846 -0.1684
-3.902 1.879 -0.1709
-3.892 1.922 -0.1736
-3.882 1.973 -0.1762
-3.872 2.035 -0.1784
-3.862 2.108 -0.1803
-3.852 2.191 -0.1817
-3.842 2.285 -0.1825
-3.832 2.388 -0.1828
-3.822 2.501 -0.1826
-3.812 2.622 -0.1818
-3.802 2.752 -0.1806
-3.792 2.887 -0.1789
-3.782 3.027 -0.1771
-3.772 3.172 -0.175
-3.762 3.319 -0.173
-3.752 3.466 -0.1712
-3.742 3.612 -0.1696
-3.732 3.748 -0.1685
-3.722 3.893 -0.168
-3.712 4.015 -0.1682
-3.702 4.143 -0.1692
-3.692 4.247 -0.171
-3.682 4.357 -0.1737
-3.672 4.44 -0.1771
-3.662 4.52 -0.1814
-3.652 4.56 -0.1865
-3.642 4.62 -0.1921
-3.632 4.64 -0.1982
-3.622 4.66 -0.2047
-3.612 4.64 -0.2112
-3.602 4.64 -0.2177
-3.592 4.6 -0.224
-3.582 4.56 -0.23
-3.572 4.5 -0.2355
-3.562 4.45 -0.2404
-3.552 4.39 -0.2447
-3.542 4.32 -0.2485
-3.532 4.247 -0.2515
-3.522 4.175 -0.2542
-3.512 4.103 -0.2565
-3.502 4.032 -0.2587
-3.492 3.963 -0.2608
-3.482 3.915 -0.2632
-3.472 3.85 -0.2657
-3.462 3.808 -0.2688
-3.452 3.766 -0.2726
-3.442 3.729 -0.277
-3.432 3.699 -0.2821
-3.422 3.673 -0.288
-3.412 3.653 -0.2945
-3.402 3.64 -0.3014
-3.392 3.629 -0.3086
-3.382 3.623 -0.316
-3.372 3.622 -0.3234
-3.362 3.624 -0.3305
-3.352 3.631 -0.337
-3.342 3.642 -0.3429
-3.332 3.654 -0.3481
-3.322 3.671 -0.3523
-3.312 3.691 -0.3555
-3.302 3.714 -0.358
-3.292 3.74 -0.3594
-3.282 3.772 -0.3599
-3.272 3.806 -0.3599
-3.262 3.83 -0.3592
-3.252 3.856 -0.3581
-3.242 3.892 -0.3567
-3.232 3.929 -0.3552
-3.222 3.965 -0.3536
-3.212 4.002 -0.3523
-3.202 4.039 -0.351
-3.192 4.074 -0.3499
-3.182 4.109 -0.3492
-3.172 4.122 -0.3486
-3.162 4.153 -0.3484
-3.152 4.163 -0.3483
-3.142 4.19 -0.3486
-3.132 4.195 -0.3492
-3.122 4.197 -0.3499
-3.112 4.196 -0.3511
-3.102 4.193 -0.3525
-3.092 4.167 -0.3543
-3.082 4.159 -0.3565
-3.072 4.128 -0.3593
-3.062 4.116 -0.3626
-3.052 4.082 -0.3666
-3.042 4.048 -0.3711
-3.032 4.014 -0.3764
-3.022 4.001 -0.3824
-3.012 3.969 -0.3884
-3.002 3.939 -0.3963
-2.992 3.931 -0.4046
-2.982 3.927 -0.4134
-2.972 3.907 -0.422
-2.962 3.919 -0.432
-2.952 3.937 -0.442
-2.942 3.947 -0.452
-2.932 3.981 -0.462
-2.922 3.999 -0.476
-2.912 4.039 -0.486
-2.902 4.082 -0.498
-2.892 4.147 -0.508
-2.882 4.193 -0.52
-2.872 4.24 -0.532
-2.862 4.3 -0.544
-2.852 4.36 -0.556
-2.842 4.42 -0.568
-2.832 4.48 -0.58
-2.822 4.54 -0.59
-2.812 4.61 -0.602
-2.802 4.66 -0.612
-2.792 4.74 -0.623
-2.782 4.82 -0.634
-2.772 4.88 -0.642
-2.762 4.96 -0.652
-2.752 5.04 -0.66
-2.742 5.14 -0.667
-2.732 5.22 -0.677
-2.722 5.31 -0.686
-2.712 5.4 -0.694
-2.702 5.52 -0.704
-2.692 5.6 -0.716
-2.682 5.72 -0.728
-2.672 5.82 -0.74
-2.662 5.92 -0.757
-2.652 6.04 -0.775
-2.642 6.14 -0.794
-2.632 6.23 -0.817
-2.622 6.34 -0.842
-2.612 6.44 -0.869
-2.602 6.54 -0.896
-2.592 6.62 -0.928
-2.582 6.7 -0.96
-2.572 6.78 -0.992
-2.562 6.84 -1.027
-2.552 6.9 -1.062
-2.542 6.96 -1.098
-2.532 7.02 -1.134
-2.522 7.06 -1.17
-2.512 7.08 -1.208
-2.502 7.09 -1.243
-2.492 7.08 -1.28
-2.482 7.06 -1.318
-2.472 7.04 -1.354
-2.462 7.0 -1.39
-2.452 6.96 -1.425
-2.442 6.88 -1.459
-2.432 6.82 -1.494
-2.422 6.74 -1.524
-2.412 6.64 -1.555
-2.402 6.54 -1.582
-2.392 6.42 -1.604
-2.382 6.3 -1.626
-2.372 6.18 -1.642
-2.362 6.06 -1.652
-2.352 5.94 -1.658
-2.342 5.8 -1.659
-2.332 5.66 -1.652
-2.322 5.54 -1.642
-2.312 5.38 -1.628
-2.302 5.26 -1.608
-2.292 5.14 -1.584
-2.282 5.02 -1.558
-2.272 4.9 -1.53
-2.262 4.78 -1.502
-2.252 4.7 -1.476
-2.242 4.62 -1.45
-2.232 4.58 -1.426
-2.222 4.54 -1.409
-2.212 4.5 -1.398
-2.202 4.5 -1.394
-2.192 4.5 -1.396
-2.182 4.54 -1.408
-2.172 4.58 -1.43
-2.162 4.64 -1.462
-2.152 4.7 -1.502
-2.142 4.78 -1.55
-2.132 4.86 -1.609
-2.122 4.94 -1.676
-2.112 5.03 -1.75
-2.102 5.1 -1.83
-2.092 5.18 -1.916
-2.082 5.26 -2.004
-2.072 5.3 -2.092
-2.062 5.34 -2.18
-2.052 5.38 -2.266
-2.042 5.42 -2.348
-2.032 5.42 -2.424
-2.022 5.42 -2.494
-2.012 5.4 -2.556
-2.002 5.4 -2.608
-1.992 5.36 -2.65
-1.982 5.34 -2.682
-1.972 5.32 -2.704
-1.962 5.28 -2.714
-1.952 5.26 -2.717
-1.942 5.22 -2.708
-1.932 5.22 -2.694
-1.922 5.22 -2.672
-1.912 5.22 -2.644
-1.902 5.24 -2.614
-1.892 5.28 -2.581
-1.882 5.36 -2.546
-1.872 5.42 -2.514
-1.862 5.5 -2.482
-1.852 5.62 -2.452
-1.842 5.74 -2.43
-1.832 5.88 -2.412
-1.822 6.0 -2.398
-1.812 6.16 -2.39
-1.802 6.3 -2.387
-1.792 6.46 -2.39
-1.782 6.6 -2.398
-1.772 6.72 -2.41
-1.762 6.86 -2.426
-1.752 6.98 -2.444
-1.742 7.08 -2.462
-1.732 7.16 -2.479
-1.722 7.24 -2.496
-1.712 7.28 -2.51
-1.702 7.32 -2.524
-1.692 7.32 -2.533
-1.682 7.32 -2.536
-1.672 7.28 -2.538
-1.662 7.24 -2.534
-1.652 7.18 -2.526
-1.642 7.12 -2.514
-1.632 7.02 -2.498
-1.622 6.92 -2.478
-1.612 6.8 -2.455
-1.602 6.7 -2.428
-1.592 6.58 -2.401
-1.582 6.46 -2.37
-1.572 6.34 -2.34
-1.562 6.2 -2.308
-1.552 6.08 -2.274
-1.542 5.96 -2.242
-1.532 5.85 -2.21
-1.522 5.74 -2.18
-1.512 5.62 -2.15
-1.502 5.52 -2.122
-1.492 5.42 -2.098
-1.482 5.32 -2.078
-1.472 5.26 -2.06
-1.462 5.18 -2.044
-1.452 5.12 -2.036
-1.442 5.06 -2.03
-1.432 5.02 -2.028
-1.422 4.98 -2.03
-1.412 4.95 -2.038
-1.402 4.92 -2.05
-1.392 4.9 -2.066
-1.382 4.88 -2.084
-1.372 4.88 -2.106
-1.362 4.86 -2.132
-1.352 4.88 -2.16
-1.342 4.88 -2.188
-1.332 4.9 -2.22
-1.322 4.9 -2.254
-1.312 4.94 -2.286
-1.302 4.94 -2.319
-1.292 4.96 -2.352
-1.282 5.0 -2.384
-1.272 5.0 -2.416
-1.262 5.04 -2.447
-1.252 5.04 -2.474
-1.242 5.06 -2.5
-1.232 5.06 -2.525
-1.222 5.06 -2.546
-1.212 5.06 -2.566
-1.202 5.06 -2.582
-1.192 5.06 -2.598
-1.182 5.02 -2.61
-1.172 5.01 -2.622
-1.162 4.98 -2.63
-1.152 4.92 -2.638
-1.142 4.88 -2.644
-1.132 4.82 -2.646
-1.122 4.76 -2.648
-1.112 4.7 -2.65
-1.102 4.64 -2.648
-1.092 4.56 -2.647
-1.082 4.49 -2.642
-1.072 4.42 -2.636
-1.062 4.34 -2.63
-1.052 4.28 -2.622
-1.042 4.22 -2.612
-1.032 4.14 -2.602
-1.022 4.068 -2.592
-1.012 4.014 -2.58
-1.002 3.939 -2.568
-0.992 3.879 -2.556
-0.982 3.816 -2.546
-0.972 3.754 -2.536
-0.962 3.691 -2.526
-0.952 3.627 -2.517
-0.942 3.563 -2.512
-0.932 3.501 -2.507
-0.922 3.438 -2.506
-0.912 3.374 -2.508
-0.902 3.314 -2.512
-0.892 3.256 -2.52
-0.882 3.201 -2.53
-0.872 3.15 -2.542
-0.862 3.101 -2.556
-0.852 3.057 -2.572
-0.842 3.02 -2.591
-0.832 2.986 -2.61
-0.822 2.957 -2.628
-0.812 2.93 -2.647
-0.802 2.906 -2.664
-0.792 2.884 -2.68
-0.782 2.864 -2.693
-0.772 2.839 -2.702
-0.762 2.812 -2.71
-0.752 2.78 -2.712
-0.742 2.741 -2.714
-0.732 2.696 -2.708
-0.722 2.64 -2.7
-0.712 2.576 -2.69
-0.702 2.502 -2.674
-0.692 2.42 -2.658
-0.682 2.328 -2.638
-0.672 2.231 -2.618
-0.662 2.126 -2.598
-0.652 2.02 -2.578
-0.642 1.909 -2.558
-0.632 1.8 -2.542
-0.622 1.696 -2.528
-0.612 1.596 -2.518
-0.602 1.504 -2.512
-0.592 1.422 -2.51
-0.582 1.351 -2.513
-0.572 1.292 -2.518
-0.562 1.247 -2.532
-0.552 1.216 -2.548
-0.542 1.198 -2.568
-0.532 1.192 -2.596
-0.522 1.2 -2.628
-0.512 1.216 -2.666
-0.502 1.244 -2.71
-0.492 1.276 -2.759
-0.482 1.312 -2.818
-0.472 1.352 -2.882
-0.462 1.392 -2.956
-0.452 1.428 -3.04
-0.442 1.464 -3.134
-0.432 1.492 -3.238
-0.422 1.514 -3.355
-0.412 1.528 -3.484
-0.402 1.534 -3.626
-0.392 1.532 -3.781
-0.382 1.522 -3.954
-0.372 1.504 -4.132
-0.362 1.48 -4.32
-0.352 1.45 -4.5
-0.342 1.414 -4.7
-0.332 1.376 -4.9
-0.322 1.338 -5.1
-0.312 1.298 -5.29
-0.302 1.258 -5.48
-0.292 1.22 -5.66
-0.282 1.184 -5.82
-0.272 1.152 -5.98
-0.262 1.122 -6.09
-0.252 1.098 -6.2
-0.242 1.076 -6.26
-0.232 1.06 -6.32
-0.222 1.046 -6.34
-0.212 1.038 -6.34
-0.202 1.03 -6.3
-0.192 1.028 -6.24
-0.182 1.028 -6.16
-0.172 1.032 -6.06
-0.162 1.036 -5.94
-0.152 1.044 -5.8
-0.142 1.054 -5.64
-0.132 1.066 -5.5
-0.122 1.078 -5.32
-0.112 1.094 -5.16
-0.102 1.107 -4.98
-0.092 1.124 -4.82
-0.082 1.142 -4.66
-0.072 1.158 -4.51
-0.062 1.174 -4.36
-0.052 1.19 -4.24
-0.042 1.204 -4.1
-0.032 1.216 -3.995
-0.022 1.224 -3.89
-0.012 1.23 -3.792
-0.002 1.232 -3.702
0.008 1.23 -3.619
0.018 1.222 -3.541
0.028 1.21 -3.467
0.038 1.196 -3.397
0.048 1.176 -3.331
0.058 1.152 -3.266
0.068 1.124 -3.204
0.078 1.094 -3.145
0.088 1.06 -3.088
0.098 1.024 -3.035
0.108 0.987 -2.986
0.118 0.948 -2.943
0.128 0.91 -2.906
0.138 0.87 -2.876
0.148 0.832 -2.854
0.158 0.792 -2.842
0.168 0.756 -2.839
0.178 0.719 -2.848
0.188 0.683 -2.866
0.198 0.648 -2.894
0.208 0.614 -2.93
0.218 0.582 -2.977
0.228 0.552 -3.029
0.238 0.524 -3.088
0.248 0.497 -3.148
0.258 0.472 -3.212
0.268 0.45 -3.276
0.278 0.432 -3.338
0.288 0.414 -3.393
0.298 0.4 -3.444
0.308 0.3916 -3.485
0.318 0.3856 -3.518
0.328 0.3835 -3.541
0.338 0.385 -3.553
0.348 0.3902 -3.554
0.358 0.3989 -3.544
0.368 0.412 -3.526
0.378 0.428 -3.5
0.388 0.446 -3.467
0.398 0.466 -3.43
0.408 0.489 -3.391
0.418 0.514 -3.352
0.428 0.538 -3.316
0.438 0.564 -3.284
0.448 0.59 -3.262
0.458 0.616 -3.248
0.468 0.641 -3.244
0.478 0.664 -3.254
0.488 0.686 -3.276
0.498 0.704 -3.313
0.508 0.723 -3.362
0.518 0.736 -3.424
0.528 0.746 -3.498
0.538 0.754 -3.582
0.548 0.757 -3.674
0.558 0.757 -3.772
0.568 0.753 -3.868
0.578 0.744 -3.982
0.588 0.734 -4.076
0.598 0.718 -4.18
0.608 0.699 -4.28
0.618 0.677 -4.36
0.628 0.652 -4.46
0.638 0.624 -4.52
0.648 0.594 -4.58
0.658 0.562 -4.64
0.668 0.53 -4.68
0.678 0.498 -4.7
0.688 0.4658 -4.72
0.698 0.4326 -4.72
0.708 0.402 -4.74
0.718 0.373 -4.74
0.728 0.346 -4.72
0.738 0.3212 -4.7
0.748 0.2992 -4.7
0.758 0.2804 -4.66
0.768 0.2648 -4.66
0.778 0.2525 -4.64
0.788 0.2434 -4.62
0.798 0.2376 -4.62
0.808 0.2348 -4.58
0.818 0.2349 -4.58
0.828 0.2374 -4.56
0.838 0.242 -4.54
0.848 0.2483 -4.54
0.858 0.2559 -4.54
0.868 0.2643 -4.54
0.878 0.2732 -4.52
0.888 0.2821 -4.52
0.898 0.2907 -4.52
0.908 0.2985 -4.52
0.918 0.3055 -4.56
0.928 0.3113 -4.56
0.938 0.3159 -4.56
0.948 0.3191 -4.58
0.958 0.321 -4.6
0.968 0.3217 -4.62
0.978 0.3213 -4.66
0.988 0.3198 -4.68
0.998 0.3178 -4.74
1.008 0.3152 -4.78
1.018 0.312 -4.84
1.028 0.309 -4.9
1.038 0.306 -4.98
1.048 0.3034 -5.08
1.058 0.301 -5.18
1.068 0.2994 -5.28
1.078 0.2986 -5.4
1.088 0.2984 -5.52
1.098 0.299 -5.66
1.108 0.3006 -5.78
1.118 0.3028 -5.94
1.128 0.3059 -6.06
1.138 0.3094 -6.2
1.148 0.3137 -6.32
1.158 0.3182 -6.44
1.168 0.3229 -6.56
1.178 0.3278 -6.68
1.188 0.3322 -6.76
1.198 0.3364 -6.82
1.208 0.34 -6.88
1.218 0.3426 -6.92
1.228 0.3444 -6.94
1.238 0.3448 -6.94
1.248 0.3457 -6.92
1.258 0.3433 -6.88
1.268 0.3405 -6.84
1.278 0.3365 -6.76
1.288 0.3323 -6.7
1.298 0.3271 -6.62
1.308 0.3215 -6.5
1.318 0.3155 -6.4
1.328 0.3097 -6.32
1.338 0.3043 -6.2
1.348 0.2995 -6.08
1.358 0.2956 -6
1.368 0.2928 -5.89
1.378 0.2911 -5.8
1.388 0.2904 -5.7
1.398 0.2909 -5.64
1.408 0.2926 -5.56
1.418 0.295 -5.48
1.428 0.2982 -5.44
1.438 0.3017 -5.4
1.448 0.3054 -5.36
1.458 0.3088 -5.34
1.468 0.3116 -5.32
1.478 0.314 -5.3
1.488 0.3153 -5.32
1.498 0.3155 -5.34
1.508 0.3143 -5.34
1.518 0.312 -5.36
1.528 0.3082 -5.4
1.538 0.3032 -5.42
1.548 0.2967 -5.46
1.558 0.2893 -5.5
1.568 0.2808 -5.54
1.578 0.2715 -5.58
1.588 0.2616 -5.62
1.598 0.2512 -5.68
1.608 0.2406 -5.7
1.618 0.2298 -5.76
1.628 0.2193 -5.79
1.638 0.2091 -5.82
1.648 0.1993 -5.86
1.658 0.1898 -5.89
1.668 0.1812 -5.9
1.678 0.1731 -5.92
1.688 0.1657 -5.91
1.698 0.1591 -5.92
1.708 0.1531 -5.9
1.718 0.1479 -5.84
1.728 0.1431 -5.8
1.738 0.1387 -5.74
1.748 0.1349 -5.66
1.758 0.1314 -5.56
1.768 0.1281 -5.45
1.778 0.125 -5.32
1.788 0.1221 -5.2
1.798 0.1193 -5.04
1.808 0.1164 -4.88
1.818 0.1137 -4.7
1.828 0.1113 -4.53
1.838 0.1089 -4.358
1.848 0.1065 -4.177
1.858 0.1045 -3.998
1.868 0.1027 -3.823
1.878 0.1013 -3.67
1.888 0.1 -3.512
1.898 0.0991 -3.368
1.908 0.0984 -3.235
1.918 0.0979 -3.115
1.928 0.0976 -3.006
1.938 0.0973 -2.907
1.948 0.0971 -2.82
1.958 0.0967 -2.741
1.968 0.0962 -2.67
1.978 0.0953 -2.606
1.988 0.0942 -2.548
1.998 0.0926 -2.493
2.008 0.0906 -2.44
2.018 0.0879 -2.39
2.028 0.085 -2.339
2.038 0.0816 -2.288
2.048 0.0776 -2.238
2.058 0.0736 -2.185
2.068 0.0692 -2.132
2.078 0.0644 -2.078
2.088 0.0597 -2.026
2.098 0.0552 -1.972
2.108 0.0506 -1.919
2.118 0.0462 -1.866
2.128 0.04218 -1.815
2.138 0.03833 -1.766
2.148 0.03508 -1.72
2.158 0.03217 -1.674
2.168 0.0297 -1.631
2.178 0.02765 -1.59
2.188 0.02603 -1.55
2.198 0.02481 -1.512
2.208 0.02393 -1.476
2.218 0.02335 -1.44
2.228 0.02302 -1.404
2.238 0.02285 -1.37
2.248 0.02282 -1.337
2.258 0.02283 -1.303
2.268 0.02285 -1.272
2.278 0.02282 -1.24
2.288 0.02271 -1.208
2.298 0.02246 -1.18
2.308 0.02208 -1.154
2.318 0.02155 -1.128
2.328 0.02085 -1.104
2.338 0.01999 -1.086
2.348 0.019 -1.068
2.358 0.01787 -1.054
2.368 0.01666 -1.042
2.378 0.01537 -1.034
2.388 0.01403 -1.03
2.398 0.0127 -1.027
2.408 0.01135 -1.026
2.418 0.01004 -1.028
2.428 0.0088 -1.032
2.438 0.00764 -1.038
2.448 0.00656 -1.046
2.458 0.00556 -1.053
2.468 0.00466 -1.062
2.478 0.003881 -1.072
2.488 0.003195 -1.08
2.498 0.002601 -1.088
2.508 0.002095 -1.094
2.518 0.00167 -1.1
2.528 0.001318 -1.104
2.538 0.001028 -1.106
2.548 0.000794 -1.106
2.558 0.000608 -1.102
2.568 0.000458 -1.098
2.578 0.0003433 -1.088
2.588 0.0002542 -1.078
2.598 0.0001862 -1.064
2.608 0.000135 -1.048
2.618 9.68e-05 -1.03
2.628 6.86e-05 -1.008
2.638 4.82e-05 -0.984
2.648 3.353e-05 -0.958
2.658 2.306e-05 -0.931
2.668 1.569e-05 -0.903
2.678 1.056e-05 -0.876
2.688 7.04e-06 -0.847
2.698 4.64e-06 -0.818
2.708 3.026e-06 -0.79
2.718 1.953e-06 -0.762
2.728 1.247e-06 -0.736
2.738 7.9e-07 -0.71
2.748 4.92e-07 -0.688
2.758 3.051e-07 -0.666
2.768 1.868e-07 -0.646
2.778 1.131e-07 -0.626
2.788 6.78e-08 -0.61
2.798 4.029e-08 -0.592
2.808 2.361e-08 -0.578
2.818 1.371e-08 -0.564
2.828 7.87e-09 -0.55
2.838 4.48e-09 -0.536
2.848 2.519e-09 -0.524
2.858 1.402e-09 -0.514
2.868 7.73e-10 -0.502
2.878 4.214e-10 -0.492
2.888 2.27e-10 -0.48
2.898 1.21e-10 -0.47
2.908 6.4e-11 -0.464
2.918 3.341e-11 -0.456
2.928 1.726e-11 -0.45
2.938 8.82e-12 -0.444
2.948 4.471e-12 -0.44
2.958 2.236e-12 -0.44
2.968 1.108e-12 -0.44
2.978 5.42e-13 -0.44
2.988 2.092e-13 -0.446
2.998 1.009e-13 -0.449
3.008 4.82e-14 -0.457
3.018 0.0 -0.464
3.028 0.0 -0.472
3.038 0.0 -0.482
3.048 0.0 -0.49
3.058 0.0 -0.502
3.068 0.0 -0.51
3.078 0.0 -0.521
3.088 0.0 -0.532
3.098 0.0 -0.54
3.108 0.0 -0.546
3.118 0.0 -0.554
3.128 0.0 -0.56
3.138 0.0 -0.562
3.148 0.0 -0.563
3.158 0.0 -0.564
3.168 0.0 -0.56
3.178 0.0 -0.558
3.188 0.0 -0.55
3.198 0.0 -0.541
3.208 0.0 -0.531
3.218 0.0 -0.518
3.228 0.0 -0.502
3.238 0.0 -0.486
3.248 0.0 -0.468
3.258 0.0 -0.45
3.268 0.0 -0.43
3.278 0.0 -0.4104
3.288 0.0 -0.3898
3.298 0.0 -0.3707
3.308 0.0 -0.3523
3.318 0.0 -0.3351
3.328 0.0 -0.3192
3.338 0.0 -0.3051
3.348 0.0 -0.2927
3.358 0.0 -0.2823
3.368 0.0 -0.2735
3.378 0.0 -0.2665
3.388 0.0 -0.2611
3.398 0.0 -0.2569
3.408 0.0 -0.2541
3.418 0.0 -0.252
3.428 0.0 -0.2505
3.438 0.0 -0.2493
3.448 0.0 -0.2481
3.458 0.0 -0.2465
3.468 0.0 -0.2445
3.478 0.0 -0.2417
3.488 0.0 -0.238
3.498 0.0 -0.2333
3.508 0.0 -0.2275
3.518 0.0 -0.2209
3.528 0.0 -0.2131
3.538 0.0 -0.2044
3.548 0.0 -0.1949
3.558 0.0 -0.1846
3.568 0.0 -0.1739
3.578 0.0 -0.1629
3.588 0.0 -0.1518
3.598 0.0 -0.1406
3.608 0.0 -0.1297
3.618 0.0 -0.119
3.628 0.0 -0.1089
3.638 0.0 -0.0994
3.648 0.0 -0.0906
3.658 0.0 -0.0824
3.668 0.0 -0.0751
3.678 0.0 -0.0687
3.688 0.0 -0.0628
3.698 0.0 -0.0578
3.708 0.0 -0.0534
3.718 0.0 -0.0496
3.728 0.0 -0.0464
3.738 0.0 -0.0436
3.748 0.0 -0.04108
3.758 0.0 -0.03867
3.768 0.0 -0.03673
3.778 0.0 -0.03483
3.788 0.0 -0.03301
3.798 0.0 -0.03122
3.808 0.0 -0.02943
3.818 0.0 -0.02762
3.828 0.0 -0.02579
3.838 0.0 -0.02393
3.848 0.0 -0.02206
3.858 0.0 -0.02017
3.868 0.0 -0.0183
3.878 0.0 -0.01646
3.888 0.0 -0.01468
3.898 0.0 -0.01296
3.908 0.0 -0.01136
3.918 0.0 -0.00984
3.928 0.0 -0.00846
3.938 0.0 -0.00718
3.948 0.0 -0.00604
3.958 0.0 -0.00504
3.968 0.0 -0.00416
3.978 0.0 -0.003396
3.988 0.0 -0.002743
3.998 0.0 -0.002194
4.008 0.0 -0.001736
4.018 0.0 -0.00136
4.028 0.0 -0.001054
4.038 0.0 -0.000808
4.048 0.0 -0.000614
4.058 0.0 -0.00046
4.068 0.0 -0.0003424
4.078 0.0 -0.0002516
4.088 0.0 -0.0001832
4.098 0.0 -0.0001318
4.108 0.0 -9.38e-05
4.118 0.0 -6.6e-05
4.128 0.0 -4.6e-05
4.138 0.0 -3.176e-05
4.148 0.0 -2.168e-05
4.158 0.0 -1.463e-05
4.168 0.0 -9.76e-06
4.178 0.0 -6.44e-06
4.188 0.0 -4.22e-06
4.198 0.0 -2.726e-06
4.208 0.0 -1.744e-06
