-55.332 1.344e-08 0
-55.322 2.176e-08 0
-55.312 3.484e-08 0
-55.302 5.52e-08 0
-55.292 8.64e-08 0
-55.282 1.342e-07 0
-55.272 2.058e-07 0
-55.262 3.126e-07 0
-55.252 4.68e-07 0
-55.242 6.96e-07 0
-55.232 1.024e-06 0
-55.222 1.49e-06 0
-55.212 2.144e-06 0
-55.202 3.05e-06 0
-55.192 4.28e-06 0
-55.182 6e-06 0
-55.172 8.24e-06 0
-55.162 1.128e-05 0
-55.152 1.52e-05 0
-55.142 2.032e-05 0
-55.132 2.688e-05 0
-55.122 3.518e-05 0
-55.112 4.56e-05 0
-55.102 5.84e-05 0
-55.092 7.44e-05 0
-55.082 9.36e-05 0
-55.072 0.0001164 0
-55.062 0.000144 0
-55.052 0.000176 0
-55.042 0.0002136 0
-55.032 0.000257 0
-55.022 0.0003068 0
-55.012 0.0003636 0
-55.002 0.000428 0
-54.992 0.0005 0
-54.982 0.00058 0
-54.972 0.000672 0
-54.962 0.000776 0
-54.952 0.000888 0
-54.942 0.001016 0
-54.932 0.00116 0
-54.922 0.00132 0
-54.912 0.001498 0
-54.902 0.001696 0
-54.892 0.00192 0
-54.882 0.002166 0
-54.872 0.00244 0
-54.862 0.00274 0
-54.852 0.003066 0
-54.842 0.00342 0
-54.832 0.003796 0
-54.822 0.0042 0
-54.812 0.0046 0
-54.802 0.00504 0
-54.792 0.00544 0
-54.782 0.00588 0
-54.772 0.00628 0
-54.762 0.00664 0
-54.752 0.00698 0
-54.742 0.00728 0
-54.732 0.00752 0
-54.722 0.00768 0
-54.712 0.00776 0
-54.702 0.0078 0
-54.692 0.00776 0
-54.682 0.00764 0
-54.672 0.00744 0
-54.662 0.0072 0
-54.652 0.00684 0
-54.642 0.00648 0
-54.632 0.00608 0
-54.622 0.00564 0
-54.612 0.00516 0
-54.602 0.00468 0
-54.592 0.0042 0
-54.582 0.003758 0
-54.572 0.003314 0
-54.562 0.002898 0
-54.552 0.00251 0
-54.542 0.002158 0
-54.532 0.001846 0
-54.522 0.00157 0
-54.512 0.001336 0
-54.502 0.001142 0
-54.492 0.000986 0
-54.482 0.00087 0
-54.472 0.00079 0
-54.462 0.000746 0
-54.452 0.000736 0
-54.442 0.00076 0
-54.432 0.000818 0
-54.422 0.00091 0
-54.412 0.001034 0
-54.402 0.00119 0
-54.392 0.00138 0
-54.382 0.001604 0
-54.372 0.001856 0
-54.362 0.002142 0
-54.352 0.002462 0
-54.342 0.002811 0
-54.332 0.003188 0
-54.322 0.003594 0
-54.312 0.00402 0
-54.302 0.00448 0
-54.292 0.00496 0
-54.282 0.00546 0
-54.272 0.00596 0
-54.262 0.0065 0
-54.252 0.00704 0
-54.242 0.00758 0
-54.232 0.00818 0
-54.222 0.00878 0
-54.212 0.00938 0
-54.202 0.01002 0
-54.192 0.01066 0
-54.182 0.01136 0
-54.172 0.01208 0
-54.162 0.01284 0
-54.152 0.01364 0
-54.142 0.01448 0
-54.132 0.01536 0
-54.122 0.01628 0
-54.112 0.01724 0
-54.102 0.01824 0
-54.092 0.01922 0
-54.082 0.02022 0
-54.072 0.02118 0
-54.062 0.02214 0
-54.052 0.02302 0
-54.042 0.02382 0
-54.032 0.02452 0
-54.022 0.02508 0
-54.012 0.02552 0
-54.002 0.02578 0
-53.992 0.0259 0
-53.982 0.02578 0
-53.972 0.0255 0
-53.962 0.02502 0
-53.952 0.02436 0
-53.942 0.02352 0
-53.932 0.0225 0
-53.922 0.02136 0
-53.912 0.02008 0
-53.902 0.01872 0
-53.892 0.01732 0
-53.882 0.01586 0
-53.872 0.0144 0
-53.862 0.01294 0
-53.852 0.01154 0
-53.842 0.01018 0
-53.832 0.0089 0
-53.822 0.0077 0
-53.812 0.0066 0
-53.802 0.00562 0
-53.792 0.00472 0
-53.782 0.003936 0
-53.772 0.003248 0
-53.762 0.002654 0
-53.752 0.002148 0
-53.742 0.001722 0
-53.732 0.001368 0
-53.722 0.001074 0
-53.712 0.000836 0
-53.702 0.000644 0
-53.692 0.000492 0
-53.682 0.0003706 0
-53.672 0.000277 0
-53.662 0.000205 0
-53.652 0.0001504 0
-53.642 0.000109 0
-53.632 7.82e-05 0
-53.622 5.58e-05 0
-53.612 3.918e-05 0
-53.602 2.729e-05 0
-53.592 1.882e-05 0
-53.582 1.284e-05 0
-53.572 8.66e-06 0
-53.562 5.8e-06 0
-53.552 3.841e-06 0
-53.542 2.516e-06 0
-53.532 1.633e-06 0
-53.522 1.047e-06 0
-53.512 6.66e-07 0
-53.502 4.2e-07 0
-53.492 2.604e-07 0
-53.482 1.604e-07 0
-53.472 9.77e-08 0
-53.462 5.9e-08 0
-53.452 3.522e-08 0
-53.442 2.082e-08 0
-53.432 1.218e-08 0
-53.422 7.04e-09 0
-53.412 4.024e-09 0
-53.402 2.286e-09 0
-53.392 1.282e-09 0
-53.382 7.12e-10 0
-53.372 3.91e-10 0
-53.362 2.126e-10 0
-53.352 1.144e-10 0
-53.342 6.08e-11 0
-53.332 3.206e-11 0
-53.322 1.67e-11 0
-53.312 8.6e-12 0
-53.302 4.38e-12 0
-53.292 2.207e-12 0
-53.282 1.096e-12 0
-53.272 5.32e-13 0
-53.262 2.561e-13 0
-53.252 1.188e-13 0
-53.242 4.82e-14 0
-53.232 1.752e-14 0
-53.222 3.305e-15 0
-53.212 2.657e-16 0
-53.202 0.0 0
-53.192 0.0 0
-53.182 0.0 0
-53.172 0.0 0
-53.162 0.0 0
-53.152 0.0 0
-53.142 0.0 0
-53.132 0.0 0
-53.122 0.0 0
-53.112 0.0 0
-53.102 0.0 0
-53.092 0.0 0
-53.082 0.0 0
-53.072 0.0 0
-53.062 0.0 0
-53.052 0.0 0
-53.042 0.0 0
-53.032 0.0 0
-53.022 0.0 0
-53.012 0.0 0
-53.002 0.0 0
-52.992 0.0 0
-52.982 0.0 0
-52.972 0.0 0
-52.962 0.0 0
-52.952 0.0 0
-52.942 0.0 0
-52.932 0.0 0
-52.922 0.0 0
-52.912 0.0 0
-52.902 0.0 0
-52.892 0.0 0
-52.882 0.0 0
-52.872 0.0 0
-52.862 0.0 0
-52.852 0.0 0
-52.842 0.0 0
-52.832 0.0 0
-52.822 0.0 0
-52.812 0.0 0
-52.802 0.0 0
-52.792 0.0 0
-52.782 0.0 0
-52.772 0.0 0
-52.762 0.0 0
-52.752 0.0 0
-52.742 0.0 0
-52.732 0.0 0
-52.722 0.0 0
-52.712 0.0 0
-52.702 0.0 0
-52.692 0.0 0
-52.682 0.0 0
-52.672 0.0 0
-52.662 0.0 0
-52.652 0.0 0
-52.642 0.0 0
-52.632 0.0 0
-52.622 0.0 0
-52.612 0.0 0
-52.602 0.0 0
-52.592 0.0 0
-52.582 0.0 0
-52.572 0.0 0
-52.562 0.0 0
-52.552 0.0 0
-52.542 0.0 0
-52.532 0.0 0
-52.522 0.0 -1.455e-18
-52.512 0.0 -1.072e-17
-52.502 0.0 -3.578e-17
-52.492 0.0 -8.72e-17
-52.482 0.0 -2.355e-16
-52.472 0.0 -5.35e-16
-52.462 0.0 -1.101e-15
-52.452 0.0 -2.244e-15
-52.442 0.0 -4.547e-15
-52.432 0.0 -9.06e-15
-52.422 0.0 -1.776e-14
-52.412 0.0 -3.445e-14
-52.402 0.0 -6.6e-14
-52.392 0.0 -1.255e-13
-52.382 0.0 -2.358e-13
-52.372 0.0 -4.382e-13
-52.362 0.0 -8.07e-13
-52.352 0.0 -1.471e-12
-52.342 0.0 -2.652e-12
-52.332 0.0 -4.73e-12
-52.322 0.0 -8.37e-12
-52.312 0.0 -1.462e-11
-52.302 0.0 -2.53e-11
-52.292 0.0 -4.336e-11
-52.282 0.0 -7.34e-11
-52.272 0.0 -1.232e-10
-52.262 0.0 -2.049e-10
-52.252 0.0 -3.368e-10
-52.242 0.0 -5.48e-10
-52.232 0.0 -8.84e-10
-52.222 0.0 -1.41e-09
-52.212 0.0 -2.228e-09
-52.202 0.0 -3.485e-09
-52.192 0.0 -5.4e-09
-52.182 0.0 -8.28e-09
-52.172 0.0 -1.258e-08
-52.162 0.0 -1.895e-08
-52.152 0.0 -2.824e-08
-52.142 0.0 -4.17e-08
-52.132 0.0 -6.1e-08
-52.122 0.0 -8.85e-08
-52.112 0.0 -1.272e-07
-52.102 0.0 -1.814e-07
-52.092 0.0 -2.563e-07
-52.082 0.0 -3.595e-07
-52.072 0.0 -5e-07
-52.062 0.0 -6.91e-07
-52.052 0.0 -9.46e-07
-52.042 0.0 -1.289e-06
-52.032 0.0 -1.745e-06
-52.022 0.0 -2.348e-06
-52.012 0.0 -3.142e-06
-52.002 0.0 -4.2e-06
-51.992 0.0 -5.54e-06
-51.982 0.0 -7.34e-06
-51.972 0.0 -9.66e-06
-51.962 0.0 -1.267e-05
-51.952 0.0 -1.658e-05
-51.942 0.0 -2.166e-05
-51.932 0.0 -2.822e-05
-51.922 0.0 -3.67e-05
-51.912 0.0 -4.76e-05
-51.902 0.0 -6.16e-05
-51.892 0.0 -7.96e-05
-51.882 0.0 -0.0001022
-51.872 0.0 -0.0001312
-51.862 0.0 -0.0001679
-51.852 0.0 -0.0002138
-51.842 0.0 -0.0002712
-51.832 0.0 -0.0003422
-51.822 0.0 -0.00043
-51.812 0.0 -0.000536
-51.802 0.0 -0.000666
-51.792 0.0 -0.000822
-51.782 0.0 -0.001008
-51.772 0.0 -0.001226
-51.762 0.0 -0.001484
-51.752 0.0 -0.001782
-51.742 0.0 -0.002128
-51.732 0.0 -0.002522
-51.722 0.0 -0.002964
-51.712 0.0 -0.003464
-51.702 0.0 -0.004
-51.692 0.0 -0.00462
-51.682 0.0 -0.00528
-51.672 0.0 -0.006
-51.662 0.0 -0.00676
-51.652 0.0 -0.00756
-51.642 0.0 -0.00838
-51.632 0.0 -0.00926
-51.622 0.0 -0.01014
-51.612 0.0 -0.01104
-51.602 0.0 -0.01194
-51.592 0.0 -0.01284
-51.582 0.0 -0.01372
-51.572 0.0 -0.01456
-51.562 0.0 -0.01536
-51.552 0.0 -0.01614
-51.542 0.0 -0.01686
-51.532 0.0 -0.01754
-51.522 0.0 -0.01814
-51.512 0.0 -0.0187
-51.502 0.0 -0.01922
-51.492 0.0 -0.01966
-51.482 0.0 -0.0201
-51.472 0.0 -0.02046
-51.462 0.0 -0.0208
-51.452 0.0 -0.02114
-51.442 0.0 -0.02146
-51.432 0.0 -0.02178
-51.422 0.0 -0.0221
-51.412 0.0 -0.02244
-51.402 0.0 -0.02278
-51.392 0.0 -0.02316
-51.382 0.0 -0.02354
-51.372 0.0 -0.02394
-51.362 0.0 -0.02432
-51.352 0.0 -0.02472
-51.342 0.0 -0.0251
-51.332 0.0 -0.02542
-51.322 0.0 -0.0257
-51.312 0.0 -0.02589
-51.302 0.0 -0.02598
-51.292 0.0 -0.02598
-51.282 0.0 -0.02584
-51.272 0.0 -0.02556
-51.262 0.0 -0.02514
-51.252 0.0 -0.02456
-51.242 0.0 -0.02384
-51.232 0.0 -0.02296
-51.222 0.0 -0.02194
-51.212 0.0 -0.02084
-51.202 0.0 -0.01958
-51.192 0.0 -0.01828
-51.182 0.0 -0.01692
-51.172 0.0 -0.0155
-51.162 0.0 -0.01408
-51.152 0.0 -0.01268
-51.142 0.0 -0.0113
-51.132 0.0 -0.00998
-51.122 0.0 -0.00874
-51.112 0.0 -0.00758
-51.102 0.0 -0.0065
-51.092 0.0 -0.00554
-51.082 0.0 -0.00466
-51.072 0.0 -0.003878
-51.062 0.0 -0.003201
-51.052 0.0 -0.002615
-51.042 0.0 -0.002114
-51.032 0.0 -0.001694
-51.022 0.0 -0.001342
-51.012 0.0 -0.001053
-51.002 0.0 -0.000818
-50.992 0.0 -0.00063
-50.982 0.0 -0.000478
-50.972 0.0 -0.0003604
-50.962 0.0 -0.0002686
-50.952 0.0 -0.0001982
-50.942 0.0 -0.0001448
-50.932 0.0 -0.0001046
-50.922 0.0 -7.48e-05
-50.912 0.0 -5.3e-05
-50.902 0.0 -3.71e-05
-50.892 0.0 -2.572e-05
-50.882 0.0 -1.765e-05
-50.872 0.0 -1.199e-05
-50.862 0.0 -8.06e-06
-50.852 0.0 -5.36e-06
-50.842 0.0 -3.523e-06
-50.832 0.0 -2.294e-06
-50.822 0.0 -1.479e-06
-50.812 0.0 -9.42e-07
-50.802 0.0 -5.95e-07
-50.792 0.0 -3.714e-07
-50.782 0.0 -2.295e-07
-50.772 0.0 -1.402e-07
-50.762 0.0 -8.48e-08
-50.752 0.0 -5.08e-08
-50.742 0.0 -3.01e-08
-50.732 0.0 -1.764e-08
-50.722 0.0 -1.022e-08
-50.712 0.0 -5.86e-09
-50.702 0.0 -3.334e-09
-50.692 0.0 -1.873e-09
-50.682 0.0 -1.041e-09
-50.672 0.0 -5.72e-10
-50.662 0.0 -3.119e-10
-50.652 0.0 -1.68e-10
-50.642 0.0 -8.96e-11
-50.632 0.0 -4.72e-11
-50.622 0.0 -2.463e-11
-50.612 0.0 -1.27e-11
-50.602 0.0 -6.48e-12
-50.592 0.0 -3.274e-12
-50.582 0.0 -1.636e-12
-50.572 0.0 -8.02e-13
-50.562 0.0 -3.855e-13
-50.552 0.0 -1.781e-13
-50.542 0.0 -7.38e-14
-50.532 0.0 -2.482e-14
-50.522 0.0 -4.308e-15
-50.512 0.0 0
-50.502 0.0 0
-50.492 0.0 0
-50.482 0.0 0
-50.472 0.0 0
-50.462 0.0 0
-50.452 0.0 0
-50.442 0.0 0
-50.432 0.0 0
-50.422 0.0 0
-50.412 0.0 0
-50.402 0.0 0
-50.392 0.0 0
-50.382 0.0 0
-50.372 0.0 0
-50.362 0.0 0
-50.352 0.0 0
-50.342 0.0 0
-50.332 0.0 0
-50.322 0.0 0
-50.312 0.0 0
-50.302 0.0 0
-50.292 0.0 0
-50.282 0.0 0
-50.272 0.0 0
-50.262 0.0 0
-50.252 0.0 0
-50.242 0.0 0
-50.232 0.0 0
-50.222 0.0 0
-50.212 0.0 0
-50.202 0.0 0
-50.192 0.0 0
-50.182 0.0 0
-50.172 0.0 0
-50.162 0.0 0
-50.152 0.0 0
-50.142 0.0 0
-50.132 0.0 0
-50.122 0.0 0
-50.112 0.0 0
-50.102 0.0 0
-50.092 0.0 0
-50.082 0.0 0
-50.072 0.0 0
-50.062 0.0 0
-50.052 0.0 0
-50.042 0.0 0
-50.032 0.0 0
-50.022 0.0 0
-50.012 0.0 0
-50.002 0.0 0
-49.992 0.0 0
-49.982 0.0 0
-49.972 0.0 0
-49.962 0.0 0
-49.952 0.0 0
-49.942 0.0 0
-49.932 0.0 0
-49.922 0.0 0
-49.912 0.0 0
-49.902 0.0 0
-49.892 0.0 0
-49.882 0.0 0
-49.872 0.0 0
-49.862 0.0 0
-49.852 0.0 0
-49.842 0.0 0
-49.832 0.0 0
-49.822 0.0 0
-49.812 0.0 0
-49.802 0.0 0
-49.792 0.0 0
-49.782 0.0 0
-49.772 0.0 0
-49.762 0.0 0
-49.752 0.0 0
-49.742 0.0 0
-49.732 0.0 0
-49.722 0.0 0
-49.712 0.0 0
-49.702 0.0 0
-49.692 0.0 0
-49.682 0.0 0
-49.672 0.0 0
-49.662 0.0 0
-49.652 0.0 0
-49.642 0.0 0
-49.632 0.0 0
-49.622 0.0 0
-49.612 0.0 0
-49.602 0.0 0
-49.592 0.0 0
-49.582 0.0 0
-49.572 0.0 0
-49.562 0.0 0
-49.552 0.0 0
-49.542 0.0 0
-49.532 0.0 0
-49.522 0.0 0
-49.512 0.0 0
-49.502 0.0 0
-49.492 0.0 0
-49.482 0.0 0
-49.472 0.0 0
-49.462 0.0 0
-49.452 0.0 0
-49.442 0.0 0
-49.432 0.0 0
-49.422 0.0 0
-49.412 0.0 0
-49.402 0.0 0
-49.392 0.0 0
-49.382 0.0 0
-49.372 0.0 0
-49.362 0.0 0
-49.352 0.0 0
-49.342 0.0 0
-49.332 0.0 0
-49.322 0.0 0
-49.312 0.0 0
-49.302 0.0 0
-49.292 0.0 0
-49.282 0.0 0
-49.272 0.0 0
-49.262 0.0 0
-49.252 0.0 0
-49.242 0.0 0
-49.232 0.0 0
-49.222 0.0 0
-49.212 0.0 0
-49.202 0.0 0
-49.192 0.0 0
-49.182 0.0 0
-49.172 0.0 0
-49.162 0.0 0
-49.152 0.0 0
-49.142 0.0 0
-49.132 0.0 0
-49.122 0.0 0
-49.112 0.0 0
-49.102 0.0 0
-49.092 0.0 0
-49.082 0.0 0
-49.072 0.0 0
-49.062 0.0 0
-49.052 0.0 0
-49.042 0.0 0
-49.032 0.0 0
-49.022 0.0 0
-49.012 0.0 0
-49.002 0.0 0
-48.992 0.0 0
-48.982 0.0 0
-48.972 0.0 0
-48.962 0.0 0
-48.952 0.0 0
-48.942 0.0 0
-48.932 0.0 0
-48.922 0.0 0
-48.912 0.0 0
-48.902 0.0 0
-48.892 0.0 0
-48.882 0.0 0
-48.872 0.0 0
-48.862 0.0 0
-48.852 0.0 0
-48.842 0.0 0
-48.832 0.0 0
-48.822 0.0 0
-48.812 0.0 0
-48.802 0.0 0
-48.792 0.0 0
-48.782 0.0 0
-48.772 0.0 0
-48.762 0.0 0
-48.752 0.0 0
-48.742 0.0 0
-48.732 0.0 0
-48.722 0.0 0
-48.712 0.0 0
-48.702 0.0 0
-48.692 0.0 0
-48.682 0.0 0
-48.672 0.0 0
-48.662 0.0 0
-48.652 0.0 0
-48.642 0.0 0
-48.632 0.0 0
-48.622 0.0 0
-48.612 0.0 0
-48.602 0.0 0
-48.592 0.0 0
-48.582 0.0 0
-48.572 0.0 0
-48.562 0.0 0
-48.552 0.0 0
-48.542 0.0 0
-48.532 0.0 0
-48.522 0.0 0
-48.512 0.0 0
-48.502 0.0 0
-48.492 0.0 0
-48.482 0.0 0
-48.472 0.0 0
-48.462 0.0 0
-48.452 0.0 0
-48.442 0.0 0
-48.432 0.0 0
-48.422 0.0 0
-48.412 0.0 0
-48.402 0.0 0
-48.392 0.0 0
-48.382 0.0 0
-48.372 0.0 0
-48.362 0.0 0
-48.352 0.0 0
-48.342 0.0 0
-48.332 0.0 0
-48.322 0.0 0
-48.312 0.0 0
-48.302 0.0 0
-48.292 0.0 0
-48.282 0.0 0
-48.272 0.0 0
-48.262 0.0 0
-48.252 0.0 0
-48.242 0.0 0
-48.232 0.0 0
-48.222 0.0 0
-48.212 0.0 0
-48.202 0.0 0
-48.192 0.0 0
-48.182 0.0 0
-48.172 0.0 0
-48.162 0.0 0
-48.152 0.0 0
-48.142 0.0 0
-48.132 0.0 0
-48.122 0.0 0
-48.112 0.0 0
-48.102 0.0 0
-48.092 0.0 0
-48.082 0.0 0
-48.072 0.0 0
-48.062 0.0 0
-48.052 0.0 0
-48.042 0.0 0
-48.032 0.0 0
-48.022 0.0 0
-48.012 0.0 0
-48.002 0.0 0
-47.992 0.0 0
-47.982 0.0 0
-47.972 0.0 0
-47.962 0.0 0
-47.952 0.0 0
-47.942 0.0 0
-47.932 0.0 0
-47.922 0.0 0
-47.912 0.0 0
-47.902 0.0 0
-47.892 0.0 0
-47.882 0.0 0
-47.872 0.0 0
-47.862 0.0 0
-47.852 0.0 0
-47.842 0.0 0
-47.832 0.0 0
-47.822 0.0 0
-47.812 0.0 0
-47.802 0.0 0
-47.792 0.0 0
-47.782 0.0 0
-47.772 0.0 0
-47.762 0.0 0
-47.752 0.0 0
-47.742 0.0 0
-47.732 0.0 0
-47.722 0.0 0
-47.712 0.0 0
-47.702 0.0 0
-47.692 0.0 0
-47.682 0.0 0
-47.672 0.0 0
-47.662 0.0 0
-47.652 0.0 0
-47.642 0.0 0
-47.632 0.0 0
-47.622 0.0 0
-47.612 0.0 0
-47.602 0.0 0
-47.592 0.0 0
-47.582 0.0 0
-47.572 0.0 0
-47.562 0.0 0
-47.552 0.0 0
-47.542 0.0 0
-47.532 0.0 0
-47.522 0.0 0
-47.512 0.0 0
-47.502 0.0 0
-47.492 0.0 0
-47.482 0.0 0
-47.472 0.0 0
-47.462 0.0 0
-47.452 0.0 0
-47.442 0.0 0
-47.432 0.0 0
-47.422 0.0 0
-47.412 0.0 0
-47.402 0.0 0
-47.392 0.0 0
-47.382 0.0 0
-47.372 0.0 0
-47.362 0.0 0
-47.352 0.0 0
-47.342 0.0 0
-47.332 0.0 0
-47.322 0.0 0
-47.312 0.0 0
-47.302 0.0 0
-47.292 0.0 0
-47.282 0.0 0
-47.272 0.0 0
-47.262 0.0 0
-47.252 0.0 0
-47.242 0.0 0
-47.232 0.0 0
-47.222 0.0 0
-47.212 0.0 0
-47.202 0.0 0
-47.192 0.0 0
-47.182 0.0 0
-47.172 0.0 0
-47.162 0.0 0
-47.152 0.0 0
-47.142 0.0 0
-47.132 0.0 0
-47.122 0.0 0
-47.112 0.0 0
-47.102 0.0 0
-47.092 0.0 0
-47.082 0.0 0
-47.072 0.0 0
-47.062 0.0 0
-47.052 0.0 0
-47.042 0.0 0
-47.032 0.0 0
-47.022 0.0 0
-47.012 0.0 0
-47.002 0.0 0
-46.992 0.0 0
-46.982 0.0 0
-46.972 0.0 0
-46.962 0.0 0
-46.952 0.0 0
-46.942 0.0 0
-46.932 0.0 0
-46.922 0.0 0
-46.912 0.0 0
-46.902 0.0 0
-46.892 0.0 0
-46.882 0.0 0
-46.872 0.0 0
-46.862 0.0 0
-46.852 0.0 0
-46.842 0.0 0
-46.832 0.0 0
-46.822 0.0 0
-46.812 0.0 0
-46.802 0.0 0
-46.792 0.0 0
-46.782 0.0 0
-46.772 0.0 0
-46.762 0.0 0
-46.752 0.0 0
-46.742 0.0 0
-46.732 0.0 0
-46.722 0.0 0
-46.712 0.0 0
-46.702 0.0 0
-46.692 0.0 0
-46.682 0.0 0
-46.672 0.0 0
-46.662 0.0 0
-46.652 0.0 0
-46.642 0.0 0
-46.632 0.0 0
-46.622 0.0 0
-46.612 0.0 0
-46.602 0.0 0
-46.592 0.0 0
-46.582 0.0 0
-46.572 0.0 0
-46.562 0.0 0
-46.552 0.0 0
-46.542 0.0 0
-46.532 0.0 0
-46.522 0.0 0
-46.512 0.0 0
-46.502 0.0 0
-46.492 0.0 0
-46.482 0.0 0
-46.472 0.0 0
-46.462 0.0 0
-46.452 0.0 0
-46.442 0.0 0
-46.432 0.0 0
-46.422 0.0 0
-46.412 0.0 0
-46.402 0.0 0
-46.392 0.0 0
-46.382 0.0 0
-46.372 0.0 0
-46.362 0.0 0
-46.352 0.0 0
-46.342 0.0 0
-46.332 0.0 0
-46.322 0.0 0
-46.312 0.0 0
-46.302 0.0 0
-46.292 0.0 0
-46.282 0.0 0
-46.272 0.0 0
-46.262 0.0 0
-46.252 0.0 0
-46.242 0.0 0
-46.232 0.0 0
-46.222 0.0 0
-46.212 0.0 0
-46.202 0.0 0
-46.192 0.0 0
-46.182 0.0 0
-46.172 0.0 0
-46.162 0.0 0
-46.152 0.0 0
-46.142 0.0 0
-46.132 0.0 0
-46.122 0.0 0
-46.112 0.0 0
-46.102 0.0 0
-46.092 0.0 0
-46.082 0.0 0
-46.072 0.0 0
-46.062 0.0 0
-46.052 0.0 0
-46.042 0.0 0
-46.032 0.0 0
-46.022 0.0 0
-46.012 0.0 0
-46.002 0.0 0
-45.992 0.0 0
-45.982 0.0 0
-45.972 0.0 0
-45.962 0.0 0
-45.952 0.0 0
-45.942 0.0 0
-45.932 0.0 0
-45.922 0.0 0
-45.912 0.0 0
-45.902 0.0 0
-45.892 0.0 0
-45.882 0.0 0
-45.872 0.0 0
-45.862 0.0 0
-45.852 0.0 0
-45.842 0.0 0
-45.832 0.0 0
-45.822 0.0 0
-45.812 0.0 0
-45.802 0.0 0
-45.792 0.0 0
-45.782 0.0 0
-45.772 0.0 0
-45.762 0.0 0
-45.752 0.0 0
-45.742 0.0 0
-45.732 0.0 0
-45.722 0.0 0
-45.712 0.0 0
-45.702 0.0 0
-45.692 0.0 0
-45.682 0.0 0
-45.672 0.0 0
-45.662 0.0 0
-45.652 0.0 0
-45.642 0.0 0
-45.632 0.0 0
-45.622 0.0 0
-45.612 0.0 0
-45.602 0.0 0
-45.592 0.0 0
-45.582 0.0 0
-45.572 0.0 0
-45.562 0.0 0
-45.552 0.0 0
-45.542 0.0 0
-45.532 0.0 0
-45.522 0.0 0
-45.512 0.0 0
-45.502 0.0 0
-45.492 0.0 0
-45.482 0.0 0
-45.472 0.0 0
-45.462 0.0 0
-45.452 0.0 0
-45.442 0.0 0
-45.432 0.0 0
-45.422 0.0 0
-45.412 0.0 0
-45.402 0.0 0
-45.392 0.0 0
-45.382 0.0 0
-45.372 0.0 0
-45.362 0.0 0
-45.352 0.0 0
-45.342 0.0 0
-45.332 0.0 0
-45.322 0.0 0
-45.312 0.0 0
-45.302 0.0 0
-45.292 0.0 0
-45.282 0.0 0
-45.272 0.0 0
-45.262 0.0 0
-45.252 0.0 0
-45.242 0.0 0
-45.232 0.0 0
-45.222 0.0 0
-45.212 0.0 0
-45.202 0.0 0
-45.192 0.0 0
-45.182 0.0 0
-45.172 0.0 0
-45.162 0.0 0
-45.152 0.0 0
-45.142 0.0 0
-45.132 0.0 0
-45.122 0.0 0
-45.112 0.0 0
-45.102 0.0 0
-45.092 0.0 0
-45.082 0.0 0
-45.072 0.0 0
-45.062 0.0 0
-45.052 0.0 0
-45.042 0.0 0
-45.032 0.0 0
-45.022 0.0 0
-45.012 0.0 0
-45.002 0.0 0
-44.992 0.0 0
-44.982 0.0 0
-44.972 0.0 0
-44.962 0.0 0
-44.952 0.0 0
-44.942 0.0 0
-44.932 0.0 0
-44.922 0.0 0
-44.912 0.0 0
-44.902 0.0 0
-44.892 0.0 0
-44.882 0.0 0
-44.872 0.0 0
-44.862 0.0 0
-44.852 0.0 0
-44.842 0.0 0
-44.832 0.0 0
-44.822 0.0 0
-44.812 0.0 0
-44.802 0.0 0
-44.792 0.0 0
-44.782 0.0 0
-44.772 0.0 0
-44.762 0.0 0
-44.752 0.0 0
-44.742 0.0 0
-44.732 0.0 0
-44.722 0.0 0
-44.712 0.0 0
-44.702 0.0 0
-44.692 0.0 0
-44.682 0.0 0
-44.672 0.0 0
-44.662 0.0 0
-44.652 0.0 0
-44.642 0.0 0
-44.632 0.0 0
-44.622 0.0 0
-44.612 0.0 0
-44.602 0.0 0
-44.592 0.0 0
-44.582 0.0 0
-44.572 0.0 0
-44.562 0.0 0
-44.552 0.0 0
-44.542 0.0 0
-44.532 0.0 0
-44.522 0.0 0
-44.512 0.0 0
-44.502 0.0 0
-44.492 0.0 0
-44.482 0.0 0
-44.472 0.0 0
-44.462 0.0 0
-44.452 0.0 0
-44.442 0.0 0
-44.432 0.0 0
-44.422 0.0 0
-44.412 0.0 0
-44.402 0.0 0
-44.392 0.0 0
-44.382 0.0 0
-44.372 0.0 0
-44.362 0.0 0
-44.352 0.0 0
-44.342 0.0 0
-44.332 0.0 0
-44.322 0.0 0
-44.312 0.0 0
-44.302 0.0 0
-44.292 0.0 0
-44.282 0.0 0
-44.272 0.0 0
-44.262 0.0 0
-44.252 0.0 0
-44.242 0.0 0
-44.232 0.0 0
-44.222 0.0 0
-44.212 0.0 0
-44.202 0.0 0
-44.192 0.0 0
-44.182 0.0 0
-44.172 0.0 0
-44.162 0.0 0
-44.152 0.0 0
-44.142 0.0 0
-44.132 0.0 0
-44.122 0.0 0
-44.112 0.0 0
-44.102 0.0 0
-44.092 0.0 0
-44.082 0.0 0
-44.072 0.0 0
-44.062 0.0 0
-44.052 0.0 0
-44.042 0.0 0
-44.032 0.0 0
-44.022 0.0 0
-44.012 0.0 0
-44.002 0.0 0
-43.992 0.0 0
-43.982 0.0 0
-43.972 0.0 0
-43.962 0.0 0
-43.952 0.0 0
-43.942 0.0 0
-43.932 0.0 0
-43.922 0.0 0
-43.912 0.0 0
-43.902 0.0 0
-43.892 0.0 0
-43.882 0.0 0
-43.872 0.0 0
-43.862 0.0 0
-43.852 0.0 0
-43.842 0.0 0
-43.832 0.0 0
-43.822 0.0 0
-43.812 0.0 0
-43.802 0.0 0
-43.792 0.0 0
-43.782 0.0 0
-43.772 0.0 0
-43.762 0.0 0
-43.752 0.0 0
-43.742 0.0 0
-43.732 0.0 0
-43.722 0.0 0
-43.712 0.0 0
-43.702 0.0 0
-43.692 0.0 0
-43.682 0.0 0
-43.672 0.0 0
-43.662 0.0 0
-43.652 0.0 0
-43.642 0.0 0
-43.632 0.0 0
-43.622 0.0 0
-43.612 0.0 0
-43.602 0.0 0
-43.592 0.0 0
-43.582 0.0 0
-43.572 0.0 0
-43.562 0.0 0
-43.552 0.0 0
-43.542 0.0 0
-43.532 0.0 0
-43.522 0.0 0
-43.512 0.0 0
-43.502 0.0 0
-43.492 0.0 0
-43.482 0.0 0
-43.472 0.0 0
-43.462 0.0 0
-43.452 0.0 0
-43.442 0.0 0
-43.432 0.0 0
-43.422 0.0 0
-43.412 0.0 0
-43.402 0.0 0
-43.392 0.0 0
-43.382 0.0 0
-43.372 0.0 0
-43.362 0.0 0
-43.352 0.0 0
-43.342 0.0 0
-43.332 0.0 0
-43.322 0.0 0
-43.312 0.0 0
-43.302 0.0 0
-43.292 0.0 0
-43.282 0.0 0
-43.272 0.0 0
-43.262 0.0 0
-43.252 0.0 0
-43.242 0.0 0
-43.232 0.0 0
-43.222 0.0 0
-43.212 0.0 0
-43.202 0.0 0
-43.192 0.0 0
-43.182 0.0 0
-43.172 0.0 0
-43.162 0.0 0
-43.152 0.0 0
-43.142 0.0 0
-43.132 0.0 0
-43.122 0.0 0
-43.112 0.0 0
-43.102 0.0 0
-43.092 0.0 0
-43.082 0.0 0
-43.072 0.0 0
-43.062 0.0 0
-43.052 0.0 0
-43.042 0.0 0
-43.032 0.0 0
-43.022 0.0 0
-43.012 0.0 0
-43.002 0.0 0
-42.992 0.0 0
-42.982 0.0 0
-42.972 0.0 0
-42.962 0.0 0
-42.952 0.0 0
-42.942 0.0 0
-42.932 0.0 0
-42.922 0.0 0
-42.912 0.0 0
-42.902 0.0 0
-42.892 0.0 0
-42.882 0.0 0
-42.872 0.0 0
-42.862 0.0 0
-42.852 0.0 0
-42.842 0.0 0
-42.832 0.0 0
-42.822 0.0 0
-42.812 0.0 0
-42.802 0.0 0
-42.792 0.0 0
-42.782 0.0 0
-42.772 0.0 0
-42.762 0.0 0
-42.752 0.0 0
-42.742 0.0 0
-42.732 0.0 0
-42.722 0.0 0
-42.712 0.0 0
-42.702 0.0 0
-42.692 0.0 0
-42.682 0.0 0
-42.672 0.0 0
-42.662 0.0 0
-42.652 0.0 0
-42.642 0.0 0
-42.632 0.0 0
-42.622 0.0 0
-42.612 0.0 0
-42.602 0.0 0
-42.592 0.0 0
-42.582 0.0 0
-42.572 0.0 0
-42.562 0.0 0
-42.552 0.0 0
-42.542 0.0 0
-42.532 0.0 0
-42.522 0.0 0
-42.512 0.0 0
-42.502 0.0 0
-42.492 0.0 0
-42.482 0.0 0
-42.472 0.0 0
-42.462 0.0 0
-42.452 0.0 0
-42.442 0.0 0
-42.432 0.0 0
-42.422 0.0 0
-42.412 0.0 0
-42.402 0.0 0
-42.392 0.0 0
-42.382 0.0 0
-42.372 0.0 0
-42.362 0.0 0
-42.352 0.0 0
-42.342 0.0 0
-42.332 0.0 0
-42.322 0.0 0
-42.312 0.0 0
-42.302 0.0 0
-42.292 0.0 0
-42.282 0.0 0
-42.272 0.0 0
-42.262 0.0 0
-42.252 0.0 0
-42.242 0.0 0
-42.232 0.0 0
-42.222 0.0 0
-42.212 0.0 0
-42.202 0.0 0
-42.192 0.0 0
-42.182 0.0 0
-42.172 0.0 0
-42.162 0.0 0
-42.152 0.0 0
-42.142 0.0 0
-42.132 0.0 0
-42.122 0.0 0
-42.112 0.0 0
-42.102 0.0 0
-42.092 0.0 0
-42.082 0.0 0
-42.072 0.0 0
-42.062 0.0 0
-42.052 0.0 0
-42.042 0.0 0
-42.032 0.0 0
-42.022 0.0 0
-42.012 0.0 0
-42.002 0.0 0
-41.992 0.0 0
-41.982 0.0 0
-41.972 0.0 0
-41.962 0.0 0
-41.952 0.0 0
-41.942 0.0 0
-41.932 0.0 0
-41.922 0.0 0
-41.912 0.0 0
-41.902 0.0 0
-41.892 0.0 0
-41.882 0.0 0
-41.872 0.0 0
-41.862 0.0 0
-41.852 0.0 0
-41.842 0.0 0
-41.832 0.0 0
-41.822 0.0 0
-41.812 0.0 0
-41.802 0.0 0
-41.792 0.0 0
-41.782 0.0 0
-41.772 0.0 0
-41.762 0.0 0
-41.752 0.0 0
-41.742 0.0 0
-41.732 0.0 0
-41.722 0.0 0
-41.712 0.0 0
-41.702 0.0 0
-41.692 0.0 0
-41.682 0.0 0
-41.672 0.0 0
-41.662 0.0 0
-41.652 0.0 0
-41.642 0.0 0
-41.632 0.0 0
-41.622 0.0 0
-41.612 0.0 0
-41.602 0.0 0
-41.592 0.0 0
-41.582 0.0 0
-41.572 0.0 0
-41.562 0.0 0
-41.552 0.0 0
-41.542 0.0 0
-41.532 0.0 0
-41.522 0.0 0
-41.512 0.0 0
-41.502 0.0 0
-41.492 0.0 0
-41.482 0.0 0
-41.472 0.0 0
-41.462 0.0 0
-41.452 0.0 0
-41.442 0.0 0
-41.432 0.0 0
-41.422 0.0 0
-41.412 0.0 0
-41.402 0.0 0
-41.392 0.0 0
-41.382 0.0 0
-41.372 0.0 0
-41.362 0.0 0
-41.352 0.0 0
-41.342 0.0 0
-41.332 0.0 0
-41.322 0.0 0
-41.312 0.0 0
-41.302 0.0 0
-41.292 0.0 0
-41.282 0.0 0
-41.272 0.0 0
-41.262 0.0 0
-41.252 0.0 0
-41.242 0.0 0
-41.232 0.0 0
-41.222 0.0 0
-41.212 0.0 0
-41.202 0.0 0
-41.192 0.0 0
-41.182 0.0 0
-41.172 0.0 0
-41.162 0.0 0
-41.152 0.0 0
-41.142 0.0 0
-41.132 0.0 0
-41.122 0.0 0
-41.112 0.0 0
-41.102 0.0 0
-41.092 0.0 0
-41.082 0.0 0
-41.072 0.0 0
-41.062 0.0 0
-41.052 0.0 0
-41.042 0.0 0
-41.032 0.0 0
-41.022 0.0 0
-41.012 0.0 0
-41.002 0.0 0
-40.992 0.0 0
-40.982 0.0 0
-40.972 0.0 0
-40.962 0.0 0
-40.952 0.0 0
-40.942 0.0 0
-40.932 0.0 0
-40.922 0.0 0
-40.912 0.0 0
-40.902 0.0 0
-40.892 0.0 0
-40.882 0.0 0
-40.872 0.0 0
-40.862 0.0 0
-40.852 0.0 0
-40.842 0.0 0
-40.832 0.0 0
-40.822 0.0 0
-40.812 0.0 0
-40.802 0.0 0
-40.792 0.0 0
-40.782 0.0 0
-40.772 0.0 0
-40.762 0.0 0
-40.752 0.0 0
-40.742 0.0 0
-40.732 0.0 0
-40.722 0.0 0
-40.712 0.0 0
-40.702 0.0 0
-40.692 0.0 0
-40.682 0.0 0
-40.672 0.0 0
-40.662 0.0 0
-40.652 0.0 0
-40.642 0.0 0
-40.632 0.0 0
-40.622 0.0 0
-40.612 0.0 0
-40.602 0.0 0
-40.592 0.0 0
-40.582 0.0 0
-40.572 0.0 0
-40.562 0.0 0
-40.552 0.0 0
-40.542 0.0 0
-40.532 0.0 0
-40.522 0.0 0
-40.512 0.0 0
-40.502 0.0 0
-40.492 0.0 0
-40.482 0.0 0
-40.472 0.0 0
-40.462 0.0 0
-40.452 0.0 0
-40.442 0.0 0
-40.432 0.0 0
-40.422 0.0 0
-40.412 0.0 0
-40.402 0.0 0
-40.392 0.0 0
-40.382 0.0 0
-40.372 0.0 0
-40.362 0.0 0
-40.352 0.0 0
-40.342 0.0 0
-40.332 0.0 0
-40.322 0.0 0
-40.312 0.0 0
-40.302 0.0 0
-40.292 0.0 0
-40.282 0.0 0
-40.272 0.0 0
-40.262 0.0 0
-40.252 0.0 0
-40.242 0.0 0
-40.232 0.0 0
-40.222 0.0 0
-40.212 0.0 0
-40.202 0.0 0
-40.192 0.0 0
-40.182 0.0 0
-40.172 0.0 0
-40.162 0.0 0
-40.152 0.0 0
-40.142 0.0 0
-40.132 0.0 0
-40.122 0.0 0
-40.112 0.0 0
-40.102 0.0 0
-40.092 0.0 0
-40.082 0.0 0
-40.072 0.0 0
-40.062 0.0 0
-40.052 0.0 0
-40.042 0.0 0
-40.032 0.0 0
-40.022 0.0 0
-40.012 0.0 0
-40.002 0.0 0
-39.992 0.0 0
-39.982 0.0 0
-39.972 0.0 0
-39.962 0.0 0
-39.952 0.0 0
-39.942 0.0 0
-39.932 0.0 0
-39.922 0.0 0
-39.912 0.0 0
-39.902 0.0 0
-39.892 0.0 0
-39.882 0.0 0
-39.872 0.0 0
-39.862 0.0 0
-39.852 0.0 0
-39.842 0.0 0
-39.832 0.0 0
-39.822 0.0 0
-39.812 0.0 0
-39.802 0.0 0
-39.792 0.0 0
-39.782 0.0 0
-39.772 0.0 0
-39.762 0.0 0
-39.752 0.0 0
-39.742 0.0 0
-39.732 0.0 0
-39.722 0.0 0
-39.712 0.0 0
-39.702 0.0 0
-39.692 0.0 0
-39.682 0.0 0
-39.672 0.0 0
-39.662 0.0 0
-39.652 0.0 0
-39.642 0.0 0
-39.632 0.0 0
-39.622 0.0 0
-39.612 0.0 0
-39.602 0.0 0
-39.592 0.0 0
-39.582 0.0 0
-39.572 0.0 0
-39.562 0.0 0
-39.552 0.0 0
-39.542 0.0 0
-39.532 0.0 0
-39.522 0.0 0
-39.512 0.0 0
-39.502 0.0 0
-39.492 0.0 0
-39.482 0.0 0
-39.472 0.0 0
-39.462 0.0 0
-39.452 0.0 0
-39.442 0.0 0
-39.432 0.0 0
-39.422 0.0 0
-39.412 0.0 0
-39.402 0.0 0
-39.392 0.0 0
-39.382 0.0 0
-39.372 0.0 0
-39.362 0.0 0
-39.352 0.0 0
-39.342 0.0 0
-39.332 0.0 0
-39.322 0.0 0
-39.312 0.0 0
-39.302 0.0 0
-39.292 0.0 0
-39.282 0.0 0
-39.272 0.0 0
-39.262 0.0 0
-39.252 0.0 0
-39.242 0.0 0
-39.232 0.0 0
-39.222 0.0 0
-39.212 0.0 0
-39.202 0.0 0
-39.192 0.0 0
-39.182 0.0 0
-39.172 0.0 0
-39.162 0.0 0
-39.152 0.0 0
-39.142 0.0 0
-39.132 0.0 0
-39.122 0.0 0
-39.112 0.0 0
-39.102 0.0 0
-39.092 0.0 0
-39.082 0.0 0
-39.072 0.0 0
-39.062 0.0 0
-39.052 0.0 0
-39.042 0.0 0
-39.032 0.0 0
-39.022 0.0 0
-39.012 0.0 0
-39.002 0.0 0
-38.992 0.0 0
-38.982 0.0 0
-38.972 0.0 0
-38.962 0.0 0
-38.952 0.0 0
-38.942 0.0 0
-38.932 0.0 0
-38.922 0.0 0
-38.912 0.0 0
-38.902 0.0 0
-38.892 0.0 0
-38.882 0.0 0
-38.872 0.0 0
-38.862 0.0 0
-38.852 0.0 0
-38.842 0.0 0
-38.832 0.0 0
-38.822 0.0 0
-38.812 0.0 0
-38.802 0.0 0
-38.792 0.0 0
-38.782 0.0 0
-38.772 0.0 0
-38.762 0.0 0
-38.752 0.0 0
-38.742 0.0 0
-38.732 0.0 0
-38.722 0.0 0
-38.712 0.0 0
-38.702 0.0 0
-38.692 0.0 0
-38.682 0.0 0
-38.672 0.0 0
-38.662 0.0 0
-38.652 0.0 0
-38.642 0.0 0
-38.632 0.0 0
-38.622 0.0 0
-38.612 0.0 0
-38.602 0.0 0
-38.592 0.0 0
-38.582 0.0 0
-38.572 0.0 0
-38.562 0.0 0
-38.552 0.0 0
-38.542 0.0 0
-38.532 0.0 0
-38.522 0.0 0
-38.512 0.0 0
-38.502 0.0 0
-38.492 0.0 0
-38.482 0.0 0
-38.472 0.0 0
-38.462 0.0 0
-38.452 0.0 0
-38.442 0.0 0
-38.432 0.0 0
-38.422 0.0 0
-38.412 0.0 0
-38.402 0.0 0
-38.392 0.0 0
-38.382 0.0 0
-38.372 0.0 0
-38.362 0.0 0
-38.352 0.0 0
-38.342 0.0 0
-38.332 0.0 0
-38.322 0.0 0
-38.312 0.0 0
-38.302 0.0 0
-38.292 0.0 0
-38.282 0.0 0
-38.272 0.0 0
-38.262 0.0 0
-38.252 0.0 0
-38.242 0.0 0
-38.232 0.0 0
-38.222 0.0 0
-38.212 0.0 0
-38.202 0.0 0
-38.192 0.0 0
-38.182 0.0 0
-38.172 0.0 0
-38.162 0.0 0
-38.152 0.0 0
-38.142 0.0 0
-38.132 0.0 0
-38.122 0.0 0
-38.112 0.0 0
-38.102 0.0 0
-38.092 0.0 0
-38.082 0.0 0
-38.072 0.0 0
-38.062 0.0 0
-38.052 0.0 0
-38.042 0.0 0
-38.032 0.0 0
-38.022 0.0 0
-38.012 0.0 0
-38.002 0.0 0
-37.992 0.0 0
-37.982 0.0 0
-37.972 0.0 0
-37.962 0.0 0
-37.952 0.0 0
-37.942 0.0 0
-37.932 0.0 0
-37.922 0.0 0
-37.912 0.0 0
-37.902 0.0 0
-37.892 0.0 0
-37.882 0.0 0
-37.872 0.0 0
-37.862 0.0 0
-37.852 0.0 0
-37.842 0.0 0
-37.832 0.0 0
-37.822 0.0 0
-37.812 0.0 0
-37.802 0.0 0
-37.792 0.0 0
-37.782 0.0 0
-37.772 0.0 0
-37.762 0.0 0
-37.752 0.0 0
-37.742 0.0 0
-37.732 0.0 0
-37.722 0.0 0
-37.712 0.0 0
-37.702 0.0 0
-37.692 0.0 0
-37.682 0.0 0
-37.672 0.0 0
-37.662 0.0 0
-37.652 0.0 0
-37.642 0.0 0
-37.632 0.0 0
-37.622 0.0 0
-37.612 0.0 0
-37.602 0.0 0
-37.592 0.0 0
-37.582 0.0 0
-37.572 0.0 0
-37.562 0.0 0
-37.552 0.0 0
-37.542 0.0 0
-37.532 0.0 0
-37.522 0.0 0
-37.512 0.0 0
-37.502 0.0 0
-37.492 0.0 0
-37.482 0.0 0
-37.472 0.0 0
-37.462 0.0 0
-37.452 0.0 0
-37.442 0.0 0
-37.432 0.0 0
-37.422 0.0 0
-37.412 0.0 0
-37.402 0.0 0
-37.392 0.0 0
-37.382 0.0 0
-37.372 0.0 0
-37.362 0.0 0
-37.352 0.0 0
-37.342 0.0 0
-37.332 0.0 0
-37.322 0.0 0
-37.312 0.0 0
-37.302 0.0 0
-37.292 0.0 0
-37.282 0.0 0
-37.272 0.0 0
-37.262 0.0 0
-37.252 0.0 0
-37.242 0.0 0
-37.232 0.0 0
-37.222 0.0 0
-37.212 0.0 0
-37.202 0.0 0
-37.192 0.0 0
-37.182 0.0 0
-37.172 0.0 0
-37.162 0.0 0
-37.152 0.0 0
-37.142 0.0 0
-37.132 0.0 0
-37.122 0.0 0
-37.112 0.0 0
-37.102 0.0 0
-37.092 0.0 0
-37.082 0.0 0
-37.072 0.0 0
-37.062 0.0 0
-37.052 0.0 0
-37.042 0.0 0
-37.032 0.0 0
-37.022 0.0 0
-37.012 0.0 0
-37.002 0.0 0
-36.992 0.0 0
-36.982 0.0 0
-36.972 0.0 0
-36.962 0.0 0
-36.952 0.0 0
-36.942 0.0 0
-36.932 0.0 0
-36.922 0.0 0
-36.912 0.0 0
-36.902 0.0 0
-36.892 0.0 0
-36.882 0.0 0
-36.872 0.0 0
-36.862 0.0 0
-36.852 0.0 0
-36.842 0.0 0
-36.832 0.0 0
-36.822 0.0 0
-36.812 0.0 0
-36.802 0.0 0
-36.792 0.0 0
-36.782 0.0 0
-36.772 0.0 0
-36.762 0.0 0
-36.752 0.0 0
-36.742 0.0 0
-36.732 0.0 0
-36.722 0.0 0
-36.712 0.0 0
-36.702 0.0 0
-36.692 0.0 0
-36.682 0.0 0
-36.672 0.0 0
-36.662 0.0 0
-36.652 0.0 0
-36.642 0.0 0
-36.632 0.0 0
-36.622 0.0 0
-36.612 0.0 0
-36.602 0.0 0
-36.592 0.0 0
-36.582 0.0 0
-36.572 0.0 0
-36.562 0.0 0
-36.552 0.0 0
-36.542 0.0 0
-36.532 0.0 0
-36.522 0.0 0
-36.512 0.0 0
-36.502 0.0 0
-36.492 0.0 0
-36.482 0.0 0
-36.472 0.0 0
-36.462 0.0 0
-36.452 0.0 0
-36.442 0.0 0
-36.432 0.0 0
-36.422 0.0 0
-36.412 0.0 0
-36.402 0.0 0
-36.392 0.0 0
-36.382 0.0 0
-36.372 0.0 0
-36.362 0.0 0
-36.352 0.0 0
-36.342 0.0 0
-36.332 0.0 0
-36.322 0.0 0
-36.312 0.0 0
-36.302 0.0 0
-36.292 0.0 0
-36.282 0.0 0
-36.272 0.0 0
-36.262 0.0 0
-36.252 0.0 0
-36.242 0.0 0
-36.232 0.0 0
-36.222 0.0 0
-36.212 0.0 0
-36.202 0.0 0
-36.192 0.0 0
-36.182 0.0 0
-36.172 0.0 0
-36.162 0.0 0
-36.152 0.0 0
-36.142 0.0 0
-36.132 0.0 0
-36.122 0.0 0
-36.112 0.0 0
-36.102 0.0 0
-36.092 0.0 0
-36.082 0.0 0
-36.072 0.0 0
-36.062 0.0 0
-36.052 0.0 0
-36.042 0.0 0
-36.032 0.0 0
-36.022 0.0 0
-36.012 0.0 0
-36.002 0.0 0
-35.992 0.0 0
-35.982 0.0 0
-35.972 0.0 0
-35.962 0.0 0
-35.952 0.0 0
-35.942 0.0 0
-35.932 0.0 0
-35.922 0.0 0
-35.912 0.0 0
-35.902 0.0 0
-35.892 0.0 0
-35.882 0.0 0
-35.872 0.0 0
-35.862 0.0 0
-35.852 0.0 0
-35.842 0.0 0
-35.832 0.0 0
-35.822 0.0 0
-35.812 0.0 0
-35.802 0.0 0
-35.792 0.0 0
-35.782 0.0 0
-35.772 0.0 0
-35.762 0.0 0
-35.752 0.0 0
-35.742 0.0 0
-35.732 0.0 0
-35.722 0.0 0
-35.712 0.0 0
-35.702 0.0 0
-35.692 0.0 0
-35.682 0.0 0
-35.672 0.0 0
-35.662 0.0 0
-35.652 0.0 0
-35.642 0.0 0
-35.632 0.0 0
-35.622 0.0 0
-35.612 0.0 0
-35.602 0.0 0
-35.592 0.0 0
-35.582 0.0 0
-35.572 0.0 0
-35.562 0.0 0
-35.552 0.0 0
-35.542 0.0 0
-35.532 0.0 0
-35.522 0.0 0
-35.512 0.0 0
-35.502 0.0 0
-35.492 0.0 0
-35.482 0.0 0
-35.472 0.0 0
-35.462 0.0 0
-35.452 0.0 0
-35.442 0.0 0
-35.432 0.0 0
-35.422 0.0 0
-35.412 0.0 0
-35.402 0.0 0
-35.392 0.0 0
-35.382 0.0 0
-35.372 0.0 0
-35.362 0.0 0
-35.352 0.0 0
-35.342 0.0 0
-35.332 0.0 0
-35.322 0.0 0
-35.312 0.0 0
-35.302 0.0 0
-35.292 0.0 0
-35.282 0.0 0
-35.272 0.0 0
-35.262 0.0 0
-35.252 0.0 0
-35.242 0.0 0
-35.232 0.0 0
-35.222 0.0 0
-35.212 0.0 0
-35.202 0.0 0
-35.192 0.0 0
-35.182 0.0 0
-35.172 0.0 0
-35.162 0.0 0
-35.152 0.0 0
-35.142 0.0 0
-35.132 0.0 0
-35.122 0.0 0
-35.112 0.0 0
-35.102 0.0 0
-35.092 0.0 0
-35.082 0.0 0
-35.072 0.0 0
-35.062 0.0 0
-35.052 0.0 0
-35.042 0.0 0
-35.032 0.0 0
-35.022 0.0 0
-35.012 0.0 0
-35.002 0.0 0
-34.992 0.0 0
-34.982 0.0 0
-34.972 0.0 0
-34.962 0.0 0
-34.952 0.0 0
-34.942 0.0 0
-34.932 0.0 0
-34.922 0.0 0
-34.912 0.0 0
-34.902 0.0 0
-34.892 0.0 0
-34.882 0.0 0
-34.872 0.0 0
-34.862 0.0 0
-34.852 0.0 0
-34.842 0.0 0
-34.832 0.0 0
-34.822 0.0 0
-34.812 0.0 0
-34.802 0.0 0
-34.792 0.0 0
-34.782 0.0 0
-34.772 0.0 0
-34.762 0.0 0
-34.752 0.0 0
-34.742 0.0 0
-34.732 0.0 0
-34.722 0.0 0
-34.712 0.0 0
-34.702 0.0 0
-34.692 0.0 0
-34.682 0.0 0
-34.672 0.0 0
-34.662 0.0 0
-34.652 0.0 0
-34.642 0.0 0
-34.632 0.0 0
-34.622 0.0 0
-34.612 0.0 0
-34.602 0.0 0
-34.592 0.0 0
-34.582 0.0 0
-34.572 0.0 0
-34.562 0.0 0
-34.552 0.0 0
-34.542 0.0 0
-34.532 0.0 0
-34.522 0.0 0
-34.512 0.0 0
-34.502 0.0 0
-34.492 0.0 0
-34.482 0.0 0
-34.472 0.0 0
-34.462 0.0 0
-34.452 0.0 0
-34.442 0.0 0
-34.432 0.0 0
-34.422 0.0 0
-34.412 0.0 0
-34.402 0.0 0
-34.392 0.0 0
-34.382 0.0 0
-34.372 0.0 0
-34.362 0.0 0
-34.352 0.0 0
-34.342 0.0 0
-34.332 0.0 0
-34.322 0.0 0
-34.312 0.0 0
-34.302 0.0 0
-34.292 0.0 0
-34.282 0.0 0
-34.272 0.0 0
-34.262 0.0 0
-34.252 0.0 0
-34.242 0.0 0
-34.232 0.0 0
-34.222 0.0 0
-34.212 0.0 0
-34.202 0.0 0
-34.192 0.0 0
-34.182 0.0 0
-34.172 0.0 0
-34.162 0.0 0
-34.152 0.0 0
-34.142 0.0 0
-34.132 0.0 0
-34.122 0.0 0
-34.112 0.0 0
-34.102 0.0 0
-34.092 0.0 0
-34.082 0.0 0
-34.072 0.0 0
-34.062 0.0 0
-34.052 0.0 0
-34.042 0.0 0
-34.032 0.0 0
-34.022 0.0 0
-34.012 0.0 0
-34.002 0.0 0
-33.992 0.0 0
-33.982 0.0 0
-33.972 0.0 0
-33.962 0.0 0
-33.952 0.0 0
-33.942 0.0 0
-33.932 0.0 0
-33.922 0.0 0
-33.912 0.0 0
-33.902 0.0 0
-33.892 0.0 0
-33.882 0.0 0
-33.872 0.0 0
-33.862 0.0 0
-33.852 0.0 0
-33.842 0.0 0
-33.832 0.0 0
-33.822 0.0 0
-33.812 0.0 0
-33.802 0.0 0
-33.792 0.0 0
-33.782 0.0 0
-33.772 0.0 0
-33.762 0.0 0
-33.752 0.0 0
-33.742 0.0 0
-33.732 0.0 0
-33.722 0.0 0
-33.712 0.0 0
-33.702 0.0 0
-33.692 0.0 0
-33.682 0.0 0
-33.672 0.0 0
-33.662 0.0 0
-33.652 0.0 0
-33.642 0.0 0
-33.632 0.0 0
-33.622 0.0 0
-33.612 0.0 0
-33.602 0.0 0
-33.592 0.0 0
-33.582 0.0 0
-33.572 0.0 0
-33.562 0.0 0
-33.552 0.0 0
-33.542 0.0 0
-33.532 0.0 0
-33.522 0.0 0
-33.512 0.0 0
-33.502 0.0 0
-33.492 0.0 0
-33.482 0.0 0
-33.472 0.0 0
-33.462 0.0 0
-33.452 0.0 0
-33.442 0.0 0
-33.432 0.0 0
-33.422 0.0 0
-33.412 0.0 0
-33.402 0.0 0
-33.392 0.0 0
-33.382 0.0 0
-33.372 0.0 0
-33.362 0.0 0
-33.352 0.0 0
-33.342 0.0 0
-33.332 0.0 0
-33.322 0.0 0
-33.312 0.0 0
-33.302 0.0 0
-33.292 0.0 0
-33.282 0.0 0
-33.272 0.0 0
-33.262 0.0 0
-33.252 0.0 0
-33.242 0.0 0
-33.232 0.0 0
-33.222 0.0 0
-33.212 0.0 0
-33.202 0.0 0
-33.192 0.0 0
-33.182 0.0 0
-33.172 0.0 0
-33.162 0.0 0
-33.152 0.0 0
-33.142 0.0 0
-33.132 0.0 0
-33.122 0.0 0
-33.112 0.0 0
-33.102 0.0 0
-33.092 0.0 0
-33.082 0.0 0
-33.072 0.0 0
-33.062 0.0 0
-33.052 0.0 0
-33.042 0.0 0
-33.032 0.0 0
-33.022 0.0 0
-33.012 0.0 0
-33.002 0.0 0
-32.992 0.0 0
-32.982 0.0 0
-32.972 0.0 0
-32.962 0.0 0
-32.952 0.0 0
-32.942 0.0 0
-32.932 0.0 0
-32.922 0.0 0
-32.912 0.0 0
-32.902 0.0 0
-32.892 0.0 0
-32.882 0.0 0
-32.872 0.0 0
-32.862 0.0 0
-32.852 0.0 0
-32.842 0.0 0
-32.832 0.0 0
-32.822 0.0 0
-32.812 0.0 0
-32.802 0.0 0
-32.792 0.0 0
-32.782 0.0 0
-32.772 0.0 0
-32.762 0.0 0
-32.752 0.0 0
-32.742 0.0 0
-32.732 0.0 0
-32.722 0.0 0
-32.712 0.0 0
-32.702 0.0 0
-32.692 0.0 0
-32.682 0.0 0
-32.672 0.0 0
-32.662 0.0 0
-32.652 0.0 0
-32.642 0.0 0
-32.632 0.0 0
-32.622 0.0 0
-32.612 0.0 0
-32.602 0.0 0
-32.592 0.0 0
-32.582 0.0 0
-32.572 0.0 0
-32.562 0.0 0
-32.552 0.0 0
-32.542 0.0 0
-32.532 0.0 0
-32.522 0.0 0
-32.512 0.0 0
-32.502 0.0 0
-32.492 0.0 0
-32.482 0.0 0
-32.472 0.0 0
-32.462 0.0 0
-32.452 0.0 0
-32.442 0.0 0
-32.432 0.0 0
-32.422 0.0 0
-32.412 0.0 0
-32.402 0.0 0
-32.392 0.0 0
-32.382 0.0 0
-32.372 0.0 0
-32.362 0.0 0
-32.352 0.0 0
-32.342 0.0 0
-32.332 0.0 0
-32.322 0.0 0
-32.312 0.0 0
-32.302 0.0 0
-32.292 0.0 0
-32.282 0.0 0
-32.272 0.0 0
-32.262 0.0 0
-32.252 0.0 0
-32.242 0.0 0
-32.232 0.0 0
-32.222 0.0 0
-32.212 0.0 0
-32.202 0.0 0
-32.192 0.0 0
-32.182 0.0 0
-32.172 0.0 0
-32.162 0.0 0
-32.152 0.0 0
-32.142 0.0 0
-32.132 0.0 0
-32.122 0.0 0
-32.112 0.0 0
-32.102 0.0 0
-32.092 0.0 0
-32.082 0.0 0
-32.072 0.0 0
-32.062 0.0 0
-32.052 0.0 0
-32.042 0.0 0
-32.032 0.0 0
-32.022 0.0 0
-32.012 0.0 0
-32.002 0.0 0
-31.992 0.0 0
-31.982 0.0 0
-31.972 0.0 0
-31.962 0.0 0
-31.952 0.0 0
-31.942 0.0 0
-31.932 0.0 0
-31.922 0.0 0
-31.912 0.0 0
-31.902 0.0 0
-31.892 0.0 0
-31.882 0.0 0
-31.872 0.0 0
-31.862 0.0 0
-31.852 0.0 0
-31.842 0.0 0
-31.832 0.0 0
-31.822 0.0 0
-31.812 0.0 0
-31.802 0.0 0
-31.792 0.0 0
-31.782 0.0 0
-31.772 0.0 0
-31.762 0.0 0
-31.752 0.0 0
-31.742 0.0 0
-31.732 0.0 0
-31.722 0.0 0
-31.712 0.0 0
-31.702 0.0 0
-31.692 0.0 0
-31.682 0.0 0
-31.672 0.0 0
-31.662 0.0 0
-31.652 0.0 0
-31.642 0.0 0
-31.632 0.0 0
-31.622 0.0 0
-31.612 0.0 0
-31.602 0.0 0
-31.592 0.0 0
-31.582 0.0 0
-31.572 0.0 0
-31.562 0.0 0
-31.552 0.0 0
-31.542 0.0 0
-31.532 0.0 0
-31.522 0.0 0
-31.512 0.0 0
-31.502 0.0 0
-31.492 0.0 0
-31.482 0.0 0
-31.472 0.0 0
-31.462 0.0 0
-31.452 0.0 0
-31.442 0.0 0
-31.432 0.0 0
-31.422 0.0 0
-31.412 0.0 0
-31.402 0.0 0
-31.392 0.0 0
-31.382 0.0 0
-31.372 0.0 0
-31.362 0.0 0
-31.352 0.0 0
-31.342 0.0 0
-31.332 0.0 0
-31.322 0.0 0
-31.312 0.0 0
-31.302 0.0 0
-31.292 0.0 0
-31.282 0.0 0
-31.272 0.0 0
-31.262 0.0 0
-31.252 0.0 0
-31.242 0.0 0
-31.232 0.0 0
-31.222 0.0 0
-31.212 0.0 0
-31.202 0.0 0
-31.192 0.0 0
-31.182 0.0 0
-31.172 0.0 0
-31.162 0.0 0
-31.152 0.0 0
-31.142 0.0 0
-31.132 0.0 0
-31.122 0.0 0
-31.112 0.0 0
-31.102 0.0 0
-31.092 0.0 0
-31.082 0.0 0
-31.072 0.0 0
-31.062 0.0 0
-31.052 0.0 0
-31.042 0.0 0
-31.032 0.0 0
-31.022 0.0 0
-31.012 0.0 0
-31.002 0.0 0
-30.992 0.0 0
-30.982 0.0 0
-30.972 0.0 0
-30.962 0.0 0
-30.952 0.0 0
-30.942 0.0 0
-30.932 0.0 0
-30.922 0.0 0
-30.912 0.0 0
-30.902 0.0 0
-30.892 0.0 0
-30.882 0.0 0
-30.872 0.0 0
-30.862 0.0 0
-30.852 0.0 0
-30.842 0.0 0
-30.832 0.0 0
-30.822 0.0 0
-30.812 0.0 0
-30.802 0.0 0
-30.792 0.0 0
-30.782 0.0 0
-30.772 0.0 0
-30.762 0.0 0
-30.752 0.0 0
-30.742 0.0 0
-30.732 0.0 0
-30.722 0.0 0
-30.712 0.0 0
-30.702 0.0 0
-30.692 0.0 0
-30.682 0.0 0
-30.672 0.0 0
-30.662 0.0 0
-30.652 0.0 0
-30.642 0.0 0
-30.632 0.0 0
-30.622 0.0 0
-30.612 0.0 0
-30.602 0.0 0
-30.592 0.0 0
-30.582 0.0 0
-30.572 0.0 0
-30.562 0.0 0
-30.552 0.0 0
-30.542 0.0 0
-30.532 0.0 0
-30.522 0.0 0
-30.512 0.0 0
-30.502 0.0 0
-30.492 0.0 0
-30.482 0.0 0
-30.472 0.0 0
-30.462 0.0 0
-30.452 0.0 0
-30.442 0.0 0
-30.432 0.0 0
-30.422 0.0 0
-30.412 0.0 0
-30.402 0.0 0
-30.392 0.0 0
-30.382 0.0 0
-30.372 0.0 0
-30.362 0.0 0
-30.352 0.0 0
-30.342 0.0 0
-30.332 0.0 0
-30.322 0.0 0
-30.312 0.0 0
-30.302 0.0 0
-30.292 0.0 0
-30.282 0.0 0
-30.272 0.0 0
-30.262 0.0 0
-30.252 0.0 0
-30.242 0.0 0
-30.232 0.0 0
-30.222 0.0 0
-30.212 0.0 0
-30.202 0.0 0
-30.192 0.0 0
-30.182 0.0 0
-30.172 0.0 0
-30.162 0.0 0
-30.152 0.0 0
-30.142 0.0 0
-30.132 0.0 0
-30.122 0.0 0
-30.112 0.0 0
-30.102 0.0 0
-30.092 0.0 0
-30.082 0.0 0
-30.072 0.0 0
-30.062 0.0 0
-30.052 0.0 0
-30.042 0.0 0
-30.032 0.0 0
-30.022 0.0 0
-30.012 0.0 0
-30.002 0.0 0
-29.992 0.0 0
-29.982 0.0 0
-29.972 0.0 0
-29.962 0.0 0
-29.952 0.0 0
-29.942 0.0 0
-29.932 0.0 0
-29.922 0.0 0
-29.912 0.0 0
-29.902 0.0 0
-29.892 0.0 0
-29.882 0.0 0
-29.872 0.0 0
-29.862 0.0 0
-29.852 0.0 0
-29.842 0.0 0
-29.832 0.0 0
-29.822 0.0 0
-29.812 0.0 0
-29.802 0.0 0
-29.792 0.0 0
-29.782 0.0 0
-29.772 0.0 0
-29.762 0.0 0
-29.752 0.0 0
-29.742 0.0 0
-29.732 0.0 0
-29.722 0.0 0
-29.712 0.0 0
-29.702 0.0 0
-29.692 0.0 0
-29.682 0.0 0
-29.672 0.0 0
-29.662 0.0 0
-29.652 0.0 0
-29.642 0.0 0
-29.632 0.0 0
-29.622 0.0 0
-29.612 0.0 0
-29.602 0.0 0
-29.592 0.0 0
-29.582 0.0 0
-29.572 0.0 0
-29.562 0.0 0
-29.552 0.0 0
-29.542 0.0 0
-29.532 0.0 0
-29.522 0.0 0
-29.512 0.0 0
-29.502 0.0 0
-29.492 0.0 0
-29.482 0.0 0
-29.472 0.0 0
-29.462 0.0 0
-29.452 0.0 0
-29.442 0.0 0
-29.432 0.0 0
-29.422 0.0 0
-29.412 0.0 0
-29.402 0.0 0
-29.392 0.0 0
-29.382 0.0 0
-29.372 0.0 0
-29.362 0.0 0
-29.352 0.0 0
-29.342 0.0 0
-29.332 0.0 0
-29.322 0.0 0
-29.312 0.0 0
-29.302 0.0 0
-29.292 0.0 0
-29.282 0.0 0
-29.272 0.0 0
-29.262 0.0 0
-29.252 0.0 0
-29.242 0.0 0
-29.232 0.0 0
-29.222 0.0 0
-29.212 0.0 0
-29.202 0.0 0
-29.192 0.0 0
-29.182 0.0 0
-29.172 0.0 0
-29.162 0.0 0
-29.152 0.0 0
-29.142 0.0 0
-29.132 0.0 0
-29.122 0.0 0
-29.112 0.0 0
-29.102 0.0 0
-29.092 0.0 0
-29.082 0.0 0
-29.072 0.0 0
-29.062 0.0 0
-29.052 0.0 0
-29.042 0.0 0
-29.032 0.0 0
-29.022 0.0 0
-29.012 0.0 0
-29.002 0.0 0
-28.992 0.0 0
-28.982 0.0 0
-28.972 0.0 0
-28.962 0.0 0
-28.952 0.0 0
-28.942 0.0 0
-28.932 0.0 0
-28.922 0.0 0
-28.912 0.0 0
-28.902 0.0 0
-28.892 0.0 0
-28.882 0.0 0
-28.872 0.0 0
-28.862 0.0 0
-28.852 0.0 0
-28.842 0.0 0
-28.832 0.0 0
-28.822 0.0 0
-28.812 0.0 0
-28.802 0.0 0
-28.792 0.0 0
-28.782 0.0 0
-28.772 0.0 0
-28.762 0.0 0
-28.752 0.0 0
-28.742 0.0 0
-28.732 0.0 0
-28.722 0.0 0
-28.712 0.0 0
-28.702 0.0 0
-28.692 0.0 0
-28.682 0.0 0
-28.672 0.0 0
-28.662 0.0 0
-28.652 0.0 0
-28.642 0.0 0
-28.632 0.0 0
-28.622 0.0 0
-28.612 0.0 0
-28.602 0.0 0
-28.592 0.0 0
-28.582 0.0 0
-28.572 0.0 0
-28.562 0.0 0
-28.552 0.0 0
-28.542 0.0 0
-28.532 0.0 0
-28.522 0.0 0
-28.512 0.0 0
-28.502 0.0 0
-28.492 0.0 0
-28.482 0.0 0
-28.472 0.0 0
-28.462 0.0 0
-28.452 0.0 0
-28.442 0.0 0
-28.432 0.0 0
-28.422 0.0 0
-28.412 0.0 0
-28.402 0.0 0
-28.392 0.0 0
-28.382 0.0 0
-28.372 0.0 0
-28.362 0.0 0
-28.352 0.0 0
-28.342 0.0 0
-28.332 0.0 0
-28.322 0.0 0
-28.312 0.0 0
-28.302 0.0 0
-28.292 0.0 0
-28.282 0.0 0
-28.272 0.0 0
-28.262 0.0 0
-28.252 0.0 0
-28.242 0.0 0
-28.232 0.0 0
-28.222 0.0 0
-28.212 0.0 0
-28.202 0.0 0
-28.192 0.0 0
-28.182 0.0 0
-28.172 0.0 0
-28.162 0.0 0
-28.152 0.0 0
-28.142 0.0 0
-28.132 0.0 0
-28.122 0.0 0
-28.112 0.0 0
-28.102 0.0 0
-28.092 0.0 0
-28.082 0.0 0
-28.072 0.0 0
-28.062 0.0 0
-28.052 0.0 0
-28.042 0.0 0
-28.032 0.0 0
-28.022 0.0 0
-28.012 0.0 0
-28.002 0.0 0
-27.992 0.0 0
-27.982 0.0 0
-27.972 0.0 0
-27.962 0.0 0
-27.952 0.0 0
-27.942 0.0 0
-27.932 0.0 0
-27.922 0.0 0
-27.912 0.0 0
-27.902 0.0 0
-27.892 0.0 0
-27.882 0.0 0
-27.872 0.0 0
-27.862 0.0 0
-27.852 0.0 0
-27.842 0.0 0
-27.832 0.0 0
-27.822 0.0 0
-27.812 0.0 0
-27.802 0.0 0
-27.792 0.0 0
-27.782 0.0 0
-27.772 0.0 0
-27.762 0.0 0
-27.752 0.0 0
-27.742 0.0 0
-27.732 0.0 0
-27.722 0.0 0
-27.712 0.0 0
-27.702 0.0 0
-27.692 0.0 0
-27.682 0.0 0
-27.672 0.0 0
-27.662 0.0 0
-27.652 0.0 0
-27.642 0.0 0
-27.632 0.0 0
-27.622 0.0 0
-27.612 0.0 0
-27.602 0.0 0
-27.592 0.0 0
-27.582 0.0 0
-27.572 0.0 0
-27.562 0.0 0
-27.552 0.0 0
-27.542 0.0 0
-27.532 0.0 0
-27.522 0.0 0
-27.512 0.0 0
-27.502 0.0 0
-27.492 0.0 0
-27.482 0.0 0
-27.472 0.0 0
-27.462 0.0 0
-27.452 0.0 0
-27.442 0.0 0
-27.432 0.0 0
-27.422 0.0 0
-27.412 0.0 0
-27.402 0.0 0
-27.392 0.0 0
-27.382 0.0 0
-27.372 0.0 0
-27.362 0.0 0
-27.352 0.0 0
-27.342 0.0 0
-27.332 0.0 0
-27.322 0.0 0
-27.312 0.0 0
-27.302 0.0 0
-27.292 0.0 0
-27.282 0.0 0
-27.272 0.0 0
-27.262 0.0 0
-27.252 0.0 0
-27.242 0.0 0
-27.232 0.0 0
-27.222 0.0 0
-27.212 0.0 0
-27.202 0.0 0
-27.192 0.0 0
-27.182 0.0 0
-27.172 0.0 0
-27.162 0.0 0
-27.152 0.0 0
-27.142 0.0 0
-27.132 0.0 0
-27.122 0.0 0
-27.112 0.0 0
-27.102 0.0 0
-27.092 0.0 0
-27.082 0.0 0
-27.072 0.0 0
-27.062 0.0 0
-27.052 0.0 0
-27.042 0.0 0
-27.032 0.0 0
-27.022 0.0 0
-27.012 0.0 0
-27.002 0.0 0
-26.992 0.0 0
-26.982 0.0 0
-26.972 0.0 0
-26.962 0.0 0
-26.952 0.0 0
-26.942 0.0 0
-26.932 0.0 0
-26.922 0.0 0
-26.912 0.0 0
-26.902 0.0 0
-26.892 0.0 0
-26.882 0.0 0
-26.872 0.0 0
-26.862 0.0 0
-26.852 0.0 0
-26.842 0.0 0
-26.832 0.0 0
-26.822 0.0 0
-26.812 0.0 0
-26.802 0.0 0
-26.792 0.0 0
-26.782 0.0 0
-26.772 0.0 0
-26.762 0.0 0
-26.752 0.0 0
-26.742 0.0 0
-26.732 0.0 0
-26.722 0.0 0
-26.712 0.0 0
-26.702 0.0 0
-26.692 0.0 0
-26.682 0.0 0
-26.672 0.0 0
-26.662 0.0 0
-26.652 0.0 0
-26.642 0.0 0
-26.632 0.0 0
-26.622 0.0 0
-26.612 0.0 0
-26.602 0.0 0
-26.592 0.0 0
-26.582 0.0 0
-26.572 0.0 0
-26.562 0.0 0
-26.552 0.0 0
-26.542 0.0 0
-26.532 0.0 0
-26.522 0.0 0
-26.512 0.0 0
-26.502 0.0 0
-26.492 0.0 0
-26.482 0.0 0
-26.472 0.0 0
-26.462 0.0 0
-26.452 0.0 0
-26.442 0.0 0
-26.432 0.0 0
-26.422 0.0 0
-26.412 0.0 0
-26.402 0.0 0
-26.392 0.0 0
-26.382 0.0 0
-26.372 0.0 0
-26.362 0.0 0
-26.352 0.0 0
-26.342 0.0 0
-26.332 0.0 0
-26.322 0.0 0
-26.312 0.0 0
-26.302 0.0 0
-26.292 0.0 0
-26.282 0.0 0
-26.272 0.0 0
-26.262 0.0 0
-26.252 0.0 0
-26.242 0.0 0
-26.232 0.0 0
-26.222 0.0 0
-26.212 0.0 0
-26.202 0.0 0
-26.192 0.0 0
-26.182 0.0 0
-26.172 0.0 0
-26.162 0.0 0
-26.152 0.0 0
-26.142 0.0 0
-26.132 0.0 0
-26.122 0.0 0
-26.112 0.0 0
-26.102 0.0 0
-26.092 0.0 0
-26.082 0.0 0
-26.072 0.0 0
-26.062 0.0 0
-26.052 0.0 0
-26.042 0.0 0
-26.032 0.0 0
-26.022 0.0 0
-26.012 0.0 0
-26.002 0.0 0
-25.992 0.0 0
-25.982 0.0 0
-25.972 0.0 0
-25.962 0.0 0
-25.952 0.0 0
-25.942 0.0 0
-25.932 0.0 0
-25.922 0.0 0
-25.912 0.0 0
-25.902 0.0 0
-25.892 0.0 0
-25.882 0.0 0
-25.872 0.0 0
-25.862 0.0 0
-25.852 0.0 0
-25.842 0.0 0
-25.832 0.0 0
-25.822 0.0 0
-25.812 0.0 0
-25.802 0.0 0
-25.792 0.0 0
-25.782 0.0 0
-25.772 0.0 0
-25.762 0.0 0
-25.752 0.0 0
-25.742 0.0 0
-25.732 0.0 0
-25.722 0.0 0
-25.712 0.0 0
-25.702 0.0 0
-25.692 0.0 0
-25.682 0.0 0
-25.672 0.0 0
-25.662 0.0 0
-25.652 0.0 0
-25.642 0.0 0
-25.632 0.0 0
-25.622 0.0 0
-25.612 0.0 0
-25.602 0.0 0
-25.592 0.0 0
-25.582 0.0 0
-25.572 0.0 0
-25.562 0.0 0
-25.552 0.0 0
-25.542 0.0 0
-25.532 0.0 0
-25.522 0.0 0
-25.512 0.0 0
-25.502 0.0 0
-25.492 0.0 0
-25.482 0.0 0
-25.472 0.0 0
-25.462 0.0 0
-25.452 0.0 0
-25.442 0.0 0
-25.432 0.0 0
-25.422 0.0 0
-25.412 0.0 0
-25.402 0.0 0
-25.392 0.0 0
-25.382 0.0 0
-25.372 0.0 0
-25.362 0.0 0
-25.352 0.0 0
-25.342 0.0 0
-25.332 0.0 0
-25.322 0.0 0
-25.312 0.0 0
-25.302 0.0 0
-25.292 0.0 0
-25.282 0.0 0
-25.272 0.0 0
-25.262 0.0 0
-25.252 0.0 0
-25.242 0.0 0
-25.232 0.0 0
-25.222 0.0 0
-25.212 0.0 0
-25.202 0.0 0
-25.192 0.0 0
-25.182 0.0 0
-25.172 0.0 0
-25.162 0.0 0
-25.152 0.0 0
-25.142 0.0 0
-25.132 0.0 0
-25.122 0.0 0
-25.112 0.0 0
-25.102 0.0 0
-25.092 0.0 0
-25.082 0.0 0
-25.072 0.0 0
-25.062 0.0 0
-25.052 0.0 0
-25.042 0.0 0
-25.032 0.0 0
-25.022 0.0 0
-25.012 0.0 0
-25.002 0.0 0
-24.992 0.0 0
-24.982 0.0 0
-24.972 0.0 0
-24.962 0.0 0
-24.952 0.0 0
-24.942 0.0 0
-24.932 0.0 0
-24.922 0.0 0
-24.912 0.0 0
-24.902 0.0 0
-24.892 0.0 0
-24.882 0.0 0
-24.872 0.0 0
-24.862 0.0 0
-24.852 0.0 0
-24.842 0.0 0
-24.832 0.0 0
-24.822 0.0 0
-24.812 0.0 0
-24.802 0.0 0
-24.792 0.0 0
-24.782 0.0 0
-24.772 0.0 0
-24.762 0.0 0
-24.752 0.0 0
-24.742 0.0 0
-24.732 0.0 0
-24.722 0.0 0
-24.712 0.0 0
-24.702 0.0 0
-24.692 0.0 0
-24.682 0.0 0
-24.672 0.0 0
-24.662 0.0 0
-24.652 0.0 0
-24.642 0.0 0
-24.632 0.0 0
-24.622 0.0 0
-24.612 0.0 0
-24.602 0.0 0
-24.592 0.0 0
-24.582 0.0 0
-24.572 0.0 0
-24.562 0.0 0
-24.552 0.0 0
-24.542 0.0 0
-24.532 0.0 0
-24.522 0.0 0
-24.512 0.0 0
-24.502 0.0 0
-24.492 0.0 0
-24.482 0.0 0
-24.472 0.0 0
-24.462 0.0 0
-24.452 0.0 0
-24.442 0.0 0
-24.432 0.0 0
-24.422 0.0 0
-24.412 0.0 0
-24.402 0.0 0
-24.392 0.0 0
-24.382 0.0 0
-24.372 0.0 0
-24.362 0.0 0
-24.352 0.0 0
-24.342 0.0 0
-24.332 0.0 0
-24.322 0.0 0
-24.312 0.0 0
-24.302 0.0 0
-24.292 0.0 0
-24.282 0.0 0
-24.272 0.0 0
-24.262 0.0 0
-24.252 0.0 0
-24.242 0.0 0
-24.232 0.0 0
-24.222 0.0 0
-24.212 0.0 0
-24.202 0.0 0
-24.192 0.0 0
-24.182 0.0 0
-24.172 0.0 0
-24.162 0.0 0
-24.152 0.0 0
-24.142 0.0 0
-24.132 0.0 0
-24.122 0.0 0
-24.112 0.0 0
-24.102 0.0 0
-24.092 0.0 0
-24.082 0.0 0
-24.072 0.0 0
-24.062 0.0 0
-24.052 0.0 0
-24.042 0.0 0
-24.032 0.0 0
-24.022 0.0 0
-24.012 0.0 0
-24.002 0.0 0
-23.992 0.0 0
-23.982 0.0 0
-23.972 0.0 0
-23.962 0.0 0
-23.952 0.0 0
-23.942 0.0 0
-23.932 0.0 0
-23.922 0.0 0
-23.912 0.0 0
-23.902 0.0 0
-23.892 0.0 0
-23.882 0.0 0
-23.872 0.0 0
-23.862 0.0 0
-23.852 0.0 0
-23.842 0.0 0
-23.832 0.0 0
-23.822 0.0 0
-23.812 0.0 0
-23.802 0.0 0
-23.792 0.0 0
-23.782 0.0 0
-23.772 0.0 0
-23.762 0.0 0
-23.752 0.0 0
-23.742 0.0 0
-23.732 0.0 0
-23.722 0.0 0
-23.712 0.0 0
-23.702 0.0 0
-23.692 0.0 0
-23.682 0.0 0
-23.672 0.0 0
-23.662 0.0 0
-23.652 0.0 0
-23.642 0.0 0
-23.632 0.0 0
-23.622 0.0 0
-23.612 0.0 0
-23.602 0.0 0
-23.592 0.0 0
-23.582 0.0 0
-23.572 0.0 0
-23.562 0.0 0
-23.552 0.0 0
-23.542 0.0 0
-23.532 0.0 0
-23.522 0.0 0
-23.512 0.0 0
-23.502 0.0 0
-23.492 0.0 0
-23.482 0.0 0
-23.472 0.0 0
-23.462 0.0 0
-23.452 0.0 0
-23.442 0.0 0
-23.432 0.0 0
-23.422 0.0 0
-23.412 0.0 0
-23.402 0.0 0
-23.392 0.0 0
-23.382 0.0 0
-23.372 0.0 0
-23.362 0.0 0
-23.352 0.0 0
-23.342 0.0 0
-23.332 0.0 0
-23.322 0.0 0
-23.312 0.0 0
-23.302 0.0 0
-23.292 0.0 0
-23.282 0.0 0
-23.272 0.0 0
-23.262 0.0 0
-23.252 0.0 0
-23.242 0.0 0
-23.232 0.0 0
-23.222 0.0 0
-23.212 0.0 0
-23.202 0.0 0
-23.192 0.0 0
-23.182 0.0 0
-23.172 0.0 0
-23.162 0.0 0
-23.152 0.0 0
-23.142 0.0 0
-23.132 0.0 0
-23.122 0.0 0
-23.112 0.0 0
-23.102 0.0 0
-23.092 0.0 0
-23.082 0.0 0
-23.072 0.0 0
-23.062 0.0 0
-23.052 0.0 0
-23.042 0.0 0
-23.032 0.0 0
-23.022 0.0 0
-23.012 0.0 0
-23.002 0.0 0
-22.992 0.0 0
-22.982 0.0 0
-22.972 0.0 0
-22.962 0.0 0
-22.952 0.0 0
-22.942 0.0 0
-22.932 0.0 0
-22.922 0.0 0
-22.912 0.0 0
-22.902 0.0 0
-22.892 0.0 0
-22.882 0.0 0
-22.872 0.0 0
-22.862 0.0 0
-22.852 0.0 0
-22.842 0.0 0
-22.832 0.0 0
-22.822 0.0 0
-22.812 0.0 0
-22.802 0.0 0
-22.792 0.0 0
-22.782 0.0 0
-22.772 0.0 0
-22.762 0.0 0
-22.752 0.0 0
-22.742 0.0 0
-22.732 0.0 0
-22.722 0.0 0
-22.712 0.0 0
-22.702 0.0 0
-22.692 0.0 0
-22.682 0.0 0
-22.672 0.0 0
-22.662 0.0 0
-22.652 0.0 0
-22.642 0.0 0
-22.632 0.0 0
-22.622 0.0 0
-22.612 0.0 0
-22.602 0.0 0
-22.592 0.0 0
-22.582 0.0 0
-22.572 0.0 0
-22.562 0.0 0
-22.552 0.0 0
-22.542 0.0 0
-22.532 0.0 0
-22.522 0.0 0
-22.512 0.0 0
-22.502 0.0 0
-22.492 0.0 0
-22.482 0.0 0
-22.472 0.0 0
-22.462 0.0 0
-22.452 0.0 0
-22.442 0.0 0
-22.432 0.0 0
-22.422 0.0 0
-22.412 0.0 0
-22.402 0.0 0
-22.392 0.0 0
-22.382 0.0 0
-22.372 0.0 0
-22.362 0.0 0
-22.352 0.0 0
-22.342 0.0 0
-22.332 0.0 0
-22.322 0.0 0
-22.312 0.0 0
-22.302 0.0 0
-22.292 0.0 0
-22.282 0.0 0
-22.272 0.0 0
-22.262 0.0 0
-22.252 0.0 0
-22.242 0.0 0
-22.232 0.0 0
-22.222 0.0 0
-22.212 0.0 0
-22.202 0.0 0
-22.192 0.0 0
-22.182 0.0 0
-22.172 0.0 0
-22.162 0.0 0
-22.152 0.0 0
-22.142 0.0 0
-22.132 0.0 0
-22.122 0.0 0
-22.112 0.0 0
-22.102 0.0 0
-22.092 0.0 0
-22.082 0.0 0
-22.072 0.0 0
-22.062 0.0 0
-22.052 0.0 0
-22.042 0.0 0
-22.032 0.0 0
-22.022 0.0 0
-22.012 0.0 0
-22.002 0.0 0
-21.992 0.0 0
-21.982 0.0 0
-21.972 0.0 0
-21.962 0.0 0
-21.952 0.0 0
-21.942 0.0 0
-21.932 0.0 0
-21.922 0.0 0
-21.912 0.0 0
-21.902 0.0 0
-21.892 0.0 0
-21.882 0.0 0
-21.872 0.0 0
-21.862 0.0 0
-21.852 0.0 0
-21.842 0.0 0
-21.832 0.0 0
-21.822 0.0 0
-21.812 0.0 0
-21.802 0.0 0
-21.792 0.0 0
-21.782 0.0 0
-21.772 0.0 0
-21.762 0.0 0
-21.752 0.0 0
-21.742 0.0 0
-21.732 0.0 0
-21.722 0.0 0
-21.712 0.0 0
-21.702 0.0 0
-21.692 0.0 0
-21.682 0.0 0
-21.672 0.0 0
-21.662 0.0 0
-21.652 0.0 0
-21.642 0.0 0
-21.632 0.0 0
-21.622 0.0 0
-21.612 0.0 0
-21.602 0.0 0
-21.592 0.0 0
-21.582 0.0 0
-21.572 0.0 0
-21.562 0.0 0
-21.552 0.0 0
-21.542 0.0 0
-21.532 0.0 0
-21.522 0.0 0
-21.512 0.0 0
-21.502 0.0 0
-21.492 0.0 0
-21.482 0.0 0
-21.472 0.0 0
-21.462 0.0 0
-21.452 0.0 0
-21.442 0.0 0
-21.432 0.0 0
-21.422 0.0 0
-21.412 0.0 0
-21.402 0.0 0
-21.392 0.0 0
-21.382 0.0 0
-21.372 0.0 0
-21.362 0.0 0
-21.352 0.0 0
-21.342 0.0 0
-21.332 0.0 0
-21.322 0.0 0
-21.312 0.0 0
-21.302 0.0 0
-21.292 0.0 0
-21.282 0.0 0
-21.272 0.0 0
-21.262 0.0 0
-21.252 0.0 0
-21.242 0.0 0
-21.232 0.0 0
-21.222 0.0 0
-21.212 0.0 0
-21.202 0.0 0
-21.192 0.0 0
-21.182 0.0 0
-21.172 0.0 0
-21.162 0.0 0
-21.152 0.0 0
-21.142 0.0 0
-21.132 0.0 0
-21.122 0.0 0
-21.112 0.0 0
-21.102 0.0 0
-21.092 0.0 0
-21.082 0.0 0
-21.072 0.0 0
-21.062 0.0 0
-21.052 0.0 0
-21.042 0.0 0
-21.032 0.0 0
-21.022 0.0 0
-21.012 0.0 0
-21.002 0.0 0
-20.992 0.0 0
-20.982 0.0 0
-20.972 0.0 0
-20.962 0.0 0
-20.952 0.0 0
-20.942 0.0 0
-20.932 0.0 0
-20.922 0.0 0
-20.912 0.0 0
-20.902 0.0 0
-20.892 0.0 0
-20.882 0.0 0
-20.872 0.0 0
-20.862 0.0 0
-20.852 0.0 0
-20.842 0.0 0
-20.832 0.0 0
-20.822 0.0 0
-20.812 0.0 0
-20.802 0.0 0
-20.792 0.0 0
-20.782 0.0 0
-20.772 0.0 0
-20.762 0.0 0
-20.752 0.0 0
-20.742 0.0 0
-20.732 0.0 0
-20.722 0.0 0
-20.712 0.0 0
-20.702 0.0 0
-20.692 0.0 0
-20.682 0.0 0
-20.672 0.0 0
-20.662 0.0 0
-20.652 0.0 0
-20.642 0.0 0
-20.632 0.0 0
-20.622 0.0 0
-20.612 0.0 0
-20.602 0.0 0
-20.592 0.0 0
-20.582 0.0 0
-20.572 0.0 0
-20.562 0.0 0
-20.552 0.0 0
-20.542 0.0 0
-20.532 0.0 0
-20.522 0.0 0
-20.512 0.0 0
-20.502 0.0 0
-20.492 0.0 0
-20.482 0.0 0
-20.472 0.0 0
-20.462 0.0 0
-20.452 0.0 0
-20.442 0.0 0
-20.432 0.0 0
-20.422 0.0 0
-20.412 0.0 0
-20.402 0.0 0
-20.392 0.0 0
-20.382 0.0 0
-20.372 0.0 0
-20.362 0.0 0
-20.352 0.0 0
-20.342 0.0 0
-20.332 0.0 0
-20.322 0.0 0
-20.312 0.0 0
-20.302 0.0 0
-20.292 0.0 0
-20.282 0.0 0
-20.272 0.0 0
-20.262 0.0 0
-20.252 0.0 0
-20.242 0.0 0
-20.232 0.0 0
-20.222 0.0 0
-20.212 0.0 0
-20.202 0.0 0
-20.192 0.0 0
-20.182 0.0 0
-20.172 0.0 0
-20.162 0.0 0
-20.152 0.0 0
-20.142 0.0 0
-20.132 0.0 0
-20.122 0.0 0
-20.112 0.0 0
-20.102 0.0 0
-20.092 0.0 0
-20.082 0.0 0
-20.072 0.0 0
-20.062 0.0 0
-20.052 0.0 0
-20.042 0.0 0
-20.032 0.0 0
-20.022 0.0 0
-20.012 0.0 0
-20.002 0.0 0
-19.992 0.0 0
-19.982 0.0 0
-19.972 0.0 0
-19.962 0.0 0
-19.952 0.0 0
-19.942 0.0 0
-19.932 0.0 0
-19.922 0.0 0
-19.912 0.0 0
-19.902 0.0 0
-19.892 0.0 0
-19.882 0.0 0
-19.872 0.0 0
-19.862 0.0 0
-19.852 0.0 0
-19.842 0.0 0
-19.832 0.0 0
-19.822 0.0 0
-19.812 0.0 0
-19.802 0.0 0
-19.792 0.0 0
-19.782 0.0 0
-19.772 0.0 0
-19.762 0.0 0
-19.752 0.0 0
-19.742 0.0 0
-19.732 0.0 0
-19.722 0.0 0
-19.712 0.0 0
-19.702 0.0 0
-19.692 0.0 0
-19.682 0.0 0
-19.672 0.0 0
-19.662 0.0 0
-19.652 0.0 0
-19.642 0.0 0
-19.632 0.0 0
-19.622 0.0 0
-19.612 0.0 0
-19.602 0.0 0
-19.592 0.0 0
-19.582 0.0 0
-19.572 0.0 0
-19.562 0.0 0
-19.552 0.0 0
-19.542 0.0 0
-19.532 0.0 0
-19.522 0.0 0
-19.512 0.0 0
-19.502 0.0 0
-19.492 0.0 0
-19.482 0.0 0
-19.472 0.0 0
-19.462 0.0 0
-19.452 0.0 0
-19.442 0.0 0
-19.432 0.0 0
-19.422 0.0 0
-19.412 0.0 0
-19.402 0.0 0
-19.392 0.0 0
-19.382 0.0 0
-19.372 0.0 0
-19.362 0.0 0
-19.352 0.0 0
-19.342 0.0 0
-19.332 0.0 0
-19.322 0.0 0
-19.312 0.0 0
-19.302 0.0 0
-19.292 0.0 0
-19.282 0.0 0
-19.272 0.0 0
-19.262 0.0 0
-19.252 0.0 0
-19.242 0.0 0
-19.232 0.0 0
-19.222 0.0 0
-19.212 0.0 0
-19.202 0.0 0
-19.192 0.0 0
-19.182 0.0 0
-19.172 0.0 0
-19.162 0.0 0
-19.152 0.0 0
-19.142 0.0 0
-19.132 0.0 0
-19.122 0.0 0
-19.112 0.0 0
-19.102 0.0 0
-19.092 0.0 0
-19.082 0.0 0
-19.072 0.0 0
-19.062 0.0 0
-19.052 0.0 0
-19.042 0.0 0
-19.032 0.0 0
-19.022 0.0 0
-19.012 0.0 0
-19.002 0.0 0
-18.992 0.0 0
-18.982 0.0 0
-18.972 0.0 0
-18.962 0.0 0
-18.952 0.0 0
-18.942 0.0 0
-18.932 0.0 0
-18.922 0.0 0
-18.912 0.0 0
-18.902 0.0 0
-18.892 0.0 0
-18.882 0.0 0
-18.872 0.0 0
-18.862 0.0 0
-18.852 0.0 0
-18.842 0.0 0
-18.832 0.0 0
-18.822 0.0 0
-18.812 0.0 0
-18.802 0.0 0
-18.792 0.0 0
-18.782 0.0 0
-18.772 0.0 0
-18.762 0.0 0
-18.752 0.0 0
-18.742 0.0 0
-18.732 0.0 0
-18.722 0.0 0
-18.712 0.0 0
-18.702 0.0 0
-18.692 0.0 0
-18.682 0.0 0
-18.672 0.0 0
-18.662 0.0 0
-18.652 0.0 0
-18.642 0.0 0
-18.632 0.0 0
-18.622 0.0 0
-18.612 0.0 0
-18.602 0.0 0
-18.592 0.0 0
-18.582 0.0 0
-18.572 0.0 0
-18.562 0.0 0
-18.552 0.0 0
-18.542 0.0 0
-18.532 0.0 0
-18.522 0.0 0
-18.512 0.0 0
-18.502 0.0 0
-18.492 0.0 0
-18.482 0.0 0
-18.472 0.0 0
-18.462 0.0 0
-18.452 0.0 0
-18.442 0.0 0
-18.432 0.0 0
-18.422 0.0 0
-18.412 0.0 0
-18.402 0.0 0
-18.392 0.0 0
-18.382 0.0 0
-18.372 0.0 0
-18.362 0.0 0
-18.352 0.0 0
-18.342 0.0 0
-18.332 0.0 0
-18.322 0.0 0
-18.312 0.0 0
-18.302 0.0 0
-18.292 0.0 0
-18.282 0.0 0
-18.272 0.0 0
-18.262 0.0 0
-18.252 0.0 0
-18.242 0.0 0
-18.232 0.0 0
-18.222 0.0 0
-18.212 0.0 0
-18.202 0.0 0
-18.192 0.0 0
-18.182 0.0 0
-18.172 0.0 0
-18.162 0.0 0
-18.152 0.0 0
-18.142 0.0 0
-18.132 0.0 0
-18.122 0.0 0
-18.112 0.0 0
-18.102 0.0 0
-18.092 0.0 0
-18.082 0.0 0
-18.072 0.0 0
-18.062 0.0 0
-18.052 0.0 0
-18.042 0.0 0
-18.032 0.0 0
-18.022 0.0 0
-18.012 0.0 0
-18.002 0.0 0
-17.992 0.0 0
-17.982 0.0 0
-17.972 0.0 0
-17.962 0.0 0
-17.952 0.0 0
-17.942 0.0 0
-17.932 0.0 0
-17.922 0.0 0
-17.912 0.0 0
-17.902 0.0 0
-17.892 0.0 0
-17.882 0.0 0
-17.872 0.0 0
-17.862 0.0 0
-17.852 0.0 0
-17.842 0.0 0
-17.832 0.0 0
-17.822 0.0 0
-17.812 0.0 0
-17.802 0.0 0
-17.792 0.0 0
-17.782 0.0 0
-17.772 0.0 0
-17.762 0.0 0
-17.752 0.0 0
-17.742 0.0 0
-17.732 0.0 0
-17.722 0.0 0
-17.712 0.0 0
-17.702 0.0 0
-17.692 0.0 0
-17.682 0.0 0
-17.672 0.0 0
-17.662 0.0 0
-17.652 0.0 0
-17.642 0.0 0
-17.632 0.0 0
-17.622 0.0 0
-17.612 0.0 0
-17.602 0.0 0
-17.592 0.0 0
-17.582 0.0 0
-17.572 0.0 0
-17.562 0.0 0
-17.552 0.0 0
-17.542 0.0 0
-17.532 0.0 0
-17.522 0.0 0
-17.512 0.0 0
-17.502 0.0 0
-17.492 0.0 0
-17.482 0.0 0
-17.472 0.0 0
-17.462 0.0 0
-17.452 0.0 0
-17.442 0.0 0
-17.432 0.0 0
-17.422 0.0 0
-17.412 0.0 0
-17.402 0.0 0
-17.392 0.0 0
-17.382 0.0 0
-17.372 0.0 0
-17.362 0.0 0
-17.352 0.0 0
-17.342 0.0 0
-17.332 0.0 0
-17.322 0.0 0
-17.312 0.0 0
-17.302 0.0 0
-17.292 0.0 0
-17.282 0.0 0
-17.272 0.0 0
-17.262 0.0 0
-17.252 0.0 0
-17.242 0.0 0
-17.232 0.0 0
-17.222 0.0 0
-17.212 0.0 0
-17.202 0.0 0
-17.192 0.0 0
-17.182 0.0 0
-17.172 0.0 0
-17.162 0.0 0
-17.152 0.0 0
-17.142 0.0 0
-17.132 0.0 0
-17.122 0.0 0
-17.112 0.0 0
-17.102 0.0 0
-17.092 0.0 0
-17.082 0.0 0
-17.072 0.0 0
-17.062 0.0 0
-17.052 0.0 0
-17.042 0.0 0
-17.032 0.0 0
-17.022 0.0 0
-17.012 0.0 0
-17.002 0.0 0
-16.992 0.0 0
-16.982 0.0 0
-16.972 0.0 0
-16.962 0.0 0
-16.952 0.0 0
-16.942 0.0 0
-16.932 0.0 0
-16.922 0.0 0
-16.912 0.0 0
-16.902 0.0 0
-16.892 0.0 0
-16.882 0.0 0
-16.872 0.0 0
-16.862 0.0 0
-16.852 0.0 0
-16.842 0.0 0
-16.832 0.0 0
-16.822 0.0 0
-16.812 0.0 0
-16.802 0.0 0
-16.792 0.0 0
-16.782 0.0 0
-16.772 0.0 0
-16.762 0.0 0
-16.752 0.0 0
-16.742 0.0 0
-16.732 0.0 0
-16.722 0.0 0
-16.712 0.0 0
-16.702 0.0 0
-16.692 0.0 0
-16.682 0.0 0
-16.672 0.0 0
-16.662 0.0 0
-16.652 0.0 0
-16.642 0.0 0
-16.632 0.0 0
-16.622 0.0 0
-16.612 0.0 0
-16.602 0.0 0
-16.592 0.0 0
-16.582 0.0 0
-16.572 0.0 0
-16.562 0.0 0
-16.552 0.0 0
-16.542 0.0 0
-16.532 0.0 0
-16.522 0.0 0
-16.512 0.0 0
-16.502 0.0 0
-16.492 0.0 0
-16.482 0.0 0
-16.472 0.0 0
-16.462 0.0 0
-16.452 0.0 0
-16.442 0.0 0
-16.432 0.0 0
-16.422 0.0 0
-16.412 0.0 0
-16.402 0.0 0
-16.392 0.0 0
-16.382 0.0 0
-16.372 0.0 0
-16.362 0.0 0
-16.352 0.0 0
-16.342 0.0 0
-16.332 0.0 0
-16.322 0.0 0
-16.312 0.0 0
-16.302 0.0 0
-16.292 0.0 0
-16.282 0.0 0
-16.272 0.0 0
-16.262 0.0 0
-16.252 0.0 0
-16.242 0.0 0
-16.232 0.0 0
-16.222 0.0 0
-16.212 0.0 0
-16.202 0.0 0
-16.192 0.0 0
-16.182 0.0 0
-16.172 0.0 0
-16.162 0.0 0
-16.152 0.0 0
-16.142 0.0 0
-16.132 0.0 0
-16.122 0.0 0
-16.112 0.0 0
-16.102 0.0 0
-16.092 0.0 0
-16.082 0.0 0
-16.072 0.0 0
-16.062 0.0 0
-16.052 0.0 0
-16.042 0.0 0
-16.032 0.0 0
-16.022 0.0 0
-16.012 0.0 0
-16.002 0.0 0
-15.992 0.0 0
-15.982 0.0 0
-15.972 0.0 0
-15.962 0.0 0
-15.952 0.0 0
-15.942 0.0 0
-15.932 0.0 0
-15.922 0.0 0
-15.912 0.0 0
-15.902 0.0 0
-15.892 0.0 0
-15.882 0.0 0
-15.872 0.0 0
-15.862 0.0 0
-15.852 0.0 0
-15.842 0.0 0
-15.832 0.0 0
-15.822 0.0 0
-15.812 0.0 0
-15.802 0.0 0
-15.792 0.0 0
-15.782 0.0 0
-15.772 0.0 0
-15.762 0.0 0
-15.752 0.0 0
-15.742 0.0 0
-15.732 0.0 0
-15.722 0.0 0
-15.712 0.0 0
-15.702 0.0 0
-15.692 0.0 0
-15.682 0.0 0
-15.672 0.0 0
-15.662 0.0 0
-15.652 0.0 0
-15.642 0.0 0
-15.632 0.0 0
-15.622 0.0 0
-15.612 0.0 0
-15.602 0.0 0
-15.592 0.0 0
-15.582 0.0 0
-15.572 0.0 0
-15.562 0.0 0
-15.552 0.0 0
-15.542 0.0 0
-15.532 0.0 0
-15.522 0.0 0
-15.512 0.0 0
-15.502 0.0 0
-15.492 0.0 0
-15.482 0.0 0
-15.472 0.0 0
-15.462 0.0 0
-15.452 0.0 0
-15.442 0.0 0
-15.432 0.0 0
-15.422 0.0 0
-15.412 0.0 0
-15.402 0.0 0
-15.392 0.0 0
-15.382 0.0 0
-15.372 0.0 0
-15.362 0.0 0
-15.352 0.0 0
-15.342 0.0 0
-15.332 0.0 0
-15.322 0.0 0
-15.312 0.0 0
-15.302 0.0 0
-15.292 0.0 0
-15.282 0.0 0
-15.272 0.0 0
-15.262 0.0 0
-15.252 0.0 0
-15.242 0.0 0
-15.232 0.0 0
-15.222 0.0 0
-15.212 0.0 0
-15.202 0.0 0
-15.192 0.0 0
-15.182 0.0 0
-15.172 0.0 0
-15.162 0.0 0
-15.152 0.0 0
-15.142 0.0 0
-15.132 0.0 0
-15.122 0.0 0
-15.112 0.0 0
-15.102 0.0 0
-15.092 0.0 0
-15.082 0.0 0
-15.072 0.0 0
-15.062 0.0 0
-15.052 0.0 0
-15.042 0.0 0
-15.032 0.0 0
-15.022 0.0 0
-15.012 0.0 0
-15.002 0.0 0
-14.992 0.0 0
-14.982 0.0 0
-14.972 0.0 0
-14.962 0.0 0
-14.952 0.0 0
-14.942 0.0 0
-14.932 0.0 0
-14.922 0.0 0
-14.912 0.0 0
-14.902 0.0 0
-14.892 0.0 0
-14.882 0.0 0
-14.872 0.0 0
-14.862 0.0 0
-14.852 0.0 0
-14.842 0.0 0
-14.832 0.0 0
-14.822 0.0 0
-14.812 0.0 0
-14.802 0.0 0
-14.792 0.0 0
-14.782 0.0 0
-14.772 0.0 0
-14.762 0.0 0
-14.752 0.0 0
-14.742 0.0 0
-14.732 0.0 0
-14.722 0.0 0
-14.712 0.0 0
-14.702 0.0 0
-14.692 0.0 0
-14.682 0.0 0
-14.672 0.0 0
-14.662 0.0 0
-14.652 1.665e-18 0
-14.642 7.94e-18 0
-14.632 1.658e-17 0
-14.622 4.3e-17 0
-14.612 9.19e-17 0
-14.602 1.868e-16 0
-14.592 3.772e-16 0
-14.582 7.5e-16 0
-14.572 1.48e-15 0
-14.562 2.888e-15 0
-14.552 5.58e-15 0
-14.542 1.064e-14 -8.92e-19
-14.532 2.011e-14 -1.878e-18
-14.522 3.759e-14 -9.32e-18
-14.512 6.96e-14 -2.296e-17
-14.502 1.272e-13 -5.1e-17
-14.492 2.305e-13 -1.094e-16
-14.482 4.136e-13 -2.23e-16
-14.472 7.32e-13 -4.48e-16
-14.462 1.286e-12 -8.9e-16
-14.452 2.23e-12 -1.748e-15
-14.442 3.832e-12 -3.396e-15
-14.432 6.51e-12 -6.54e-15
-14.422 1.096e-11 -1.244e-14
-14.412 1.824e-11 -2.344e-14
-14.402 3.002e-11 -4.36e-14
-14.392 4.88e-11 -8.05e-14
-14.382 7.9e-11 -1.47e-13
-14.372 1.26e-10 -2.653e-13
-14.362 1.988e-10 -4.74e-13
-14.352 3.104e-10 -8.36e-13
-14.342 4.8e-10 -1.465e-12
-14.332 7.34e-10 -2.536e-12
-14.322 1.112e-09 -4.34e-12
-14.312 1.664e-09 -7.36e-12
-14.302 2.466e-09 -1.234e-11
-14.292 3.614e-09 -2.047e-11
-14.282 5.24e-09 -3.361e-11
-14.272 7.52e-09 -5.46e-11
-14.262 1.07e-08 -8.76e-11
-14.252 1.504e-08 -1.394e-10
-14.242 2.092e-08 -2.194e-10
-14.232 2.88e-08 -3.418e-10
-14.222 3.92e-08 -5.26e-10
-14.212 5.28e-08 -8.02e-10
-14.202 7.06e-08 -1.21e-09
-14.192 9.3e-08 -1.806e-09
-14.182 1.214e-07 -2.668e-09
-14.172 1.568e-07 -3.908e-09
-14.162 2.005e-07 -5.64e-09
-14.152 2.536e-07 -8.06e-09
-14.142 3.176e-07 -1.143e-08
-14.132 3.928e-07 -1.602e-08
-14.122 4.82e-07 -2.218e-08
-14.112 5.86e-07 -3.042e-08
-14.102 7.02e-07 -4.12e-08
-14.092 8.33e-07 -5.54e-08
-14.082 9.8e-07 -7.38e-08
-14.072 1.138e-06 -9.7e-08
-14.062 1.31e-06 -1.262e-07
-14.052 1.492e-06 -1.622e-07
-14.042 1.68e-06 -2.067e-07
-14.032 1.874e-06 -2.606e-07
-14.022 2.067e-06 -3.25e-07
-14.012 2.255e-06 -4.006e-07
-14.002 2.435e-06 -4.9e-07
-13.992 2.603e-06 -5.92e-07
-13.982 2.752e-06 -7.08e-07
-13.972 2.882e-06 -8.38e-07
-13.962 2.982e-06 -9.8e-07
-13.952 3.056e-06 -1.134e-06
-13.942 3.099e-06 -1.302e-06
-13.932 3.108e-06 -1.476e-06
-13.922 3.086e-06 -1.656e-06
-13.912 3.03e-06 -1.838e-06
-13.902 2.946e-06 -2.021e-06
-13.892 2.832e-06 -2.196e-06
-13.882 2.696e-06 -2.364e-06
-13.872 2.539e-06 -2.516e-06
-13.862 2.366e-06 -2.652e-06
-13.852 2.181e-06 -2.764e-06
-13.842 1.99e-06 -2.85e-06
-13.832 1.798e-06 -2.908e-06
-13.822 1.604e-06 -2.936e-06
-13.812 1.419e-06 -2.935e-06
-13.802 1.242e-06 -2.901e-06
-13.792 1.074e-06 -2.838e-06
-13.782 9.2e-07 -2.746e-06
-13.772 7.8e-07 -2.63e-06
-13.762 6.54e-07 -2.494e-06
-13.752 5.42e-07 -2.338e-06
-13.742 4.44e-07 -2.17e-06
-13.732 3.618e-07 -1.992e-06
-13.722 2.907e-07 -1.81e-06
-13.712 2.312e-07 -1.627e-06
-13.702 1.82e-07 -1.448e-06
-13.692 1.418e-07 -1.274e-06
-13.682 1.092e-07 -1.11e-06
-13.672 8.34e-08 -9.56e-07
-13.662 6.28e-08 -8.16e-07
-13.652 4.68e-08 -6.88e-07
-13.642 3.465e-08 -5.76e-07
-13.632 2.532e-08 -4.74e-07
-13.622 1.832e-08 -3.88e-07
-13.612 1.31e-08 -3.138e-07
-13.602 9.28e-09 -2.512e-07
-13.592 6.5e-09 -1.99e-07
-13.582 4.52e-09 -1.558e-07
-13.572 3.094e-09 -1.208e-07
-13.562 2.1e-09 -9.26e-08
-13.552 1.41e-09 -7.04e-08
-13.542 9.38e-10 -5.3e-08
-13.532 6.16e-10 -3.93e-08
-13.522 4.012e-10 -2.89e-08
-13.512 2.583e-10 -2.102e-08
-13.502 1.645e-10 -1.513e-08
-13.492 1.036e-10 -1.078e-08
-13.482 6.46e-11 -7.6e-09
-13.472 3.984e-11 -5.3e-09
-13.462 2.436e-11 -3.658e-09
-13.452 1.474e-11 -2.498e-09
-13.442 8.8e-12 -1.688e-09
-13.432 5.22e-12 -1.128e-09
-13.422 3.048e-12 -7.48e-10
-13.412 1.766e-12 -4.88e-10
-13.402 1.01e-12 -3.164e-10
-13.392 5.74e-13 -2.026e-10
-13.382 3.218e-13 -1.286e-10
-13.372 1.786e-13 -8.06e-11
-13.362 9.82e-14 -5e-11
-13.352 5.34e-14 -3.074e-11
-13.342 2.866e-14 -1.868e-11
-13.332 1.525e-14 -1.122e-11
-13.322 8.04e-15 -6.69e-12
-13.312 4.18e-15 -3.936e-12
-13.302 2.156e-15 -2.292e-12
-13.292 1.1e-15 -1.322e-12
-13.282 5.54e-16 -7.52e-13
-13.272 2.768e-16 -4.24e-13
-13.262 1.363e-16 -2.374e-13
-13.252 6.32e-17 -1.31e-13
-13.242 3.062e-17 -7.16e-14
-13.232 1.096e-17 -3.874e-14
-13.222 2.002e-18 -2.074e-14
-13.212 9.52e-19 -1.098e-14
-13.202 0.0 -5.75e-15
-13.192 0.0 -2.98e-15
-13.182 0.0 -1.528e-15
-13.172 0.0 -7.76e-16
-13.162 0.0 -3.894e-16
-13.152 0.0 -1.926e-16
-13.142 0.0 -9.48e-17
-13.132 0.0 -4.36e-17
-13.122 0.0 -1.768e-17
-13.112 0.0 -7.45e-18
-13.102 0.0 -1.348e-18
-13.092 0.0 0
-13.082 0.0 0
-13.072 0.0 0
-13.062 0.0 0
-13.052 0.0 0
-13.042 0.0 0
-13.032 0.0 0
-13.022 0.0 0
-13.012 0.0 0
-13.002 0.0 0
-12.992 0.0 0
-12.982 0.0 0
-12.972 0.0 0
-12.962 0.0 0
-12.952 0.0 0
-12.942 0.0 0
-12.932 0.0 0
-12.922 0.0 0
-12.912 0.0 0
-12.902 0.0 0
-12.892 0.0 0
-12.882 0.0 0
-12.872 0.0 0
-12.862 0.0 0
-12.852 0.0 0
-12.842 0.0 0
-12.832 0.0 0
-12.822 0.0 0
-12.812 0.0 0
-12.802 0.0 0
-12.792 0.0 0
-12.782 0.0 0
-12.772 0.0 0
-12.762 0.0 0
-12.752 0.0 0
-12.742 0.0 0
-12.732 0.0 0
-12.722 0.0 0
-12.712 0.0 0
-12.702 0.0 0
-12.692 0.0 0
-12.682 0.0 0
-12.672 0.0 0
-12.662 0.0 0
-12.652 0.0 0
-12.642 0.0 0
-12.632 0.0 0
-12.622 0.0 0
-12.612 0.0 0
-12.602 0.0 0
-12.592 0.0 0
-12.582 0.0 0
-12.572 0.0 0
-12.562 0.0 0
-12.552 0.0 0
-12.542 0.0 0
-12.532 0.0 0
-12.522 0.0 0
-12.512 0.0 0
-12.502 0.0 0
-12.492 0.0 0
-12.482 0.0 0
-12.472 0.0 0
-12.462 0.0 0
-12.452 0.0 0
-12.442 0.0 0
-12.432 0.0 0
-12.422 0.0 0
-12.412 0.0 0
-12.402 0.0 0
-12.392 0.0 0
-12.382 0.0 0
-12.372 0.0 0
-12.362 0.0 0
-12.352 0.0 0
-12.342 0.0 0
-12.332 0.0 0
-12.322 0.0 0
-12.312 0.0 0
-12.302 0.0 0
-12.292 0.0 0
-12.282 0.0 0
-12.272 0.0 0
-12.262 0.0 0
-12.252 0.0 0
-12.242 0.0 0
-12.232 0.0 0
-12.222 0.0 0
-12.212 0.0 0
-12.202 0.0 0
-12.192 0.0 0
-12.182 0.0 0
-12.172 0.0 0
-12.162 0.0 0
-12.152 0.0 0
-12.142 0.0 0
-12.132 0.0 0
-12.122 0.0 0
-12.112 0.0 0
-12.102 0.0 0
-12.092 0.0 0
-12.082 0.0 0
-12.072 0.0 0
-12.062 0.0 0
-12.052 0.0 0
-12.042 0.0 0
-12.032 0.0 0
-12.022 0.0 0
-12.012 0.0 0
-12.002 0.0 0
-11.992 0.0 0
-11.982 0.0 0
-11.972 0.0 0
-11.962 0.0 0
-11.952 0.0 0
-11.942 0.0 0
-11.932 0.0 0
-11.922 0.0 0
-11.912 0.0 0
-11.902 0.0 0
-11.892 0.0 0
-11.882 0.0 0
-11.872 0.0 0
-11.862 0.0 0
-11.852 0.0 0
-11.842 0.0 0
-11.832 0.0 0
-11.822 0.0 0
-11.812 0.0 0
-11.802 0.0 0
-11.792 0.0 0
-11.782 0.0 0
-11.772 0.0 0
-11.762 0.0 0
-11.752 0.0 0
-11.742 0.0 0
-11.732 0.0 0
-11.722 0.0 0
-11.712 0.0 0
-11.702 0.0 0
-11.692 0.0 0
-11.682 0.0 0
-11.672 0.0 0
-11.662 0.0 0
-11.652 0.0 0
-11.642 0.0 0
-11.632 0.0 0
-11.622 0.0 0
-11.612 0.0 0
-11.602 0.0 0
-11.592 0.0 0
-11.582 0.0 0
-11.572 0.0 0
-11.562 0.0 0
-11.552 0.0 0
-11.542 0.0 0
-11.532 0.0 0
-11.522 0.0 0
-11.512 0.0 0
-11.502 0.0 0
-11.492 0.0 0
-11.482 0.0 0
-11.472 0.0 0
-11.462 0.0 0
-11.452 0.0 0
-11.442 0.0 0
-11.432 0.0 0
-11.422 0.0 0
-11.412 0.0 0
-11.402 0.0 0
-11.392 0.0 0
-11.382 0.0 0
-11.372 0.0 0
-11.362 0.0 0
-11.352 0.0 0
-11.342 0.0 0
-11.332 0.0 0
-11.322 0.0 0
-11.312 0.0 0
-11.302 0.0 0
-11.292 0.0 0
-11.282 0.0 0
-11.272 0.0 0
-11.262 0.0 0
-11.252 0.0 0
-11.242 0.0 0
-11.232 0.0 0
-11.222 0.0 0
-11.212 0.0 0
-11.202 0.0 0
-11.192 0.0 0
-11.182 0.0 0
-11.172 0.0 0
-11.162 0.0 0
-11.152 0.0 0
-11.142 0.0 0
-11.132 0.0 0
-11.122 0.0 0
-11.112 0.0 0
-11.102 0.0 0
-11.092 0.0 0
-11.082 0.0 0
-11.072 0.0 0
-11.062 0.0 0
-11.052 0.0 0
-11.042 0.0 0
-11.032 0.0 0
-11.022 0.0 0
-11.012 0.0 0
-11.002 0.0 0
-10.992 0.0 0
-10.982 0.0 0
-10.972 0.0 0
-10.962 0.0 0
-10.952 0.0 0
-10.942 0.0 0
-10.932 0.0 0
-10.922 0.0 0
-10.912 0.0 0
-10.902 0.0 0
-10.892 0.0 0
-10.882 0.0 0
-10.872 0.0 0
-10.862 0.0 0
-10.852 0.0 0
-10.842 0.0 0
-10.832 0.0 0
-10.822 0.0 0
-10.812 0.0 0
-10.802 0.0 0
-10.792 0.0 0
-10.782 0.0 0
-10.772 0.0 0
-10.762 0.0 0
-10.752 0.0 0
-10.742 0.0 0
-10.732 0.0 0
-10.722 0.0 0
-10.712 0.0 0
-10.702 0.0 0
-10.692 0.0 0
-10.682 0.0 0
-10.672 0.0 0
-10.662 0.0 0
-10.652 0.0 0
-10.642 0.0 0
-10.632 0.0 0
-10.622 0.0 0
-10.612 0.0 0
-10.602 0.0 0
-10.592 0.0 0
-10.582 0.0 0
-10.572 0.0 0
-10.562 0.0 0
-10.552 0.0 0
-10.542 0.0 0
-10.532 0.0 0
-10.522 0.0 0
-10.512 0.0 0
-10.502 0.0 0
-10.492 0.0 0
-10.482 0.0 0
-10.472 0.0 0
-10.462 0.0 0
-10.452 0.0 0
-10.442 0.0 0
-10.432 0.0 0
-10.422 0.0 0
-10.412 0.0 0
-10.402 0.0 0
-10.392 0.0 0
-10.382 0.0 0
-10.372 0.0 0
-10.362 0.0 0
-10.352 0.0 0
-10.342 0.0 0
-10.332 0.0 0
-10.322 0.0 0
-10.312 0.0 0
-10.302 0.0 0
-10.292 0.0 0
-10.282 0.0 0
-10.272 0.0 0
-10.262 0.0 0
-10.252 0.0 0
-10.242 0.0 0
-10.232 0.0 0
-10.222 0.0 0
-10.212 0.0 0
-10.202 0.0 0
-10.192 0.0 0
-10.182 0.0 0
-10.172 0.0 0
-10.162 0.0 0
-10.152 0.0 0
-10.142 0.0 0
-10.132 0.0 0
-10.122 0.0 0
-10.112 0.0 0
-10.102 0.0 0
-10.092 0.0 0
-10.082 0.0 0
-10.072 0.0 0
-10.062 0.0 0
-10.052 0.0 0
-10.042 0.0 0
-10.032 0.0 0
-10.022 0.0 0
-10.012 0.0 0
-10.002 0.0 0
-9.992 0.0 0
-9.982 0.0 0
-9.972 0.0 0
-9.962 0.0 0
-9.952 0.0 0
-9.942 0.0 0
-9.932 0.0 0
-9.922 0.0 0
-9.912 0.0 0
-9.902 0.0 0
-9.892 0.0 0
-9.882 0.0 0
-9.872 0.0 0
-9.862 0.0 0
-9.852 0.0 0
-9.842 0.0 0
-9.832 0.0 0
-9.822 0.0 0
-9.812 0.0 0
-9.802 0.0 0
-9.792 0.0 0
-9.782 0.0 0
-9.772 0.0 0
-9.762 0.0 0
-9.752 0.0 0
-9.742 0.0 0
-9.732 0.0 0
-9.722 0.0 0
-9.712 0.0 0
-9.702 0.0 0
-9.692 0.0 0
-9.682 0.0 0
-9.672 0.0 0
-9.662 0.0 0
-9.652 0.0 0
-9.642 0.0 0
-9.632 0.0 0
-9.622 0.0 0
-9.612 0.0 0
-9.602 0.0 0
-9.592 0.0 0
-9.582 0.0 0
-9.572 0.0 0
-9.562 0.0 0
-9.552 0.0 0
-9.542 0.0 0
-9.532 0.0 0
-9.522 0.0 0
-9.512 0.0 0
-9.502 0.0 0
-9.492 0.0 0
-9.482 0.0 0
-9.472 0.0 0
-9.462 0.0 0
-9.452 0.0 0
-9.442 0.0 0
-9.432 0.0 0
-9.422 0.0 0
-9.412 0.0 0
-9.402 0.0 0
-9.392 0.0 0
-9.382 0.0 0
-9.372 0.0 0
-9.362 0.0 0
-9.352 0.0 0
-9.342 0.0 0
-9.332 0.0 0
-9.322 0.0 0
-9.312 0.0 0
-9.302 0.0 0
-9.292 0.0 0
-9.282 0.0 0
-9.272 0.0 0
-9.262 0.0 0
-9.252 0.0 0
-9.242 0.0 0
-9.232 0.0 0
-9.222 0.0 0
-9.212 0.0 0
-9.202 0.0 0
-9.192 0.0 0
-9.182 0.0 0
-9.172 0.0 0
-9.162 0.0 0
-9.152 0.0 0
-9.142 0.0 0
-9.132 0.0 0
-9.122 5.36e-17 0
-9.112 1.126e-16 0
-9.102 2.346e-16 0
-9.092 4.82e-16 0
-9.082 9.84e-16 0
-9.072 1.981e-15 0
-9.062 3.948e-15 0
-9.052 7.78e-15 0
-9.042 1.518e-14 0
-9.032 2.93e-14 0
-9.022 5.58e-14 0
-9.012 1.056e-13 0
-9.002 1.972e-13 0
-8.992 3.644e-13 0
-8.982 6.66e-13 0
-8.972 1.206e-12 0
-8.962 2.158e-12 0
-8.952 3.818e-12 0
-8.942 6.68e-12 0
-8.932 1.158e-11 0
-8.922 1.984e-11 0
-8.912 3.364e-11 0
-8.902 5.64e-11 0
-8.892 9.36e-11 0
-8.882 1.536e-10 -4.16e-17
-8.872 2.494e-10 -8.74e-17
-8.862 4.014e-10 -1.82e-16
-8.852 6.36e-10 -3.738e-16
-8.842 1.001e-09 -7.6e-16
-8.832 1.558e-09 -1.528e-15
-8.822 2.398e-09 -3.038e-15
-8.812 3.652e-09 -5.98e-15
-8.802 5.5e-09 -1.164e-14
-8.792 8.2e-09 -2.242e-14
-8.782 1.21e-08 -4.28e-14
-8.772 1.768e-08 -8.04e-14
-8.762 2.556e-08 -1.5e-13
-8.752 3.656e-08 -2.768e-13
-8.742 5.18e-08 -5.06e-13
-8.732 7.26e-08 -9.1e-13
-8.722 1.008e-07 -1.626e-12
-8.712 1.382e-07 -2.876e-12
-8.702 1.88e-07 -5.02e-12
-8.692 2.534e-07 -8.7e-12
-8.682 3.384e-07 -1.486e-11
-8.672 4.46e-07 -2.512e-11
-8.662 5.86e-07 -4.2e-11
-8.652 7.62e-07 -6.96e-11
-8.642 9.84e-07 -1.14e-10
-8.632 1.26e-06 -1.848e-10
-8.622 1.6e-06 -2.964e-10
-8.612 2.016e-06 -4.7e-10
-8.602 2.526e-06 -7.36e-10
-8.592 3.148e-06 -1.144e-09
-8.582 3.898e-06 -1.758e-09
-8.572 4.8e-06 -2.672e-09
-8.562 5.88e-06 -4.026e-09
-8.552 7.2e-06 -5.98e-09
-8.542 8.78e-06 -8.78e-09
-8.532 1.066e-05 -1.282e-08
-8.522 1.29e-05 -1.844e-08
-8.512 1.556e-05 -2.632e-08
-8.502 1.87e-05 -3.712e-08
-8.492 2.242e-05 -5.18e-08
-8.482 2.678e-05 -7.16e-08
-8.472 3.188e-05 -9.82e-08
-8.462 3.78e-05 -1.33e-07
-8.452 4.46e-05 -1.784e-07
-8.442 5.26e-05 -2.372e-07
-8.432 6.14e-05 -3.12e-07
-8.422 7.14e-05 -4.08e-07
-8.412 8.24e-05 -5.26e-07
-8.402 9.48e-05 -6.74e-07
-8.392 0.0001082 -8.56e-07
-8.382 0.0001228 -1.082e-06
-8.372 0.0001384 -1.354e-06
-8.362 0.0001546 -1.684e-06
-8.352 0.0001718 -2.082e-06
-8.342 0.0001896 -2.558e-06
-8.332 0.0002078 -3.13e-06
-8.322 0.0002262 -3.812e-06
-8.312 0.0002446 -4.62e-06
-8.302 0.0002628 -5.58e-06
-8.292 0.0002806 -6.74e-06
-8.282 0.0002982 -8.12e-06
-8.272 0.000315 -9.76e-06
-8.262 0.0003312 -1.168e-05
-8.252 0.0003466 -1.4e-05
-8.242 0.000361 -1.672e-05
-8.232 0.0003748 -1.992e-05
-8.222 0.0003872 -2.366e-05
-8.212 0.0003988 -2.802e-05
-8.202 0.00041 -3.306e-05
-8.192 0.000418 -3.886e-05
-8.182 0.000428 -4.54e-05
-8.172 0.000432 -5.28e-05
-8.162 0.000438 -6.12e-05
-8.152 0.000442 -7.04e-05
-8.142 0.000442 -8.02e-05
-8.132 0.000444 -9.1e-05
-8.122 0.00044 -0.0001024
-8.112 0.000436 -0.0001144
-8.102 0.00043 -0.000127
-8.092 0.000422 -0.0001398
-8.082 0.0004102 -0.000153
-8.072 0.000398 -0.0001664
-8.062 0.000385 -0.0001794
-8.052 0.0003708 -0.0001922
-8.042 0.0003556 -0.0002048
-8.032 0.00034 -0.000217
-8.022 0.0003243 -0.0002286
-8.012 0.0003088 -0.0002396
-8.002 0.000294 -0.0002502
-7.992 0.00028 -0.00026
-7.982 0.0002671 -0.0002692
-7.972 0.0002553 -0.0002778
-7.962 0.0002448 -0.0002858
-7.952 0.0002357 -0.000293
-7.942 0.000228 -0.0002998
-7.932 0.0002215 -0.0003058
-7.922 0.0002164 -0.0003112
-7.912 0.0002124 -0.0003156
-7.902 0.0002095 -0.000319
-7.892 0.0002076 -0.0003212
-7.882 0.0002068 -0.0003222
-7.872 0.0002068 -0.0003218
-7.862 0.0002078 -0.00032
-7.852 0.0002094 -0.0003168
-7.842 0.0002121 -0.0003122
-7.832 0.0002154 -0.0003058
-7.822 0.0002196 -0.0002984
-7.812 0.0002245 -0.0002896
-7.802 0.00023 -0.0002798
-7.792 0.0002363 -0.0002692
-7.782 0.0002431 -0.0002582
-7.772 0.0002505 -0.0002468
-7.762 0.0002585 -0.0002353
-7.752 0.0002669 -0.0002241
-7.742 0.0002757 -0.0002133
-7.732 0.0002847 -0.000203
-7.722 0.000294 -0.0001937
-7.712 0.0003034 -0.0001852
-7.702 0.0003129 -0.0001777
-7.692 0.0003224 -0.0001711
-7.682 0.000332 -0.0001654
-7.672 0.0003414 -0.0001606
-7.662 0.0003507 -0.0001567
-7.652 0.0003601 -0.0001537
-7.642 0.0003692 -0.0001512
-7.632 0.0003784 -0.0001496
-7.622 0.0003875 -0.0001484
-7.612 0.0003967 -0.0001478
-7.602 0.0004052 -0.0001479
-7.592 0.000415 -0.0001482
-7.582 0.000425 -0.0001492
-7.572 0.000436 -0.0001506
-7.562 0.000447 -0.0001527
-7.552 0.000459 -0.000155
-7.542 0.000474 -0.0001578
-7.532 0.000489 -0.0001612
-7.522 0.000508 -0.0001648
-7.512 0.000529 -0.0001691
-7.502 0.000554 -0.0001736
-7.492 0.000583 -0.0001786
-7.482 0.000617 -0.0001837
-7.472 0.000655 -0.0001893
-7.462 0.000699 -0.000195
-7.452 0.000749 -0.000201
-7.442 0.000806 -0.0002072
-7.432 0.00087 -0.0002136
-7.422 0.000938 -0.00022
-7.412 0.001017 -0.0002266
-7.402 0.001102 -0.0002334
-7.392 0.001192 -0.00024
-7.382 0.00129 -0.0002468
-7.372 0.001394 -0.0002536
-7.362 0.001502 -0.0002605
-7.352 0.001613 -0.0002676
-7.342 0.001725 -0.0002746
-7.332 0.001836 -0.0002817
-7.322 0.001948 -0.000289
-7.312 0.002054 -0.0002966
-7.302 0.002155 -0.0003045
-7.292 0.002246 -0.000313
-7.282 0.002328 -0.000322
-7.272 0.002398 -0.0003316
-7.262 0.002453 -0.0003423
-7.252 0.002496 -0.0003538
-7.242 0.002521 -0.0003676
-7.232 0.002533 -0.000381
-7.222 0.00253 -0.0003972
-7.212 0.002513 -0.0004151
-7.202 0.002486 -0.0004349
-7.192 0.002451 -0.0004567
-7.182 0.00241 -0.00048
-7.172 0.002368 -0.000508
-7.162 0.00233 -0.000537
-7.152 0.002297 -0.00057
-7.142 0.002276 -0.000604
-7.132 0.002268 -0.000642
-7.122 0.002278 -0.000684
-7.112 0.002309 -0.000728
-7.102 0.002361 -0.000774
-7.092 0.002435 -0.000822
-7.082 0.002532 -0.000874
-7.072 0.002647 -0.000927
-7.062 0.002782 -0.00098
-7.052 0.002931 -0.001034
-7.042 0.003087 -0.001086
-7.032 0.003247 -0.001138
-7.022 0.003405 -0.001187
-7.012 0.003554 -0.001231
-7.002 0.003687 -0.00127
-6.992 0.0038 -0.001304
-6.982 0.003887 -0.001332
-6.972 0.003948 -0.001352
-6.962 0.003974 -0.001365
-6.952 0.003963 -0.00137
-6.942 0.003914 -0.001368
-6.932 0.003829 -0.00136
-6.922 0.003709 -0.001346
-6.912 0.003564 -0.00133
-6.902 0.003392 -0.00131
-6.892 0.0032 -0.00129
-6.882 0.002992 -0.001273
-6.872 0.002774 -0.00126
-6.862 0.00255 -0.001254
-6.852 0.002328 -0.001256
-6.842 0.002111 -0.001268
-6.832 0.001905 -0.001294
-6.822 0.001713 -0.00133
-6.812 0.001541 -0.00138
-6.802 0.00139 -0.00144
-6.792 0.001266 -0.001513
-6.782 0.00117 -0.001595
-6.772 0.001106 -0.001684
-6.762 0.001078 -0.001777
-6.752 0.001088 -0.00187
-6.742 0.001139 -0.001963
-6.732 0.001235 -0.002048
-6.722 0.00138 -0.002124
-6.712 0.001578 -0.002188
-6.702 0.001832 -0.002235
-6.692 0.002142 -0.002264
-6.682 0.002518 -0.002275
-6.672 0.002955 -0.002264
-6.662 0.003462 -0.002233
-6.652 0.00403 -0.002183
-6.642 0.00465 -0.002113
-6.632 0.00534 -0.002028
-6.622 0.00608 -0.001928
-6.612 0.00689 -0.001816
-6.602 0.00773 -0.001695
-6.592 0.0086 -0.00157
-6.582 0.00952 -0.001442
-6.572 0.01043 -0.001313
-6.562 0.01137 -0.001187
-6.552 0.0123 -0.001068
-6.542 0.01326 -0.000954
-6.532 0.0142 -0.000852
-6.522 0.01512 -0.00076
-6.512 0.01605 -0.00068
-6.502 0.01698 -0.000614
-6.492 0.01792 -0.000562
-6.482 0.01886 -0.000526
-6.472 0.0198 -0.0005083
-6.462 0.02079 -0.0005081
-6.452 0.02179 -0.000526
-6.442 0.0228 -0.000566
-6.432 0.02384 -0.000626
-6.422 0.02492 -0.000712
-6.412 0.02598 -0.000822
-6.402 0.02704 -0.000959
-6.392 0.02806 -0.001123
-6.382 0.02904 -0.001316
-6.372 0.02994 -0.001537
-6.362 0.03073 -0.001787
-6.352 0.03138 -0.002067
-6.342 0.03188 -0.002375
-6.332 0.0322 -0.002709
-6.322 0.03228 -0.003068
-6.312 0.03214 -0.00345
-6.302 0.03176 -0.003857
-6.292 0.03114 -0.004272
-6.282 0.03032 -0.0047
-6.272 0.02922 -0.00514
-6.262 0.02796 -0.00561
-6.252 0.02652 -0.0061
-6.242 0.02493 -0.00656
-6.232 0.02321 -0.00706
-6.222 0.02144 -0.00754
-6.212 0.01962 -0.00807
-6.202 0.0178 -0.00858
-6.192 0.01603 -0.00912
-6.182 0.01432 -0.00968
-6.172 0.01271 -0.01024
-6.162 0.01123 -0.01083
-6.152 0.00986 -0.01142
-6.142 0.00865 -0.01202
-6.132 0.00762 -0.01262
-6.122 0.00672 -0.01322
-6.112 0.00598 -0.01382
-6.102 0.00544 -0.01438
-6.092 0.00502 -0.01488
-6.082 0.00474 -0.01534
-6.072 0.0046 -0.01572
-6.062 0.00458 -0.01602
-6.052 0.0047 -0.01622
-6.042 0.0049 -0.0163
-6.032 0.0052 -0.01626
-6.022 0.00556 -0.01612
-6.012 0.00604 -0.01584
-6.002 0.00656 -0.01543
-5.992 0.00716 -0.01492
-5.982 0.0078 -0.01428
-5.972 0.0085 -0.01354
-5.962 0.00926 -0.01276
-5.952 0.01002 -0.01188
-5.942 0.01086 -0.01096
-5.932 0.0117 -0.01004
-5.922 0.01258 -0.00908
-5.912 0.01344 -0.00814
-5.902 0.01432 -0.00726
-5.892 0.01518 -0.00638
-5.882 0.01602 -0.00558
-5.872 0.01682 -0.00482
-5.862 0.01758 -0.00414
-5.852 0.01828 -0.003522
-5.842 0.01895 -0.002984
-5.832 0.01952 -0.002519
-5.822 0.02006 -0.002128
-5.812 0.02054 -0.001806
-5.802 0.02102 -0.00155
-5.792 0.02148 -0.001356
-5.782 0.02196 -0.001218
-5.772 0.02252 -0.001134
-5.762 0.02316 -0.001098
-5.752 0.02398 -0.001104
-5.742 0.02502 -0.001148
-5.732 0.0263 -0.001229
-5.722 0.0279 -0.00134
-5.712 0.02984 -0.001482
-5.702 0.03218 -0.001644
-5.692 0.03492 -0.00183
-5.682 0.03808 -0.002036
-5.672 0.0416 -0.002254
-5.662 0.0455 -0.002484
-5.652 0.0499 -0.002722
-5.642 0.0544 -0.002968
-5.632 0.0592 -0.003214
-5.622 0.0642 -0.003462
-5.612 0.069 -0.003706
-5.602 0.0738 -0.003946
-5.592 0.0786 -0.00418
-5.582 0.083 -0.0044
-5.572 0.087 -0.00462
-5.562 0.0906 -0.00482
-5.552 0.0936 -0.00502
-5.542 0.096 -0.0052
-5.532 0.0982 -0.00538
-5.522 0.0996 -0.00556
-5.512 0.1004 -0.00576
-5.502 0.1008 -0.00595
-5.492 0.101 -0.00614
-5.482 0.101 -0.00634
-5.472 0.1006 -0.00656
-5.462 0.1002 -0.0068
-5.452 0.1 -0.00706
-5.442 0.0998 -0.00736
-5.432 0.1 -0.00768
-5.422 0.1002 -0.00802
-5.412 0.1008 -0.0084
-5.402 0.1016 -0.00882
-5.392 0.1028 -0.00924
-5.382 0.1042 -0.0097
-5.372 0.106 -0.01022
-5.362 0.108 -0.01072
-5.352 0.1104 -0.01126
-5.342 0.1124 -0.01184
-5.332 0.1148 -0.01242
-5.322 0.1174 -0.01304
-5.312 0.12 -0.01368
-5.302 0.1224 -0.01436
-5.292 0.125 -0.01505
-5.282 0.1274 -0.01576
-5.272 0.1298 -0.01652
-5.262 0.1324 -0.01732
-5.252 0.1348 -0.01816
-5.242 0.1372 -0.01908
-5.232 0.1398 -0.02002
-5.222 0.1422 -0.02102
-5.212 0.1446 -0.02206
-5.202 0.147 -0.02316
-5.192 0.1494 -0.02434
-5.182 0.1518 -0.02552
-5.172 0.1538 -0.02674
-5.162 0.1558 -0.02796
-5.152 0.1576 -0.02918
-5.142 0.159 -0.03038
-5.132 0.1606 -0.03152
-5.122 0.1616 -0.0326
-5.112 0.1628 -0.03356
-5.102 0.1638 -0.03441
-5.092 0.1648 -0.0351
-5.082 0.166 -0.03562
-5.072 0.1676 -0.03598
-5.062 0.1694 -0.03616
-5.052 0.172 -0.03612
-5.042 0.1752 -0.0359
-5.032 0.1793 -0.03556
-5.022 0.1844 -0.03504
-5.012 0.1908 -0.03442
-5.002 0.1982 -0.03372
-4.992 0.207 -0.03296
-4.982 0.217 -0.03222
-4.972 0.2284 -0.03152
-4.962 0.2408 -0.03088
-4.952 0.2546 -0.03038
-4.942 0.2696 -0.03002
-4.932 0.2854 -0.02982
-4.922 0.3024 -0.0298
-4.912 0.3202 -0.02998
-4.902 0.3388 -0.03036
-4.892 0.3584 -0.03092
-4.882 0.3788 -0.03164
-4.872 0.401 -0.0325
-4.862 0.422 -0.03348
-4.852 0.446 -0.03452
-4.842 0.468 -0.03562
-4.832 0.496 -0.03672
-4.822 0.52 -0.03779
-4.812 0.548 -0.0388
-4.802 0.578 -0.03978
-4.792 0.606 -0.04058
-4.782 0.636 -0.0412
-4.772 0.668 -0.0418
-4.762 0.696 -0.0422
-4.752 0.728 -0.0424
-4.742 0.756 -0.0424
-4.732 0.786 -0.0424
-4.722 0.81 -0.042
-4.712 0.835 -0.042
-4.702 0.858 -0.0416
-4.692 0.878 -0.041
-4.682 0.894 -0.0406
-4.672 0.906 -0.04012
-4.662 0.914 -0.03952
-4.652 0.922 -0.03904
-4.642 0.924 -0.03862
-4.632 0.926 -0.03824
-4.622 0.924 -0.03794
-4.612 0.922 -0.03774
-4.602 0.918 -0.03762
-4.592 0.914 -0.03757
-4.582 0.914 -0.03763
-4.572 0.914 -0.03776
-4.562 0.918 -0.03796
-4.552 0.926 -0.03822
-4.542 0.936 -0.03852
-4.532 0.952 -0.03882
-4.522 0.976 -0.03916
-4.512 1.002 -0.03948
-4.502 1.038 -0.03977
-4.492 1.076 -0.04012
-4.482 1.122 -0.0402
-4.472 1.172 -0.0404
-4.462 1.232 -0.0404
-4.452 1.292 -0.0404
-4.442 1.36 -0.0403
-4.432 1.432 -0.04016
-4.422 1.51 -0.03976
-4.412 1.59 -0.03932
-4.402 1.674 -0.03892
-4.392 1.762 -0.03835
-4.382 1.854 -0.03775
-4.372 1.948 -0.03712
-4.362 2.048 -0.0365
-4.352 2.148 -0.03594
-4.342 2.25 -0.03546
-4.332 2.358 -0.03514
-4.322 2.466 -0.035
-4.312 2.58 -0.03511
-4.302 2.692 -0.03548
-4.292 2.808 -0.03618
-4.282 2.924 -0.03724
-4.272 3.038 -0.03864
-4.262 3.154 -0.0404
-4.252 3.266 -0.0426
-4.242 3.374 -0.045
-4.232 3.476 -0.0476
-4.222 3.576 -0.0504
-4.212 3.664 -0.0536
-4.202 3.746 -0.0566
-4.192 3.816 -0.0596
-4.182 3.874 -0.0624
-4.172 3.922 -0.0651
-4.162 3.956 -0.0674
-4.152 3.976 -0.0692
-4.142 3.982 -0.0705
-4.132 3.976 -0.0714
-4.122 3.956 -0.0718
-4.112 3.921 -0.0716
-4.102 3.874 -0.071
-4.092 3.812 -0.0699
-4.082 3.742 -0.0684
-4.072 3.656 -0.0666
-4.062 3.562 -0.0646
-4.052 3.458 -0.0628
-4.042 3.347 -0.061
-4.032 3.228 -0.0592
-4.022 3.104 -0.0576
-4.012 2.978 -0.0566
-4.002 2.85 -0.056
-3.992 2.722 -0.0562
-3.982 2.598 -0.057
-3.972 2.478 -0.0584
-3.962 2.364 -0.0606
-3.952 2.26 -0.0634
-3.942 2.164 -0.067
-3.932 2.082 -0.0712
-3.922 2.014 -0.076
-3.912 1.961 -0.0814
-3.902 1.926 -0.0872
-3.892 1.908 -0.0933
-3.882 1.908 -0.0998
-3.872 1.93 -0.1062
-3.862 1.968 -0.113
-3.852 2.026 -0.1194
-3.842 2.102 -0.1258
-3.832 2.198 -0.1318
-3.822 2.312 -0.1376
-3.812 2.442 -0.143
-3.802 2.59 -0.1478
-3.792 2.752 -0.1522
-3.782 2.928 -0.1562
-3.772 3.112 -0.1598
-3.762 3.31 -0.1632
-3.752 3.514 -0.1662
-3.742 3.724 -0.169
-3.732 3.938 -0.1718
-3.722 4.14 -0.1746
-3.712 4.36 -0.1776
-3.702 4.58 -0.181
-3.692 4.78 -0.1848
-3.682 4.96 -0.189
-3.672 5.16 -0.1938
-3.662 5.32 -0.1991
-3.652 5.46 -0.2048
-3.642 5.62 -0.2112
-3.632 5.72 -0.2178
-3.622 5.82 -0.2246
-3.612 5.88 -0.2312
-3.602 5.92 -0.2378
-3.592 5.96 -0.2438
-3.582 5.96 -0.2492
-3.572 5.96 -0.2537
-3.562 5.92 -0.2572
-3.552 5.86 -0.2596
-3.542 5.78 -0.2606
-3.532 5.7 -0.2606
-3.522 5.6 -0.259
-3.512 5.5 -0.2564
-3.502 5.4 -0.2526
-3.492 5.28 -0.2482
-3.482 5.18 -0.2428
-3.472 5.08 -0.2374
-3.462 4.98 -0.2316
-3.452 4.9 -0.2262
-3.442 4.84 -0.2208
-3.432 4.78 -0.2162
-3.422 4.74 -0.212
-3.412 4.72 -0.209
-3.402 4.7 -0.2064
-3.392 4.72 -0.205
-3.382 4.72 -0.2046
-3.372 4.76 -0.2048
-3.362 4.8 -0.2058
-3.352 4.86 -0.2072
-3.342 4.92 -0.2092
-3.332 5.0 -0.2114
-3.322 5.06 -0.2138
-3.312 5.16 -0.216
-3.302 5.24 -0.2184
-3.292 5.32 -0.2206
-3.282 5.4 -0.2226
-3.272 5.5 -0.2242
-3.262 5.6 -0.2256
-3.252 5.68 -0.227
-3.242 5.78 -0.2282
-3.232 5.84 -0.2294
-3.222 5.92 -0.2308
-3.212 6.0 -0.2322
-3.202 6.04 -0.234
-3.192 6.1 -0.2364
-3.182 6.14 -0.2394
-3.172 6.18 -0.243
-3.162 6.18 -0.2472
-3.152 6.18 -0.2524
-3.142 6.18 -0.2587
-3.132 6.14 -0.2659
-3.122 6.12 -0.2742
-3.112 6.06 -0.2836
-3.102 6.0 -0.2941
-3.092 5.92 -0.3057
-3.082 5.84 -0.3183
-3.072 5.76 -0.332
-3.062 5.68 -0.3468
-3.052 5.58 -0.3624
-3.042 5.5 -0.3789
-3.032 5.42 -0.396
-3.022 5.34 -0.414
-3.012 5.28 -0.432
-3.002 5.24 -0.45
-2.992 5.22 -0.47
-2.982 5.22 -0.488
-2.972 5.22 -0.508
-2.962 5.26 -0.524
-2.952 5.3 -0.542
-2.942 5.38 -0.56
-2.932 5.48 -0.578
-2.922 5.6 -0.594
-2.912 5.72 -0.612
-2.902 5.86 -0.628
-2.892 6.02 -0.644
-2.882 6.18 -0.662
-2.872 6.34 -0.678
-2.862 6.52 -0.698
-2.852 6.68 -0.715
-2.842 6.86 -0.736
-2.832 7.02 -0.756
-2.822 7.18 -0.778
-2.812 7.34 -0.8
-2.802 7.5 -0.824
-2.792 7.62 -0.848
-2.782 7.78 -0.872
-2.772 7.9 -0.896
-2.762 8.06 -0.92
-2.752 8.18 -0.942
-2.742 8.3 -0.964
-2.732 8.44 -0.983
-2.722 8.56 -1.002
-2.712 8.72 -1.02
-2.702 8.84 -1.034
-2.692 8.98 -1.046
-2.682 9.14 -1.058
-2.672 9.26 -1.068
-2.662 9.4 -1.079
-2.652 9.52 -1.086
-2.642 9.64 -1.096
-2.632 9.74 -1.104
-2.622 9.82 -1.112
-2.612 9.9 -1.122
-2.602 9.94 -1.132
-2.592 9.98 -1.14
-2.582 9.98 -1.152
-2.572 9.98 -1.16
-2.562 9.94 -1.172
-2.552 9.86 -1.18
-2.542 9.78 -1.188
-2.532 9.66 -1.194
-2.522 9.52 -1.198
-2.512 9.36 -1.202
-2.502 9.2 -1.202
-2.492 9.0 -1.198
-2.482 8.82 -1.194
-2.472 8.6 -1.188
-2.462 8.38 -1.178
-2.452 8.16 -1.168
-2.442 7.96 -1.156
-2.432 7.72 -1.144
-2.422 7.5 -1.13
-2.412 7.28 -1.118
-2.402 7.06 -1.104
-2.392 6.86 -1.092
-2.382 6.66 -1.082
-2.372 6.46 -1.072
-2.362 6.26 -1.062
-2.352 6.06 -1.054
-2.342 5.86 -1.048
-2.332 5.7 -1.042
-2.322 5.52 -1.038
-2.312 5.34 -1.036
-2.302 5.18 -1.03
-2.292 5.04 -1.026
-2.282 4.9 -1.023
-2.272 4.78 -1.02
-2.262 4.66 -1.013
-2.252 4.58 -1.008
-2.242 4.5 -1.002
-2.232 4.44 -0.996
-2.222 4.38 -0.988
-2.212 4.36 -0.982
-2.202 4.36 -0.974
-2.192 4.36 -0.97
-2.182 4.38 -0.966
-2.172 4.42 -0.964
-2.162 4.48 -0.964
-2.152 4.52 -0.966
-2.142 4.6 -0.973
-2.132 4.72 -0.982
-2.122 4.8 -0.994
-2.112 4.88 -1.01
-2.102 5.0 -1.032
-2.092 5.12 -1.056
-2.082 5.2 -1.082
-2.072 5.32 -1.11
-2.062 5.4 -1.14
-2.052 5.5 -1.17
-2.042 5.6 -1.202
-2.032 5.68 -1.23
-2.022 5.74 -1.256
-2.012 5.82 -1.282
-2.002 5.86 -1.302
-1.992 5.9 -1.316
-1.982 5.92 -1.328
-1.972 5.94 -1.336
-1.962 5.96 -1.338
-1.952 5.94 -1.336
-1.942 5.92 -1.333
-1.932 5.9 -1.326
-1.922 5.86 -1.316
-1.912 5.82 -1.306
-1.902 5.79 -1.296
-1.892 5.76 -1.288
-1.882 5.72 -1.282
-1.872 5.64 -1.278
-1.862 5.62 -1.28
-1.852 5.58 -1.286
-1.842 5.54 -1.298
-1.832 5.52 -1.318
-1.822 5.5 -1.346
-1.812 5.5 -1.381
-1.802 5.5 -1.426
-1.792 5.5 -1.478
-1.782 5.54 -1.54
-1.772 5.58 -1.61
-1.762 5.62 -1.69
-1.752 5.68 -1.776
-1.742 5.72 -1.872
-1.732 5.8 -1.972
-1.722 5.86 -2.078
-1.712 5.92 -2.19
-1.702 6.0 -2.304
-1.692 6.06 -2.419
-1.682 6.1 -2.536
-1.672 6.14 -2.65
-1.662 6.18 -2.762
-1.652 6.2 -2.868
-1.642 6.2 -2.968
-1.632 6.16 -3.056
-1.622 6.14 -3.138
-1.612 6.08 -3.21
-1.602 6.02 -3.266
-1.592 5.92 -3.31
-1.582 5.82 -3.344
-1.572 5.7 -3.362
-1.562 5.58 -3.368
-1.552 5.44 -3.364
-1.542 5.3 -3.348
-1.532 5.14 -3.326
-1.522 5.0 -3.292
-1.512 4.86 -3.256
-1.502 4.72 -3.212
-1.492 4.58 -3.17
-1.482 4.46 -3.124
-1.472 4.34 -3.082
-1.462 4.24 -3.042
-1.452 4.12 -3.006
-1.442 4.04 -2.974
-1.432 3.97 -2.948
-1.422 3.904 -2.93
-1.412 3.842 -2.916
-1.402 3.788 -2.91
-1.392 3.74 -2.912
-1.382 3.696 -2.922
-1.372 3.656 -2.938
-1.362 3.62 -2.961
-1.352 3.586 -2.99
-1.342 3.552 -3.028
-1.332 3.518 -3.072
-1.322 3.488 -3.122
-1.312 3.457 -3.178
-1.302 3.428 -3.238
-1.292 3.398 -3.304
-1.282 3.372 -3.373
-1.272 3.346 -3.444
-1.262 3.324 -3.52
-1.252 3.302 -3.592
-1.242 3.284 -3.666
-1.232 3.266 -3.734
-1.222 3.25 -3.8
-1.212 3.238 -3.86
-1.202 3.228 -3.912
-1.192 3.218 -3.956
-1.182 3.21 -3.988
-1.172 3.202 -4.016
-1.162 3.198 -4.02
-1.152 3.192 -4.038
-1.142 3.19 -4.01
-1.132 3.186 -3.998
-1.122 3.186 -3.962
-1.112 3.184 -3.927
-1.102 3.186 -3.877
-1.092 3.184 -3.822
-1.082 3.186 -3.762
-1.072 3.188 -3.696
-1.062 3.19 -3.63
-1.052 3.188 -3.562
-1.042 3.188 -3.498
-1.032 3.184 -3.434
-1.022 3.178 -3.372
-1.012 3.168 -3.316
-1.002 3.154 -3.264
-0.992 3.134 -3.214
-0.982 3.108 -3.172
-0.972 3.078 -3.134
-0.962 3.042 -3.1
-0.952 2.998 -3.068
-0.942 2.948 -3.042
-0.932 2.895 -3.016
-0.922 2.836 -2.994
-0.912 2.774 -2.972
-0.902 2.71 -2.95
-0.892 2.646 -2.93
-0.882 2.582 -2.91
-0.872 2.518 -2.89
-0.862 2.454 -2.87
-0.852 2.398 -2.848
-0.842 2.346 -2.828
-0.832 2.294 -2.81
-0.822 2.25 -2.79
-0.812 2.21 -2.77
-0.802 2.172 -2.752
-0.792 2.14 -2.734
-0.782 2.108 -2.716
-0.772 2.076 -2.7
-0.762 2.048 -2.682
-0.752 2.016 -2.666
-0.742 1.98 -2.652
-0.732 1.942 -2.636
-0.722 1.898 -2.616
-0.712 1.85 -2.598
-0.702 1.797 -2.576
-0.692 1.736 -2.552
-0.682 1.672 -2.524
-0.672 1.602 -2.496
-0.662 1.528 -2.462
-0.652 1.45 -2.424
-0.642 1.372 -2.384
-0.632 1.294 -2.34
-0.622 1.216 -2.294
-0.612 1.14 -2.244
-0.602 1.068 -2.192
-0.592 1.004 -2.138
-0.582 0.944 -2.086
-0.572 0.892 -2.034
-0.562 0.848 -1.982
-0.552 0.812 -1.932
-0.542 0.785 -1.886
-0.532 0.768 -1.842
-0.522 0.756 -1.804
-0.512 0.75 -1.77
-0.502 0.752 -1.74
-0.492 0.758 -1.716
-0.482 0.768 -1.694
-0.472 0.78 -1.682
-0.462 0.792 -1.672
-0.452 0.808 -1.67
-0.442 0.82 -1.672
-0.432 0.832 -1.678
-0.422 0.84 -1.69
-0.412 0.848 -1.706
-0.402 0.848 -1.728
-0.392 0.848 -1.754
-0.382 0.846 -1.784
-0.372 0.84 -1.82
-0.362 0.83 -1.862
-0.352 0.818 -1.908
-0.342 0.804 -1.958
-0.332 0.788 -2.014
-0.322 0.772 -2.074
-0.312 0.754 -2.142
-0.302 0.736 -2.212
-0.292 0.718 -2.288
-0.282 0.7 -2.367
-0.272 0.68 -2.45
-0.262 0.664 -2.535
-0.252 0.644 -2.622
-0.242 0.628 -2.714
-0.232 0.61 -2.802
-0.222 0.594 -2.892
-0.212 0.578 -2.98
-0.202 0.558 -3.066
-0.192 0.542 -3.148
-0.182 0.526 -3.226
-0.172 0.51 -3.302
-0.162 0.494 -3.372
-0.152 0.48 -3.436
-0.142 0.464 -3.496
-0.132 0.452 -3.554
-0.122 0.44 -3.606
-0.112 0.43 -3.656
-0.102 0.42 -3.706
-0.092 0.414 -3.754
-0.082 0.408 -3.802
-0.072 0.404 -3.852
-0.062 0.4034 -3.906
-0.052 0.4014 -3.965
-0.042 0.402 -4.04
-0.032 0.406 -4.1
-0.022 0.406 -4.18
-0.012 0.41 -4.26
-0.002 0.412 -4.34
0.008 0.416 -4.42
0.018 0.418 -4.52
0.028 0.418 -4.62
0.038 0.418 -4.72
0.048 0.418 -4.84
0.058 0.418 -4.96
0.068 0.414 -5.06
0.078 0.408 -5.18
0.088 0.4016 -5.32
0.098 0.3938 -5.44
0.108 0.3846 -5.58
0.118 0.3742 -5.72
0.128 0.3627 -5.88
0.138 0.3504 -6.04
0.148 0.3372 -6.22
0.158 0.3236 -6.38
0.168 0.3096 -6.58
0.178 0.2954 -6.78
0.188 0.2814 -7
0.198 0.2674 -7.2
0.208 0.254 -7.4
0.218 0.2414 -7.62
0.228 0.2292 -7.82
0.238 0.2181 -7.98
0.248 0.208 -8.14
0.258 0.1992 -8.3
0.268 0.1918 -8.42
0.278 0.1855 -8.5
0.288 0.1806 -8.54
0.298 0.177 -8.54
0.308 0.175 -8.52
0.318 0.1738 -8.44
0.328 0.1742 -8.36
0.338 0.1754 -8.22
0.348 0.1776 -8.06
0.358 0.1805 -7.88
0.368 0.184 -7.68
0.378 0.188 -7.44
0.388 0.1921 -7.2
0.398 0.1964 -6.96
0.408 0.2008 -6.72
0.418 0.2048 -6.46
0.428 0.2086 -6.22
0.438 0.2122 -6.02
0.448 0.2154 -5.78
0.458 0.218 -5.58
0.468 0.2204 -5.38
0.478 0.2224 -5.22
0.488 0.2236 -5.06
0.498 0.2246 -4.9
0.508 0.225 -4.76
0.518 0.2248 -4.64
0.528 0.2244 -4.5
0.538 0.2232 -4.38
0.548 0.2216 -4.28
0.558 0.2194 -4.18
0.568 0.2167 -4.08
0.578 0.2134 -3.998
0.588 0.2096 -3.922
0.598 0.2052 -3.846
0.608 0.2003 -3.78
0.618 0.195 -3.72
0.628 0.1893 -3.672
0.638 0.183 -3.634
0.648 0.1766 -3.608
0.658 0.1698 -3.594
0.668 0.1628 -3.59
0.678 0.1558 -3.602
0.688 0.1486 -3.624
0.698 0.1414 -3.66
0.708 0.1343 -3.706
0.718 0.1273 -3.764
0.728 0.1208 -3.828
0.738 0.1146 -3.902
0.748 0.1086 -3.976
0.758 0.1032 -4.06
0.768 0.0982 -4.14
0.778 0.0938 -4.22
0.788 0.0902 -4.3
0.798 0.087 -4.38
0.808 0.0845 -4.42
0.818 0.0828 -4.46
0.828 0.0814 -4.5
0.838 0.0808 -4.54
0.848 0.0807 -4.58
0.858 0.0812 -4.58
0.868 0.0818 -4.58
0.878 0.0828 -4.54
0.888 0.0842 -4.51
0.898 0.0859 -4.48
0.908 0.0876 -4.42
0.918 0.0894 -4.38
0.928 0.0914 -4.32
0.938 0.0932 -4.26
0.948 0.0952 -4.2
0.958 0.0974 -4.12
0.968 0.0995 -4.06
0.978 0.1018 -3.998
0.988 0.104 -3.942
0.998 0.1066 -3.892
1.008 0.1092 -3.854
1.018 0.1118 -3.824
1.028 0.1149 -3.808
1.038 0.1178 -3.804
1.048 0.121 -3.818
1.058 0.124 -3.846
1.068 0.127 -3.894
1.078 0.13 -3.958
1.088 0.1328 -4.04
1.098 0.1356 -4.16
1.108 0.1378 -4.28
1.118 0.1398 -4.42
1.128 0.1412 -4.58
1.138 0.1422 -4.74
1.148 0.1429 -4.96
1.158 0.143 -5.16
1.168 0.1428 -5.4
1.178 0.142 -5.64
1.188 0.1408 -5.9
1.198 0.139 -6.14
1.208 0.137 -6.42
1.218 0.1346 -6.7
1.228 0.1321 -6.96
1.238 0.1293 -7.24
1.248 0.1264 -7.48
1.258 0.1234 -7.74
1.268 0.1204 -7.96
1.278 0.1175 -8.18
1.288 0.1148 -8.36
1.298 0.1124 -8.52
1.308 0.1102 -8.64
1.318 0.1086 -8.7
1.328 0.1075 -8.74
1.338 0.1068 -8.74
1.348 0.1066 -8.7
1.358 0.1073 -8.62
1.368 0.1084 -8.5
1.378 0.11 -8.34
1.388 0.1124 -8.14
1.398 0.1149 -7.94
1.408 0.1178 -7.7
1.418 0.1212 -7.46
1.428 0.1245 -7.2
1.438 0.1276 -6.92
1.448 0.1308 -6.68
1.458 0.1336 -6.42
1.468 0.1359 -6.18
1.478 0.1378 -5.94
1.488 0.1389 -5.72
1.498 0.1394 -5.54
1.508 0.139 -5.36
1.518 0.1382 -5.2
1.528 0.1366 -5.06
1.538 0.1342 -4.94
1.548 0.1312 -4.82
1.558 0.1274 -4.72
1.568 0.1234 -4.64
1.578 0.1188 -4.54
1.588 0.114 -4.46
1.598 0.1092 -4.4
1.608 0.104 -4.32
1.618 0.0992 -4.24
1.628 0.0942 -4.16
1.638 0.0895 -4.1
1.648 0.085 -4.04
1.658 0.0808 -3.974
1.668 0.077 -3.922
1.678 0.0734 -3.872
1.688 0.0702 -3.832
1.698 0.0674 -3.802
1.708 0.065 -3.78
1.718 0.0628 -3.77
1.728 0.061 -3.772
1.738 0.0596 -3.784
1.748 0.0582 -3.808
1.758 0.057 -3.842
1.768 0.0559 -3.886
1.778 0.055 -3.94
1.788 0.0542 -3.992
1.798 0.0533 -4.06
1.808 0.0527 -4.14
1.818 0.052 -4.22
1.828 0.0514 -4.28
1.838 0.0509 -4.36
1.848 0.0506 -4.42
1.858 0.0504 -4.48
1.868 0.0504 -4.56
1.878 0.0504 -4.6
1.888 0.0506 -4.64
1.898 0.0508 -4.68
1.908 0.0514 -4.72
1.918 0.0518 -4.72
1.928 0.0524 -4.72
1.938 0.0528 -4.72
1.948 0.0532 -4.68
1.958 0.0534 -4.66
1.968 0.0538 -4.6
1.978 0.0535 -4.56
1.988 0.0532 -4.48
1.998 0.0526 -4.4
2.008 0.0516 -4.32
2.018 0.0504 -4.24
2.028 0.0488 -4.12
2.038 0.0468 -4
2.048 0.0448 -3.89
2.058 0.0426 -3.768
2.068 0.04011 -3.644
2.078 0.03751 -3.518
2.088 0.0349 -3.392
2.098 0.0323 -3.267
2.108 0.02978 -3.144
2.118 0.02739 -3.022
2.128 0.02518 -2.902
2.138 0.02318 -2.784
2.148 0.02143 -2.672
2.158 0.01995 -2.561
2.168 0.01874 -2.452
2.178 0.01782 -2.348
2.188 0.01716 -2.246
2.198 0.01674 -2.147
2.208 0.01653 -2.052
2.218 0.0165 -1.96
2.228 0.01662 -1.872
2.238 0.01684 -1.789
2.248 0.01713 -1.708
2.258 0.01742 -1.632
2.268 0.01768 -1.562
2.278 0.01789 -1.492
2.288 0.018 -1.43
2.298 0.01798 -1.374
2.308 0.01784 -1.32
2.318 0.01756 -1.272
2.328 0.01713 -1.226
2.338 0.01655 -1.186
2.348 0.01584 -1.148
2.358 0.015 -1.112
2.368 0.01408 -1.08
2.378 0.01308 -1.05
2.388 0.01203 -1.022
2.398 0.01094 -0.994
2.408 0.00985 -0.97
2.418 0.00878 -0.946
2.428 0.00774 -0.923
2.438 0.00676 -0.902
2.448 0.00584 -0.882
2.458 0.00499 -0.864
2.468 0.0042 -0.848
2.478 0.003526 -0.832
2.488 0.002919 -0.82
2.498 0.002391 -0.808
2.508 0.001938 -0.798
2.518 0.001554 -0.792
2.528 0.001234 -0.786
2.538 0.000969 -0.782
2.548 0.000753 -0.778
2.558 0.000579 -0.774
2.568 0.00044 -0.772
2.578 0.0003315 -0.77
2.588 0.0002469 -0.766
2.598 0.000182 -0.762
2.608 0.0001326 -0.756
2.618 9.58e-05 -0.75
2.628 6.84e-05 -0.742
2.638 4.83e-05 -0.734
2.648 3.375e-05 -0.72
2.658 2.334e-05 -0.708
2.668 1.598e-05 -0.694
2.678 1.082e-05 -0.678
2.688 7.24e-06 -0.664
2.698 4.8e-06 -0.646
2.708 3.149e-06 -0.63
2.718 2.044e-06 -0.613
2.728 1.312e-06 -0.596
2.738 8.34e-07 -0.58
2.748 5.24e-07 -0.564
2.758 3.258e-07 -0.55
2.768 2.004e-07 -0.536
2.778 1.221e-07 -0.522
2.788 7.35e-08 -0.51
2.798 4.38e-08 -0.496
2.808 2.583e-08 -0.486
2.818 1.507e-08 -0.474
2.828 8.7e-09 -0.462
2.838 4.96e-09 -0.45
2.848 2.807e-09 -0.44
2.858 1.569e-09 -0.426
2.868 8.67e-10 -0.4137
2.878 4.75e-10 -0.4019
2.888 2.571e-10 -0.3902
2.898 1.377e-10 -0.3769
2.908 7.3e-11 -0.3647
2.918 3.826e-11 -0.3532
2.928 1.984e-11 -0.3424
2.938 1.018e-11 -0.3327
2.948 5.18e-12 -0.3244
2.958 2.599e-12 -0.3177
2.968 1.291e-12 -0.3128
2.978 6.34e-13 -0.3098
2.988 2.767e-13 -0.3088
2.998 1.336e-13 -0.3099
3.008 6.38e-14 -0.313
3.018 0.0 -0.3182
3.028 0.0 -0.3252
3.038 0.0 -0.3336
3.048 0.0 -0.3438
3.058 0.0 -0.3547
3.068 0.0 -0.3666
3.078 0.0 -0.3792
3.088 0.0 -0.3916
3.098 0.0 -0.4046
3.108 0.0 -0.414
3.118 0.0 -0.426
3.128 0.0 -0.436
3.138 0.0 -0.442
3.148 0.0 -0.448
3.158 0.0 -0.45
3.168 0.0 -0.45
3.178 0.0 -0.45
3.188 0.0 -0.446
3.198 0.0 -0.438
3.208 0.0 -0.43
3.218 0.0 -0.418
3.228 0.0 -0.404
3.238 0.0 -0.3892
3.248 0.0 -0.373
3.258 0.0 -0.3563
3.268 0.0 -0.3392
3.278 0.0 -0.322
3.288 0.0 -0.3053
3.298 0.0 -0.2895
3.308 0.0 -0.2747
3.318 0.0 -0.2612
3.328 0.0 -0.2494
3.338 0.0 -0.2392
3.348 0.0 -0.2307
3.358 0.0 -0.2238
3.368 0.0 -0.2182
3.378 0.0 -0.2142
3.388 0.0 -0.2114
3.398 0.0 -0.2096
3.408 0.0 -0.2084
3.418 0.0 -0.2078
3.428 0.0 -0.2072
3.438 0.0 -0.2068
3.448 0.0 -0.2058
3.458 0.0 -0.2046
3.468 0.0 -0.2026
3.478 0.0 -0.2
3.488 0.0 -0.1966
3.498 0.0 -0.1926
3.508 0.0 -0.1874
3.518 0.0 -0.1816
3.528 0.0 -0.1751
3.538 0.0 -0.168
3.548 0.0 -0.1603
3.558 0.0 -0.1524
3.568 0.0 -0.144
3.578 0.0 -0.1357
3.588 0.0 -0.1274
3.598 0.0 -0.1193
3.608 0.0 -0.1114
3.618 0.0 -0.1039
3.628 0.0 -0.0967
3.638 0.0 -0.0902
3.648 0.0 -0.0841
3.658 0.0 -0.0785
3.668 0.0 -0.0735
3.678 0.0 -0.069
3.688 0.0 -0.065
3.698 0.0 -0.0612
3.708 0.0 -0.058
3.718 0.0 -0.055
3.728 0.0 -0.0524
3.738 0.0 -0.05
3.748 0.0 -0.0474
3.758 0.0 -0.0452
3.768 0.0 -0.0429
3.778 0.0 -0.0404
3.788 0.0 -0.03827
3.798 0.0 -0.03595
3.808 0.0 -0.03362
3.818 0.0 -0.03124
3.828 0.0 -0.02886
3.838 0.0 -0.02647
3.848 0.0 -0.02411
3.858 0.0 -0.0218
3.868 0.0 -0.01956
3.878 0.0 -0.0174
3.888 0.0 -0.01534
3.898 0.0 -0.01342
3.908 0.0 -0.01163
3.918 0.0 -0.01
3.928 0.0 -0.0085
3.938 0.0 -0.00718
3.948 0.0 -0.006
3.958 0.0 -0.00496
3.968 0.0 -0.00406
3.978 0.0 -0.003298
3.988 0.0 -0.00265
3.998 0.0 -0.002108
4.008 0.0 -0.00166
4.018 0.0 -0.001295
4.028 0.0 -0.001
4.038 0.0 -0.000764
4.048 0.0 -0.000576
4.058 0.0 -0.000432
4.068 0.0 -0.0003203
4.078 0.0 -0.0002349
4.088 0.0 -0.0001704
4.098 0.0 -0.0001224
4.108 0.0 -8.69e-05
4.118 0.0 -6.12e-05
4.128 0.0 -4.24e-05
4.138 0.0 -2.93e-05
4.148 0.0 -1.996e-05
4.158 0.0 -1.345e-05
4.168 0.0 -8.96e-06
4.178 0.0 -5.92e-06
4.188 0.0 -3.868e-06
4.198 0.0 -2.499e-06
4.208 0.0 -1.596e-06
