ATOMIC_POSITIONS (crystal)
Ce      -0.283817177  -0.157890524  -0.101059156
Ce       0.216182823   0.657890524   0.398940844
Ce       0.283817177   0.157890524   0.101059156
Ce       0.783817177   0.342109476   0.601059156
P       -0.305037020  -0.163138389  -0.612504926
P        0.194962980   0.663138389  -0.112504926
P        0.305037020   0.163138389   0.612504926
P        0.805037020   0.336861611   1.112504926
O       -0.250067067  -0.004233365  -0.440290179
O        0.249932933   0.504233365   0.059709821
O        0.250067067   0.004233365   0.440290179
O        0.750067067   0.495766635   0.940290179
O       -0.383817351  -0.333255003  -0.496865364
O        0.116182649   0.833255003   0.003134636
O        0.383817351   0.333255003   0.496865364
O        0.883817351   0.166744997   0.996865364
O       -0.475940304  -0.105934623  -0.810117961
O        0.024059696   0.605934623  -0.310117961
O        0.475940304   0.105934623   0.810117961
O        0.975940304   0.394065377   1.310117961
O       -0.125996430  -0.214146984  -0.712457991
O        0.374003570   0.714146984  -0.212457991
O        0.125996430   0.214146984   0.712457991
O        0.625996430   0.285853016   1.212457991
