-16.2191 1.19e-05 1.19e-05
-16.2091 1.84e-05 1.84e-05
-16.1991 2.81e-05 2.81e-05
-16.1891 4.25e-05 4.25e-05
-16.1791 6.36e-05 6.37e-05
-16.1691 9.42e-05 9.43e-05
-16.1591 0.000138 0.000138
-16.1491 0.0002 0.0002
-16.1391 0.000286 0.000287
-16.1291 0.000406 0.000406
-16.1191 0.00057 0.00057
-16.1091 0.00079 0.000791
-16.0991 0.00108 0.00109
-16.0891 0.00147 0.00147
-16.0791 0.00198 0.00198
-16.0691 0.00263 0.00263
-16.0591 0.00346 0.00346
-16.0491 0.0045 0.0045
-16.0391 0.00578 0.00579
-16.0291 0.00736 0.00737
-16.0191 0.00927 0.00928
-16.0091 0.0115 0.0116
-15.9991 0.0142 0.0142
-15.9891 0.0173 0.0173
-15.9791 0.0209 0.0209
-15.9691 0.0249 0.0249
-15.9591 0.0294 0.0294
-15.9491 0.0343 0.0344
-15.9391 0.0397 0.0397
-15.9291 0.0453 0.0453
-15.9191 0.0512 0.0512
-15.9091 0.0572 0.0573
-15.8991 0.0633 0.0633
-15.8891 0.0693 0.0693
-15.8791 0.075 0.075
-15.8691 0.0803 0.0803
-15.8591 0.085 0.085
-15.8491 0.0891 0.0891
-15.8391 0.0923 0.0923
-15.8291 0.0947 0.0947
-15.8191 0.096 0.096
-15.8091 0.0964 0.0964
-15.7991 0.0957 0.0957
-15.7891 0.0939 0.0939
-15.7791 0.0913 0.0913
-15.7691 0.0877 0.0877
-15.7591 0.0834 0.0834
-15.7491 0.0784 0.0784
-15.7391 0.073 0.0729
-15.7291 0.0671 0.0671
-15.7191 0.0611 0.0611
-15.7091 0.0551 0.055
-15.6991 0.0491 0.049
-15.6891 0.0432 0.0432
-15.6791 0.0377 0.0377
-15.6691 0.0325 0.0325
-15.6591 0.0278 0.0277
-15.6491 0.0234 0.0234
-15.6391 0.0196 0.0196
-15.6291 0.0162 0.0162
-15.6191 0.0132 0.0132
-15.6091 0.0107 0.0107
-15.5991 0.00854 0.00854
-15.5891 0.00676 0.00675
-15.5791 0.00529 0.00529
-15.5691 0.0041 0.00409
-15.5591 0.00314 0.00313
-15.5491 0.00238 0.00237
-15.5391 0.00178 0.00178
-15.5291 0.00132 0.00132
-15.5191 0.000969 0.000968
-15.5091 0.000703 0.000703
-15.4991 0.000505 0.000504
-15.4891 0.000358 0.000358
-15.4791 0.000252 0.000252
-15.4691 0.000175 0.000175
-15.4591 0.00012 0.00012
-15.4491 8.18e-05 8.18e-05
-15.4391 5.51e-05 5.5e-05
-15.4291 3.66e-05 3.66e-05
-15.4191 2.41e-05 2.41e-05
-15.4091 1.57e-05 1.57e-05
-15.3991 1.01e-05 1.01e-05
-15.3891 6.46e-06 6.45e-06
-15.3791 4.07e-06 4.07e-06
-15.3691 2.54e-06 2.54e-06
-15.3591 1.57e-06 1.56e-06
-15.3491 9.57e-07 9.55e-07
-15.3391 5.78e-07 5.77e-07
-15.3291 3.45e-07 3.45e-07
-15.3191 2.04e-07 2.04e-07
-15.3091 1.19e-07 1.19e-07
-15.2991 6.9e-08 6.89e-08
-15.2891 3.95e-08 3.94e-08
-15.2791 2.23e-08 2.23e-08
-15.2691 1.25e-08 1.25e-08
-15.2591 6.93e-09 6.92e-09
-15.2491 3.8e-09 3.79e-09
-15.2391 2.06e-09 2.05e-09
-15.2291 1.1e-09 1.1e-09
-15.2191 5.85e-10 5.84e-10
-15.2091 3.07e-10 3.07e-10
-15.1991 1.59e-10 1.59e-10
-15.1891 8.19e-11 8.17e-11
-15.1791 4.16e-11 4.15e-11
-15.1691 2.09e-11 2.09e-11
-15.1591 1.04e-11 1.04e-11
-15.1491 5.11e-12 5.1e-12
-15.1391 2.49e-12 2.48e-12
-15.1291 1.2e-12 1.19e-12
-15.1191 5.7e-13 5.69e-13
-15.1091 0.0 0.0
-15.0991 0.0 0.0
-15.0891 0.0 0.0
-15.0791 0.0 0.0
-15.0691 0.0 0.0
-15.0591 0.0 0.0
-15.0491 0.0 0.0
-15.0391 0.0 0.0
-15.0291 0.0 0.0
-15.0191 0.0 0.0
-15.0091 0.0 0.0
-14.9991 0.0 0.0
-14.9891 0.0 0.0
-14.9791 0.0 0.0
-14.9691 0.0 0.0
-14.9591 0.0 0.0
-14.9491 0.0 0.0
-14.9391 0.0 0.0
-14.9291 0.0 0.0
-14.9191 0.0 0.0
-14.9091 0.0 0.0
-14.8991 0.0 0.0
-14.8891 0.0 0.0
-14.8791 0.0 0.0
-14.8691 0.0 0.0
-14.8591 0.0 0.0
-14.8491 0.0 0.0
-14.8391 0.0 0.0
-14.8291 0.0 0.0
-14.8191 0.0 0.0
-14.8091 0.0 0.0
-14.7991 0.0 0.0
-14.7891 0.0 0.0
-14.7791 0.0 0.0
-14.7691 0.0 0.0
-14.7591 0.0 0.0
-14.7491 0.0 0.0
-14.7391 0.0 0.0
-14.7291 0.0 0.0
-14.7191 0.0 0.0
-14.7091 0.0 0.0
-14.6991 0.0 0.0
-14.6891 0.0 0.0
-14.6791 0.0 0.0
-14.6691 0.0 0.0
-14.6591 0.0 0.0
-14.6491 0.0 0.0
-14.6391 0.0 0.0
-14.6291 0.0 0.0
-14.6191 0.0 0.0
-14.6091 0.0 0.0
-14.5991 0.0 0.0
-14.5891 0.0 0.0
-14.5791 0.0 0.0
-14.5691 0.0 0.0
-14.5591 0.0 0.0
-14.5491 0.0 0.0
-14.5391 0.0 0.0
-14.5291 0.0 0.0
-14.5191 0.0 0.0
-14.5091 0.0 0.0
-14.4991 0.0 0.0
-14.4891 0.0 0.0
-14.4791 0.0 0.0
-14.4691 0.0 0.0
-14.4591 0.0 0.0
-14.4491 0.0 0.0
-14.4391 0.0 0.0
-14.4291 0.0 0.0
-14.4191 0.0 0.0
-14.4091 0.0 0.0
-14.3991 0.0 0.0
-14.3891 0.0 0.0
-14.3791 0.0 0.0
-14.3691 0.0 0.0
-14.3591 0.0 0.0
-14.3491 0.0 0.0
-14.3391 0.0 0.0
-14.3291 0.0 0.0
-14.3191 0.0 0.0
-14.3091 0.0 0.0
-14.2991 0.0 0.0
-14.2891 0.0 0.0
-14.2791 0.0 0.0
-14.2691 0.0 0.0
-14.2591 0.0 0.0
-14.2491 0.0 0.0
-14.2391 0.0 0.0
-14.2291 0.0 0.0
-14.2191 0.0 0.0
-14.2091 0.0 0.0
-14.1991 0.0 0.0
-14.1891 0.0 0.0
-14.1791 0.0 0.0
-14.1691 0.0 0.0
-14.1591 0.0 0.0
-14.1491 0.0 0.0
-14.1391 0.0 0.0
-14.1291 0.0 0.0
-14.1191 0.0 0.0
-14.1091 0.0 0.0
-14.0991 0.0 0.0
-14.0891 0.0 0.0
-14.0791 0.0 0.0
-14.0691 0.0 0.0
-14.0591 0.0 0.0
-14.0491 0.0 0.0
-14.0391 0.0 0.0
-14.0291 0.0 0.0
-14.0191 0.0 0.0
-14.0091 0.0 0.0
-13.9991 0.0 0.0
-13.9891 0.0 0.0
-13.9791 0.0 0.0
-13.9691 0.0 0.0
-13.9591 0.0 0.0
-13.9491 0.0 0.0
-13.9391 0.0 0.0
-13.9291 0.0 0.0
-13.9191 0.0 0.0
-13.9091 0.0 0.0
-13.8991 0.0 0.0
-13.8891 0.0 0.0
-13.8791 0.0 0.0
-13.8691 0.0 0.0
-13.8591 0.0 0.0
-13.8491 0.0 0.0
-13.8391 0.0 0.0
-13.8291 0.0 0.0
-13.8191 0.0 0.0
-13.8091 0.0 0.0
-13.7991 0.0 0.0
-13.7891 0.0 0.0
-13.7791 0.0 0.0
-13.7691 0.0 0.0
-13.7591 0.0 0.0
-13.7491 0.0 0.0
-13.7391 0.0 0.0
-13.7291 0.0 0.0
-13.7191 0.0 0.0
-13.7091 0.0 0.0
-13.6991 0.0 0.0
-13.6891 0.0 0.0
-13.6791 0.0 0.0
-13.6691 0.0 0.0
-13.6591 0.0 0.0
-13.6491 0.0 0.0
-13.6391 0.0 0.0
-13.6291 0.0 0.0
-13.6191 0.0 0.0
-13.6091 0.0 0.0
-13.5991 0.0 0.0
-13.5891 0.0 0.0
-13.5791 0.0 0.0
-13.5691 0.0 0.0
-13.5591 0.0 0.0
-13.5491 0.0 0.0
-13.5391 0.0 0.0
-13.5291 0.0 0.0
-13.5191 0.0 0.0
-13.5091 0.0 0.0
-13.4991 0.0 0.0
-13.4891 0.0 0.0
-13.4791 0.0 0.0
-13.4691 0.0 0.0
-13.4591 0.0 0.0
-13.4491 0.0 0.0
-13.4391 0.0 0.0
-13.4291 0.0 0.0
-13.4191 0.0 0.0
-13.4091 0.0 0.0
-13.3991 0.0 0.0
-13.3891 0.0 0.0
-13.3791 0.0 0.0
-13.3691 0.0 0.0
-13.3591 0.0 0.0
-13.3491 0.0 0.0
-13.3391 0.0 0.0
-13.3291 0.0 0.0
-13.3191 0.0 0.0
-13.3091 0.0 0.0
-13.2991 0.0 0.0
-13.2891 0.0 0.0
-13.2791 0.0 0.0
-13.2691 0.0 0.0
-13.2591 0.0 0.0
-13.2491 0.0 0.0
-13.2391 0.0 0.0
-13.2291 0.0 0.0
-13.2191 0.0 0.0
-13.2091 0.0 0.0
-13.1991 0.0 0.0
-13.1891 0.0 0.0
-13.1791 0.0 0.0
-13.1691 0.0 0.0
-13.1591 0.0 0.0
-13.1491 0.0 0.0
-13.1391 0.0 0.0
-13.1291 0.0 0.0
-13.1191 0.0 0.0
-13.1091 0.0 0.0
-13.0991 0.0 0.0
-13.0891 0.0 0.0
-13.0791 0.0 0.0
-13.0691 0.0 0.0
-13.0591 0.0 0.0
-13.0491 0.0 0.0
-13.0391 0.0 0.0
-13.0291 0.0 0.0
-13.0191 0.0 0.0
-13.0091 0.0 0.0
-12.9991 0.0 0.0
-12.9891 0.0 0.0
-12.9791 0.0 0.0
-12.9691 0.0 0.0
-12.9591 0.0 0.0
-12.9491 0.0 0.0
-12.9391 0.0 0.0
-12.9291 0.0 0.0
-12.9191 0.0 0.0
-12.9091 0.0 0.0
-12.8991 0.0 0.0
-12.8891 0.0 0.0
-12.8791 0.0 0.0
-12.8691 0.0 0.0
-12.8591 0.0 0.0
-12.8491 0.0 0.0
-12.8391 0.0 0.0
-12.8291 0.0 0.0
-12.8191 0.0 0.0
-12.8091 0.0 0.0
-12.7991 0.0 0.0
-12.7891 0.0 0.0
-12.7791 0.0 0.0
-12.7691 0.0 0.0
-12.7591 0.0 0.0
-12.7491 0.0 0.0
-12.7391 0.0 0.0
-12.7291 0.0 0.0
-12.7191 0.0 0.0
-12.7091 0.0 0.0
-12.6991 0.0 0.0
-12.6891 0.0 0.0
-12.6791 0.0 0.0
-12.6691 0.0 0.0
-12.6591 0.0 0.0
-12.6491 0.0 0.0
-12.6391 0.0 0.0
-12.6291 0.0 0.0
-12.6191 0.0 0.0
-12.6091 0.0 0.0
-12.5991 0.0 0.0
-12.5891 0.0 0.0
-12.5791 0.0 0.0
-12.5691 0.0 0.0
-12.5591 0.0 0.0
-12.5491 0.0 0.0
-12.5391 0.0 0.0
-12.5291 0.0 0.0
-12.5191 0.0 0.0
-12.5091 0.0 0.0
-12.4991 0.0 0.0
-12.4891 0.0 0.0
-12.4791 0.0 0.0
-12.4691 0.0 0.0
-12.4591 0.0 0.0
-12.4491 0.0 0.0
-12.4391 0.0 0.0
-12.4291 0.0 0.0
-12.4191 0.0 0.0
-12.4091 0.0 0.0
-12.3991 0.0 0.0
-12.3891 0.0 0.0
-12.3791 0.0 0.0
-12.3691 0.0 0.0
-12.3591 0.0 0.0
-12.3491 0.0 0.0
-12.3391 0.0 0.0
-12.3291 0.0 0.0
-12.3191 0.0 0.0
-12.3091 0.0 0.0
-12.2991 0.0 0.0
-12.2891 0.0 0.0
-12.2791 0.0 0.0
-12.2691 0.0 0.0
-12.2591 0.0 0.0
-12.2491 0.0 0.0
-12.2391 0.0 0.0
-12.2291 0.0 0.0
-12.2191 0.0 0.0
-12.2091 0.0 0.0
-12.1991 0.0 0.0
-12.1891 0.0 0.0
-12.1791 0.0 0.0
-12.1691 0.0 0.0
-12.1591 0.0 0.0
-12.1491 0.0 0.0
-12.1391 0.0 0.0
-12.1291 0.0 0.0
-12.1191 0.0 0.0
-12.1091 0.0 0.0
-12.0991 0.0 0.0
-12.0891 0.0 0.0
-12.0791 0.0 0.0
-12.0691 0.0 0.0
-12.0591 0.0 0.0
-12.0491 0.0 0.0
-12.0391 0.0 0.0
-12.0291 0.0 0.0
-12.0191 0.0 0.0
-12.0091 0.0 0.0
-11.9991 0.0 0.0
-11.9891 0.0 0.0
-11.9791 0.0 0.0
-11.9691 0.0 0.0
-11.9591 0.0 0.0
-11.9491 0.0 0.0
-11.9391 0.0 0.0
-11.9291 0.0 0.0
-11.9191 0.0 0.0
-11.9091 0.0 0.0
-11.8991 0.0 0.0
-11.8891 0.0 0.0
-11.8791 0.0 0.0
-11.8691 0.0 0.0
-11.8591 0.0 0.0
-11.8491 0.0 0.0
-11.8391 0.0 0.0
-11.8291 0.0 0.0
-11.8191 0.0 0.0
-11.8091 0.0 0.0
-11.7991 0.0 0.0
-11.7891 0.0 0.0
-11.7791 0.0 0.0
-11.7691 0.0 0.0
-11.7591 0.0 0.0
-11.7491 0.0 0.0
-11.7391 0.0 0.0
-11.7291 0.0 0.0
-11.7191 0.0 0.0
-11.7091 0.0 0.0
-11.6991 0.0 0.0
-11.6891 0.0 0.0
-11.6791 0.0 0.0
-11.6691 0.0 0.0
-11.6591 0.0 0.0
-11.6491 0.0 0.0
-11.6391 0.0 0.0
-11.6291 0.0 0.0
-11.6191 0.0 0.0
-11.6091 0.0 0.0
-11.5991 0.0 0.0
-11.5891 0.0 0.0
-11.5791 0.0 0.0
-11.5691 0.0 0.0
-11.5591 0.0 0.0
-11.5491 0.0 0.0
-11.5391 0.0 0.0
-11.5291 0.0 0.0
-11.5191 0.0 0.0
-11.5091 0.0 0.0
-11.4991 0.0 0.0
-11.4891 0.0 0.0
-11.4791 0.0 0.0
-11.4691 0.0 0.0
-11.4591 0.0 0.0
-11.4491 0.0 0.0
-11.4391 0.0 0.0
-11.4291 0.0 0.0
-11.4191 0.0 0.0
-11.4091 0.0 0.0
-11.3991 0.0 0.0
-11.3891 0.0 0.0
-11.3791 0.0 0.0
-11.3691 0.0 0.0
-11.3591 0.0 0.0
-11.3491 0.0 0.0
-11.3391 0.0 0.0
-11.3291 0.0 0.0
-11.3191 0.0 0.0
-11.3091 0.0 0.0
-11.2991 0.0 0.0
-11.2891 0.0 0.0
-11.2791 0.0 0.0
-11.2691 0.0 0.0
-11.2591 0.0 0.0
-11.2491 0.0 0.0
-11.2391 0.0 0.0
-11.2291 0.0 0.0
-11.2191 0.0 0.0
-11.2091 0.0 0.0
-11.1991 0.0 0.0
-11.1891 0.0 0.0
-11.1791 0.0 0.0
-11.1691 0.0 0.0
-11.1591 0.0 0.0
-11.1491 0.0 0.0
-11.1391 0.0 0.0
-11.1291 0.0 0.0
-11.1191 0.0 0.0
-11.1091 0.0 0.0
-11.0991 0.0 0.0
-11.0891 0.0 0.0
-11.0791 0.0 0.0
-11.0691 0.0 0.0
-11.0591 0.0 0.0
-11.0491 0.0 0.0
-11.0391 0.0 0.0
-11.0291 0.0 0.0
-11.0191 0.0 0.0
-11.0091 0.0 0.0
-10.9991 0.0 0.0
-10.9891 0.0 0.0
-10.9791 0.0 0.0
-10.9691 0.0 0.0
-10.9591 0.0 0.0
-10.9491 0.0 0.0
-10.9391 0.0 0.0
-10.9291 0.0 0.0
-10.9191 0.0 0.0
-10.9091 0.0 0.0
-10.8991 0.0 0.0
-10.8891 0.0 0.0
-10.8791 0.0 0.0
-10.8691 0.0 0.0
-10.8591 0.0 0.0
-10.8491 0.0 0.0
-10.8391 0.0 0.0
-10.8291 0.0 0.0
-10.8191 0.0 0.0
-10.8091 0.0 0.0
-10.7991 0.0 0.0
-10.7891 0.0 0.0
-10.7791 0.0 0.0
-10.7691 0.0 0.0
-10.7591 0.0 0.0
-10.7491 0.0 0.0
-10.7391 0.0 0.0
-10.7291 0.0 0.0
-10.7191 0.0 0.0
-10.7091 0.0 0.0
-10.6991 0.0 0.0
-10.6891 0.0 0.0
-10.6791 0.0 0.0
-10.6691 0.0 0.0
-10.6591 0.0 0.0
-10.6491 0.0 0.0
-10.6391 0.0 0.0
-10.6291 0.0 0.0
-10.6191 0.0 0.0
-10.6091 0.0 0.0
-10.5991 0.0 0.0
-10.5891 0.0 0.0
-10.5791 0.0 0.0
-10.5691 0.0 0.0
-10.5591 0.0 0.0
-10.5491 0.0 0.0
-10.5391 0.0 0.0
-10.5291 0.0 0.0
-10.5191 0.0 0.0
-10.5091 0.0 0.0
-10.4991 0.0 0.0
-10.4891 0.0 0.0
-10.4791 0.0 0.0
-10.4691 0.0 0.0
-10.4591 0.0 0.0
-10.4491 0.0 0.0
-10.4391 0.0 0.0
-10.4291 0.0 0.0
-10.4191 0.0 0.0
-10.4091 0.0 0.0
-10.3991 0.0 0.0
-10.3891 0.0 0.0
-10.3791 0.0 0.0
-10.3691 0.0 0.0
-10.3591 0.0 0.0
-10.3491 0.0 0.0
-10.3391 0.0 0.0
-10.3291 0.0 0.0
-10.3191 0.0 0.0
-10.3091 0.0 0.0
-10.2991 0.0 0.0
-10.2891 0.0 0.0
-10.2791 0.0 0.0
-10.2691 0.0 0.0
-10.2591 0.0 0.0
-10.2491 0.0 0.0
-10.2391 0.0 0.0
-10.2291 0.0 0.0
-10.2191 0.0 0.0
-10.2091 0.0 0.0
-10.1991 0.0 0.0
-10.1891 0.0 0.0
-10.1791 0.0 0.0
-10.1691 0.0 0.0
-10.1591 0.0 0.0
-10.1491 0.0 0.0
-10.1391 0.0 0.0
-10.1291 0.0 0.0
-10.1191 0.0 0.0
-10.1091 0.0 0.0
-10.0991 0.0 0.0
-10.0891 0.0 0.0
-10.0791 0.0 0.0
-10.0691 0.0 0.0
-10.0591 0.0 0.0
-10.0491 0.0 0.0
-10.0391 0.0 0.0
-10.0291 0.0 0.0
-10.0191 0.0 0.0
-10.0091 0.0 0.0
-9.9991 0.0 0.0
-9.9891 0.0 0.0
-9.9791 0.0 0.0
-9.9691 0.0 0.0
-9.9591 0.0 0.0
-9.9491 0.0 0.0
-9.9391 0.0 0.0
-9.9291 0.0 0.0
-9.9191 0.0 0.0
-9.9091 0.0 0.0
-9.8991 0.0 0.0
-9.8891 0.0 0.0
-9.8791 0.0 0.0
-9.8691 0.0 0.0
-9.8591 0.0 0.0
-9.8491 0.0 0.0
-9.8391 0.0 0.0
-9.8291 0.0 0.0
-9.8191 0.0 0.0
-9.8091 0.0 0.0
-9.7991 0.0 0.0
-9.7891 0.0 0.0
-9.7791 0.0 0.0
-9.7691 0.0 0.0
-9.7591 0.0 0.0
-9.7491 0.0 0.0
-9.7391 0.0 0.0
-9.7291 0.0 0.0
-9.7191 0.0 0.0
-9.7091 0.0 0.0
-9.6991 0.0 0.0
-9.6891 0.0 0.0
-9.6791 0.0 0.0
-9.6691 0.0 0.0
-9.6591 0.0 0.0
-9.6491 0.0 0.0
-9.6391 0.0 0.0
-9.6291 0.0 0.0
-9.6191 0.0 0.0
-9.6091 0.0 0.0
-9.5991 0.0 0.0
-9.5891 0.0 0.0
-9.5791 0.0 0.0
-9.5691 0.0 0.0
-9.5591 0.0 0.0
-9.5491 0.0 0.0
-9.5391 0.0 0.0
-9.5291 0.0 0.0
-9.5191 0.0 0.0
-9.5091 0.0 0.0
-9.4991 0.0 0.0
-9.4891 0.0 0.0
-9.4791 0.0 0.0
-9.4691 0.0 0.0
-9.4591 0.0 0.0
-9.4491 0.0 0.0
-9.4391 0.0 0.0
-9.4291 0.0 0.0
-9.4191 0.0 0.0
-9.4091 0.0 0.0
-9.3991 0.0 0.0
-9.3891 0.0 0.0
-9.3791 0.0 0.0
-9.3691 0.0 0.0
-9.3591 0.0 0.0
-9.3491 0.0 0.0
-9.3391 0.0 0.0
-9.3291 0.0 0.0
-9.3191 0.0 0.0
-9.3091 0.0 0.0
-9.2991 0.0 0.0
-9.2891 0.0 0.0
-9.2791 0.0 0.0
-9.2691 0.0 0.0
-9.2591 0.0 0.0
-9.2491 0.0 0.0
-9.2391 0.0 0.0
-9.2291 0.0 0.0
-9.2191 0.0 0.0
-9.2091 0.0 0.0
-9.1991 0.0 0.0
-9.1891 0.0 0.0
-9.1791 0.0 0.0
-9.1691 0.0 0.0
-9.1591 0.0 0.0
-9.1491 0.0 0.0
-9.1391 0.0 0.0
-9.1291 0.0 0.0
-9.1191 0.0 0.0
-9.1091 0.0 0.0
-9.0991 0.0 0.0
-9.0891 0.0 0.0
-9.0791 0.0 0.0
-9.0691 0.0 0.0
-9.0591 0.0 0.0
-9.0491 0.0 0.0
-9.0391 0.0 0.0
-9.0291 0.0 0.0
-9.0191 0.0 0.0
-9.0091 0.0 0.0
-8.9991 0.0 0.0
-8.9891 0.0 0.0
-8.9791 0.0 0.0
-8.9691 0.0 0.0
-8.9591 0.0 0.0
-8.9491 0.0 0.0
-8.9391 0.0 0.0
-8.9291 0.0 0.0
-8.9191 1.19e-11 1.19e-11
-8.9091 2.51e-11 2.51e-11
-8.8991 5.21e-11 5.22e-11
-8.8891 1.07e-10 1.08e-10
-8.8791 2.19e-10 2.19e-10
-8.8691 4.4e-10 4.41e-10
-8.8591 8.77e-10 8.79e-10
-8.8491 1.73e-09 1.73e-09
-8.8391 3.37e-09 3.38e-09
-8.8291 6.51e-09 6.52e-09
-8.8191 1.24e-08 1.24e-08
-8.8091 2.34e-08 2.35e-08
-8.7991 4.38e-08 4.39e-08
-8.7891 8.09e-08 8.11e-08
-8.7791 1.48e-07 1.48e-07
-8.7691 2.67e-07 2.68e-07
-8.7591 4.78e-07 4.79e-07
-8.7491 8.46e-07 8.48e-07
-8.7391 1.48e-06 1.48e-06
-8.7291 2.57e-06 2.57e-06
-8.7191 4.4e-06 4.4e-06
-8.7091 7.45e-06 7.46e-06
-8.6991 1.25e-05 1.25e-05
-8.6891 2.07e-05 2.07e-05
-8.6791 3.4e-05 3.4e-05
-8.6691 5.51e-05 5.52e-05
-8.6591 8.85e-05 8.86e-05
-8.6491 0.000141 0.000141
-8.6391 0.000221 0.000221
-8.6291 0.000343 0.000344
-8.6191 0.000528 0.000529
-8.6091 0.000803 0.000804
-8.5991 0.00121 0.00121
-8.5891 0.0018 0.0018
-8.5791 0.00265 0.00265
-8.5691 0.00386 0.00386
-8.5591 0.00556 0.00557
-8.5491 0.00793 0.00794
-8.5391 0.0112 0.0112
-8.5291 0.0156 0.0156
-8.5191 0.0215 0.0216
-8.5091 0.0294 0.0294
-8.4991 0.0397 0.0397
-8.4891 0.0531 0.0531
-8.4791 0.0701 0.0702
-8.4691 0.0917 0.0918
-8.4591 0.119 0.119
-8.4491 0.152 0.152
-8.4391 0.192 0.192
-8.4291 0.241 0.241
-8.4191 0.298 0.298
-8.4091 0.365 0.366
-8.3991 0.443 0.443
-8.3891 0.531 0.531
-8.3791 0.63 0.631
-8.3691 0.74 0.74
-8.3591 0.859 0.859
-8.3491 0.986 0.987
-8.3391 1.12 1.12
-8.3291 1.26 1.26
-8.3191 1.4 1.4
-8.3091 1.54 1.54
-8.2991 1.68 1.68
-8.2891 1.81 1.81
-8.2791 1.92 1.92
-8.2691 2.03 2.03
-8.2591 2.11 2.11
-8.2491 2.18 2.18
-8.2391 2.22 2.22
-8.2291 2.24 2.24
-8.2191 2.23 2.23
-8.2091 2.21 2.21
-8.1991 2.16 2.16
-8.1891 2.08 2.08
-8.1791 1.99 1.99
-8.1691 1.88 1.88
-8.1591 1.76 1.76
-8.1491 1.63 1.63
-8.1391 1.49 1.49
-8.1291 1.35 1.35
-8.1191 1.21 1.21
-8.1091 1.07 1.07
-8.0991 0.94 0.94
-8.0891 0.816 0.815
-8.0791 0.7 0.699
-8.0691 0.594 0.594
-8.0591 0.499 0.498
-8.0491 0.414 0.414
-8.0391 0.34 0.34
-8.0291 0.277 0.276
-8.0191 0.222 0.222
-8.0091 0.177 0.177
-7.9991 0.139 0.139
-7.9891 0.108 0.108
-7.9791 0.0835 0.0834
-7.9691 0.0636 0.0636
-7.9591 0.0479 0.0479
-7.9491 0.0357 0.0357
-7.9391 0.0264 0.0263
-7.9291 0.0192 0.0192
-7.9191 0.0139 0.0139
-7.9091 0.00991 0.0099
-7.8991 0.007 0.00699
-7.8891 0.00489 0.00489
-7.8791 0.00338 0.00338
-7.8691 0.00231 0.00231
-7.8591 0.00156 0.00156
-7.8491 0.00105 0.00105
-7.8391 0.000693 0.000692
-7.8291 0.000454 0.000453
-7.8191 0.000294 0.000294
-7.8091 0.000188 0.000188
-7.7991 0.000119 0.000119
-7.7891 7.49e-05 7.48e-05
-7.7791 4.65e-05 4.64e-05
-7.7691 2.85e-05 2.85e-05
-7.7591 1.73e-05 1.73e-05
-7.7491 1.04e-05 1.04e-05
-7.7391 6.19e-06 6.18e-06
-7.7291 3.64e-06 3.63e-06
-7.7191 2.11e-06 2.11e-06
-7.7091 1.22e-06 1.21e-06
-7.6991 6.92e-07 6.91e-07
-7.6891 3.9e-07 3.89e-07
-7.6791 2.17e-07 2.17e-07
-7.6691 1.2e-07 1.19e-07
-7.6591 6.52e-08 6.5e-08
-7.6491 3.51e-08 3.51e-08
-7.6391 1.87e-08 1.87e-08
-7.6291 9.89e-09 9.87e-09
-7.6191 5.16e-09 5.15e-09
-7.6091 2.66e-09 2.66e-09
-7.5991 1.36e-09 1.36e-09
-7.5891 6.88e-10 6.86e-10
-7.5791 3.44e-10 3.43e-10
-7.5691 1.7e-10 1.7e-10
-7.5591 8.32e-11 8.3e-11
-7.5491 4.03e-11 4.02e-11
-7.5391 1.93e-11 1.92e-11
-7.5291 0.0 0.0
-7.5191 0.0 0.0
-7.5091 0.0 0.0
-7.4991 0.0 0.0
-7.4891 0.0 0.0
-7.4791 0.0 0.0
-7.4691 0.0 0.0
-7.4591 0.0 0.0
-7.4491 0.0 0.0
-7.4391 0.0 0.0
-7.4291 0.0 0.0
-7.4191 0.0 0.0
-7.4091 0.0 0.0
-7.3991 0.0 0.0
-7.3891 0.0 0.0
-7.3791 0.0 0.0
-7.3691 0.0 0.0
-7.3591 0.0 0.0
-7.3491 0.0 0.0
-7.3391 0.0 0.0
-7.3291 0.0 0.0
-7.3191 0.0 0.0
-7.3091 0.0 0.0
-7.2991 0.0 0.0
-7.2891 0.0 0.0
-7.2791 0.0 0.0
-7.2691 0.0 0.0
-7.2591 0.0 0.0
-7.2491 0.0 0.0
-7.2391 0.0 0.0
-7.2291 0.0 0.0
-7.2191 0.0 0.0
-7.2091 0.0 0.0
-7.1991 0.0 0.0
-7.1891 0.0 0.0
-7.1791 0.0 0.0
-7.1691 0.0 0.0
-7.1591 0.0 0.0
-7.1491 0.0 0.0
-7.1391 0.0 0.0
-7.1291 0.0 0.0
-7.1191 0.0 0.0
-7.1091 0.0 0.0
-7.0991 0.0 0.0
-7.0891 1.49e-11 1.49e-11
-7.0791 3.14e-11 3.14e-11
-7.0691 6.54e-11 6.53e-11
-7.0591 1.35e-10 1.34e-10
-7.0491 2.74e-10 2.74e-10
-7.0391 5.53e-10 5.52e-10
-7.0291 1.1e-09 1.1e-09
-7.0191 2.17e-09 2.17e-09
-7.0091 4.24e-09 4.24e-09
-6.9991 8.19e-09 8.18e-09
-6.9891 1.56e-08 1.56e-08
-6.9791 2.96e-08 2.95e-08
-6.9691 5.52e-08 5.52e-08
-6.9591 1.02e-07 1.02e-07
-6.9491 1.87e-07 1.86e-07
-6.9391 3.38e-07 3.37e-07
-6.9291 6.05e-07 6.04e-07
-6.9191 1.07e-06 1.07e-06
-6.9091 1.87e-06 1.87e-06
-6.8991 3.25e-06 3.24e-06
-6.8891 5.57e-06 5.56e-06
-6.8791 9.44e-06 9.43e-06
-6.8691 1.58e-05 1.58e-05
-6.8591 2.63e-05 2.62e-05
-6.8491 4.31e-05 4.31e-05
-6.8391 7e-05 7e-05
-6.8291 0.000113 0.000112
-6.8191 0.000179 0.000179
-6.8091 0.000281 0.000281
-6.7991 0.000437 0.000437
-6.7891 0.000673 0.000672
-6.7791 0.00102 0.00102
-6.7691 0.00154 0.00154
-6.7591 0.0023 0.00229
-6.7491 0.00338 0.00338
-6.7391 0.00493 0.00493
-6.7291 0.00711 0.0071
-6.7191 0.0101 0.0101
-6.7091 0.0143 0.0143
-6.6991 0.02 0.02
-6.6891 0.0276 0.0276
-6.6791 0.0377 0.0377
-6.6691 0.0509 0.0509
-6.6591 0.0681 0.068
-6.6491 0.09 0.09
-6.6391 0.118 0.118
-6.6291 0.152 0.152
-6.6191 0.195 0.195
-6.6091 0.247 0.247
-6.5991 0.31 0.31
-6.5891 0.384 0.384
-6.5791 0.471 0.471
-6.5691 0.571 0.571
-6.5591 0.685 0.685
-6.5491 0.814 0.813
-6.5391 0.956 0.955
-6.5291 1.11 1.11
-6.5191 1.28 1.28
-6.5091 1.45 1.45
-6.4991 1.63 1.63
-6.4891 1.81 1.81
-6.4791 2.0 2.0
-6.4691 2.17 2.17
-6.4591 2.34 2.34
-6.4491 2.5 2.5
-6.4391 2.63 2.63
-6.4291 2.74 2.74
-6.4191 2.83 2.83
-6.4091 2.89 2.89
-6.3991 2.92 2.92
-6.3891 2.91 2.91
-6.3791 2.88 2.88
-6.3691 2.81 2.81
-6.3591 2.72 2.72
-6.3491 2.6 2.6
-6.3391 2.46 2.46
-6.3291 2.3 2.3
-6.3191 2.13 2.13
-6.3091 1.95 1.95
-6.2991 1.77 1.77
-6.2891 1.59 1.59
-6.2791 1.41 1.41
-6.2691 1.23 1.23
-6.2591 1.07 1.07
-6.2491 0.919 0.919
-6.2391 0.78 0.78
-6.2291 0.655 0.656
-6.2191 0.545 0.545
-6.2091 0.448 0.448
-6.1991 0.364 0.364
-6.1891 0.293 0.293
-6.1791 0.233 0.233
-6.1691 0.184 0.184
-6.1591 0.143 0.143
-6.1491 0.11 0.11
-6.1391 0.084 0.0841
-6.1291 0.0634 0.0634
-6.1191 0.0473 0.0473
-6.1091 0.0349 0.0349
-6.0991 0.0255 0.0255
-6.0891 0.0184 0.0184
-6.0791 0.0131 0.0131
-6.0691 0.00928 0.00929
-6.0591 0.00649 0.0065
-6.0491 0.00449 0.00449
-6.0391 0.00307 0.00307
-6.0291 0.00208 0.00208
-6.0191 0.00139 0.00139
-6.0091 0.000922 0.000923
-5.9991 0.000604 0.000605
-5.9891 0.000392 0.000392
-5.9791 0.000251 0.000251
-5.9691 0.000159 0.000159
-5.9591 0.0001 0.0001
-5.9491 6.21e-05 6.21e-05
-5.9391 3.81e-05 3.82e-05
-5.9291 2.32e-05 2.32e-05
-5.9191 1.39e-05 1.39e-05
-5.9091 8.27e-06 8.28e-06
-5.8991 4.87e-06 4.87e-06
-5.8891 2.83e-06 2.83e-06
-5.8791 1.63e-06 1.63e-06
-5.8691 9.28e-07 9.29e-07
-5.8591 5.23e-07 5.23e-07
-5.8491 2.91e-07 2.92e-07
-5.8391 1.61e-07 1.61e-07
-5.8291 8.76e-08 8.77e-08
-5.8191 4.72e-08 4.73e-08
-5.8091 2.52e-08 2.52e-08
-5.7991 1.33e-08 1.33e-08
-5.7891 6.95e-09 6.96e-09
-5.7791 3.59e-09 3.6e-09
-5.7691 1.84e-09 1.84e-09
-5.7591 9.28e-10 9.29e-10
-5.7491 4.64e-10 4.65e-10
-5.7391 2.3e-10 2.3e-10
-5.7291 1.12e-10 1.13e-10
-5.7191 5.44e-11 5.45e-11
-5.7091 2.61e-11 2.61e-11
-5.6991 0.0 0.0
-5.6891 0.0 0.0
-5.6791 0.0 0.0
-5.6691 0.0 0.0
-5.6591 0.0 0.0
-5.6491 0.0 0.0
-5.6391 0.0 0.0
-5.6291 0.0 0.0
-5.6191 0.0 0.0
-5.6091 0.0 0.0
-5.5991 0.0 0.0
-5.5891 0.0 0.0
-5.5791 0.0 0.0
-5.5691 0.0 0.0
-5.5591 0.0 0.0
-5.5491 0.0 0.0
-5.5391 0.0 0.0
-5.5291 0.0 0.0
-5.5191 0.0 0.0
-5.5091 0.0 0.0
-5.4991 0.0 0.0
-5.4891 0.0 0.0
-5.4791 0.0 0.0
-5.4691 0.0 0.0
-5.4591 0.0 0.0
-5.4491 0.0 0.0
-5.4391 0.0 0.0
-5.4291 0.0 0.0
-5.4191 0.0 0.0
-5.4091 0.0 0.0
-5.3991 0.0 0.0
-5.3891 0.0 0.0
-5.3791 0.0 0.0
-5.3691 0.0 0.0
-5.3591 0.0 0.0
-5.3491 0.0 0.0
-5.3391 0.0 0.0
-5.3291 0.0 0.0
-5.3191 0.0 0.0
-5.3091 0.0 0.0
-5.2991 0.0 0.0
-5.2891 0.0 0.0
-5.2791 0.0 0.0
-5.2691 0.0 0.0
-5.2591 0.0 0.0
-5.2491 0.0 0.0
-5.2391 0.0 0.0
-5.2291 0.0 0.0
-5.2191 0.0 0.0
-5.2091 0.0 0.0
-5.1991 0.0 0.0
-5.1891 0.0 0.0
-5.1791 0.0 0.0
-5.1691 0.0 0.0
-5.1591 0.0 0.0
-5.1491 0.0 0.0
-5.1391 0.0 0.0
-5.1291 0.0 0.0
-5.1191 0.0 0.0
-5.1091 0.0 0.0
-5.0991 0.0 0.0
-5.0891 0.0 0.0
-5.0791 0.0 0.0
-5.0691 0.0 0.0
-5.0591 0.0 0.0
-5.0491 0.0 0.0
-5.0391 0.0 0.0
-5.0291 0.0 0.0
-5.0191 0.0 0.0
-5.0091 0.0 0.0
-4.9991 0.0 0.0
-4.9891 0.0 0.0
-4.9791 0.0 0.0
-4.9691 0.0 0.0
-4.9591 0.0 0.0
-4.9491 0.0 0.0
-4.9391 0.0 0.0
-4.9291 0.0 0.0
-4.9191 0.0 0.0
-4.9091 0.0 0.0
-4.8991 0.0 0.0
-4.8891 0.0 0.0
-4.8791 0.0 0.0
-4.8691 0.0 0.0
-4.8591 0.0 0.0
-4.8491 0.0 0.0
-4.8391 0.0 0.0
-4.8291 0.0 0.0
-4.8191 0.0 0.0
-4.8091 0.0 0.0
-4.7991 0.0 0.0
-4.7891 0.0 0.0
-4.7791 0.0 0.0
-4.7691 0.0 0.0
-4.7591 0.0 0.0
-4.7491 0.0 0.0
-4.7391 0.0 0.0
-4.7291 0.0 0.0
-4.7191 0.0 0.0
-4.7091 0.0 0.0
-4.6991 0.0 0.0
-4.6891 0.0 0.0
-4.6791 0.0 0.0
-4.6691 0.0 0.0
-4.6591 0.0 0.0
-4.6491 0.0 0.0
-4.6391 0.0 0.0
-4.6291 0.0 0.0
-4.6191 0.0 0.0
-4.6091 0.0 0.0
-4.5991 0.0 0.0
-4.5891 0.0 0.0
-4.5791 0.0 0.0
-4.5691 0.0 0.0
-4.5591 0.0 0.0
-4.5491 0.0 0.0
-4.5391 0.0 0.0
-4.5291 0.0 0.0
-4.5191 0.0 0.0
-4.5091 0.0 0.0
-4.4991 0.0 0.0
-4.4891 0.0 0.0
-4.4791 0.0 0.0
-4.4691 0.0 0.0
-4.4591 0.0 0.0
-4.4491 0.0 0.0
-4.4391 0.0 0.0
-4.4291 0.0 0.0
-4.4191 0.0 0.0
-4.4091 0.0 0.0
-4.3991 0.0 0.0
-4.3891 0.0 0.0
-4.3791 0.0 0.0
-4.3691 0.0 0.0
-4.3591 0.0 0.0
-4.3491 0.0 0.0
-4.3391 0.0 0.0
-4.3291 0.0 0.0
-4.3191 0.0 0.0
-4.3091 0.0 0.0
-4.2991 0.0 0.0
-4.2891 0.0 0.0
-4.2791 0.0 0.0
-4.2691 0.0 0.0
-4.2591 0.0 0.0
-4.2491 0.0 0.0
-4.2391 2.79e-11 2.8e-11
-4.2291 5.84e-11 5.86e-11
-4.2191 1.21e-10 1.22e-10
-4.2091 2.49e-10 2.49e-10
-4.1991 5.04e-10 5.06e-10
-4.1891 1.01e-09 1.02e-09
-4.1791 2.01e-09 2.02e-09
-4.1691 3.95e-09 3.96e-09
-4.1591 7.68e-09 7.7e-09
-4.1491 1.48e-08 1.48e-08
-4.1391 2.81e-08 2.82e-08
-4.1291 5.28e-08 5.3e-08
-4.1191 9.83e-08 9.86e-08
-4.1091 1.81e-07 1.81e-07
-4.0991 3.3e-07 3.31e-07
-4.0891 5.94e-07 5.96e-07
-4.0791 1.06e-06 1.06e-06
-4.0691 1.87e-06 1.87e-06
-4.0591 3.26e-06 3.27e-06
-4.0491 5.62e-06 5.63e-06
-4.0391 9.6e-06 9.62e-06
-4.0291 1.62e-05 1.62e-05
-4.0191 2.71e-05 2.71e-05
-4.0091 4.47e-05 4.48e-05
-3.9991 7.32e-05 7.33e-05
-3.9891 0.000118 0.000119
-3.9791 0.000189 0.00019
-3.9691 0.0003 0.0003
-3.9591 0.000469 0.00047
-3.9491 0.000727 0.000728
-3.9391 0.00111 0.00112
-3.9291 0.00169 0.00169
-3.9191 0.00253 0.00254
-3.9091 0.00375 0.00376
-3.8991 0.00551 0.00552
-3.8891 0.008 0.00801
-3.8791 0.0115 0.0115
-3.8691 0.0163 0.0163
-3.8591 0.0229 0.023
-3.8491 0.0319 0.0319
-3.8391 0.0439 0.0439
-3.8291 0.0597 0.0598
-3.8191 0.0803 0.0804
-3.8091 0.107 0.107
-3.7991 0.141 0.141
-3.7891 0.184 0.184
-3.7791 0.237 0.237
-3.7691 0.302 0.302
-3.7591 0.381 0.381
-3.7491 0.475 0.475
-3.7391 0.586 0.587
-3.7291 0.716 0.717
-3.7191 0.865 0.866
-3.7091 1.03 1.03
-3.6991 1.22 1.22
-3.6891 1.43 1.43
-3.6791 1.65 1.66
-3.6691 1.89 1.89
-3.6591 2.14 2.15
-3.6491 2.4 2.4
-3.6391 2.66 2.66
-3.6291 2.92 2.92
-3.6191 3.16 3.16
-3.6091 3.39 3.39
-3.5991 3.6 3.6
-3.5891 3.78 3.78
-3.5791 3.93 3.93
-3.5691 4.03 4.03
-3.5591 4.1 4.1
-3.5491 4.12 4.12
-3.5391 4.1 4.1
-3.5291 4.03 4.03
-3.5191 3.93 3.93
-3.5091 3.78 3.78
-3.4991 3.6 3.6
-3.4891 3.39 3.39
-3.4791 3.16 3.16
-3.4691 2.92 2.92
-3.4591 2.66 2.66
-3.4491 2.4 2.4
-3.4391 2.14 2.14
-3.4291 1.89 1.89
-3.4191 1.65 1.65
-3.4091 1.43 1.43
-3.3991 1.22 1.22
-3.3891 1.03 1.03
-3.3791 0.865 0.865
-3.3691 0.716 0.716
-3.3591 0.587 0.586
-3.3491 0.475 0.475
-3.3391 0.381 0.38
-3.3291 0.302 0.302
-3.3191 0.237 0.236
-3.3091 0.184 0.183
-3.2991 0.141 0.141
-3.2891 0.107 0.107
-3.2791 0.0803 0.0802
-3.2691 0.0597 0.0596
-3.2591 0.0439 0.0438
-3.2491 0.0319 0.0319
-3.2391 0.0229 0.0229
-3.2291 0.0163 0.0163
-3.2191 0.0115 0.0115
-3.2091 0.008 0.00799
-3.1991 0.00551 0.0055
-3.1891 0.00376 0.00375
-3.1791 0.00253 0.00253
-3.1691 0.00169 0.00169
-3.1591 0.00111 0.00111
-3.1491 0.000727 0.000726
-3.1391 0.000469 0.000468
-3.1291 0.0003 0.000299
-3.1191 0.000189 0.000189
-3.1091 0.000118 0.000118
-3.0991 7.32e-05 7.3e-05
-3.0891 4.48e-05 4.47e-05
-3.0791 2.71e-05 2.7e-05
-3.0691 1.62e-05 1.62e-05
-3.0591 9.6e-06 9.58e-06
-3.0491 5.63e-06 5.61e-06
-3.0391 3.26e-06 3.25e-06
-3.0291 1.87e-06 1.86e-06
-3.0191 1.06e-06 1.06e-06
-3.0091 5.95e-07 5.93e-07
-2.9991 3.3e-07 3.29e-07
-2.9891 1.81e-07 1.81e-07
-2.9791 9.84e-08 9.81e-08
-2.9691 5.29e-08 5.27e-08
-2.9591 2.81e-08 2.8e-08
-2.9491 1.48e-08 1.47e-08
-2.9391 7.68e-09 7.66e-09
-2.9291 3.95e-09 3.94e-09
-2.9191 2.01e-09 2.01e-09
-2.9091 1.01e-09 1.01e-09
-2.8991 5.05e-10 5.03e-10
-2.8891 2.49e-10 2.48e-10
-2.8791 1.21e-10 1.21e-10
-2.8691 5.85e-11 5.83e-11
-2.8591 2.79e-11 2.78e-11
-2.8491 0.0 0.0
-2.8391 0.0 0.0
-2.8291 0.0 0.0
-2.8191 0.0 0.0
-2.8091 0.0 0.0
-2.7991 0.0 0.0
-2.7891 0.0 0.0
-2.7791 0.0 0.0
-2.7691 0.0 0.0
-2.7591 0.0 0.0
-2.7491 0.0 0.0
-2.7391 0.0 0.0
-2.7291 0.0 0.0
-2.7191 0.0 0.0
-2.7091 0.0 0.0
-2.6991 0.0 0.0
-2.6891 0.0 0.0
-2.6791 0.0 0.0
-2.6691 0.0 0.0
-2.6591 0.0 0.0
-2.6491 0.0 0.0
-2.6391 0.0 0.0
-2.6291 0.0 0.0
-2.6191 0.0 0.0
-2.6091 0.0 0.0
-2.5991 0.0 0.0
-2.5891 0.0 0.0
-2.5791 0.0 0.0
-2.5691 0.0 0.0
-2.5591 0.0 0.0
-2.5491 0.0 0.0
-2.5391 0.0 0.0
-2.5291 0.0 0.0
-2.5191 0.0 0.0
-2.5091 0.0 0.0
-2.4991 0.0 0.0
-2.4891 0.0 0.0
-2.4791 0.0 0.0
-2.4691 0.0 0.0
-2.4591 0.0 0.0
-2.4491 0.0 0.0
-2.4391 0.0 0.0
-2.4291 0.0 0.0
-2.4191 0.0 0.0
-2.4091 0.0 0.0
-2.3991 0.0 0.0
-2.3891 0.0 0.0
-2.3791 0.0 0.0
-2.3691 0.0 0.0
-2.3591 0.0 0.0
-2.3491 0.0 0.0
-2.3391 0.0 0.0
-2.3291 0.0 0.0
-2.3191 0.0 0.0
-2.3091 0.0 0.0
-2.2991 0.0 0.0
-2.2891 0.0 0.0
-2.2791 0.0 0.0
-2.2691 0.0 0.0
-2.2591 0.0 0.0
-2.2491 0.0 0.0
-2.2391 0.0 0.0
-2.2291 0.0 0.0
-2.2191 0.0 0.0
-2.2091 0.0 0.0
-2.1991 0.0 0.0
-2.1891 0.0 0.0
-2.1791 0.0 0.0
-2.1691 0.0 0.0
-2.1591 0.0 0.0
-2.1491 0.0 0.0
-2.1391 0.0 0.0
-2.1291 0.0 0.0
-2.1191 0.0 0.0
-2.1091 0.0 0.0
-2.0991 0.0 0.0
-2.0891 0.0 0.0
-2.0791 0.0 0.0
-2.0691 0.0 0.0
-2.0591 0.0 0.0
-2.0491 0.0 0.0
-2.0391 0.0 0.0
-2.0291 0.0 0.0
-2.0191 0.0 0.0
-2.0091 0.0 0.0
-1.9991 0.0 0.0
-1.9891 0.0 0.0
-1.9791 0.0 0.0
-1.9691 0.0 0.0
-1.9591 0.0 0.0
-1.9491 0.0 0.0
-1.9391 0.0 0.0
-1.9291 0.0 0.0
-1.9191 0.0 0.0
-1.9091 0.0 0.0
-1.8991 0.0 0.0
-1.8891 0.0 0.0
-1.8791 0.0 0.0
-1.8691 0.0 0.0
-1.8591 0.0 0.0
-1.8491 0.0 0.0
-1.8391 0.0 0.0
-1.8291 0.0 0.0
-1.8191 0.0 0.0
-1.8091 0.0 0.0
-1.7991 0.0 0.0
-1.7891 0.0 0.0
-1.7791 0.0 0.0
-1.7691 0.0 0.0
-1.7591 0.0 0.0
-1.7491 0.0 0.0
-1.7391 0.0 0.0
-1.7291 0.0 0.0
-1.7191 0.0 0.0
-1.7091 0.0 0.0
-1.6991 0.0 0.0
-1.6891 0.0 0.0
-1.6791 0.0 0.0
-1.6691 0.0 0.0
-1.6591 0.0 0.0
-1.6491 0.0 0.0
-1.6391 0.0 0.0
-1.6291 0.0 0.0
-1.6191 0.0 0.0
-1.6091 0.0 0.0
-1.5991 0.0 0.0
-1.5891 0.0 0.0
-1.5791 0.0 0.0
-1.5691 0.0 0.0
-1.5591 0.0 0.0
-1.5491 0.0 0.0
-1.5391 0.0 0.0
-1.5291 0.0 0.0
-1.5191 0.0 0.0
-1.5091 0.0 0.0
-1.4991 0.0 0.0
-1.4891 0.0 0.0
-1.4791 0.0 0.0
-1.4691 0.0 0.0
-1.4591 0.0 0.0
-1.4491 0.0 0.0
-1.4391 0.0 0.0
-1.4291 0.0 0.0
-1.4191 0.0 0.0
-1.4091 0.0 0.0
-1.3991 0.0 0.0
-1.3891 0.0 0.0
-1.3791 0.0 0.0
-1.3691 0.0 0.0
-1.3591 0.0 0.0
-1.3491 0.0 0.0
-1.3391 0.0 0.0
-1.3291 0.0 0.0
-1.3191 0.0 0.0
-1.3091 0.0 0.0
-1.2991 0.0 0.0
-1.2891 0.0 0.0
-1.2791 0.0 0.0
-1.2691 0.0 0.0
-1.2591 0.0 0.0
-1.2491 0.0 0.0
-1.2391 0.0 0.0
-1.2291 0.0 0.0
-1.2191 0.0 0.0
-1.2091 0.0 0.0
-1.1991 0.0 0.0
-1.1891 0.0 0.0
-1.1791 0.0 0.0
-1.1691 0.0 0.0
-1.1591 0.0 0.0
-1.1491 0.0 0.0
-1.1391 0.0 0.0
-1.1291 0.0 0.0
-1.1191 0.0 0.0
-1.1091 0.0 0.0
-1.0991 0.0 0.0
-1.0891 0.0 0.0
-1.0791 0.0 0.0
-1.0691 0.0 0.0
-1.0591 0.0 0.0
-1.0491 0.0 0.0
-1.0391 0.0 0.0
-1.0291 0.0 0.0
-1.0191 0.0 0.0
-1.0091 0.0 0.0
-0.9991 0.0 0.0
-0.9891 0.0 0.0
-0.9791 0.0 0.0
-0.9691 0.0 0.0
-0.9591 0.0 0.0
-0.9491 0.0 0.0
-0.9391 0.0 0.0
-0.9291 0.0 0.0
-0.9191 0.0 0.0
-0.9091 0.0 0.0
-0.8991 0.0 0.0
-0.8891 0.0 0.0
-0.8791 0.0 0.0
-0.8691 0.0 0.0
-0.8591 0.0 0.0
-0.8491 0.0 0.0
-0.8391 0.0 0.0
-0.8291 0.0 0.0
-0.8191 0.0 0.0
-0.8091 0.0 0.0
-0.7991 0.0 0.0
-0.7891 0.0 0.0
-0.7791 0.0 0.0
-0.7691 0.0 0.0
-0.7591 0.0 0.0
-0.7491 0.0 0.0
-0.7391 0.0 0.0
-0.7291 0.0 0.0
-0.7191 0.0 0.0
-0.7091 0.0 0.0
-0.6991 0.0 0.0
-0.6891 0.0 0.0
-0.6791 0.0 0.0
-0.6691 0.0 0.0
-0.6591 0.0 0.0
-0.6491 0.0 0.0
-0.6391 0.0 0.0
-0.6291 0.0 0.0
-0.6191 0.0 0.0
-0.6091 0.0 0.0
-0.5991 0.0 0.0
-0.5891 0.0 0.0
-0.5791 0.0 0.0
-0.5691 0.0 0.0
-0.5591 0.0 0.0
-0.5491 0.0 0.0
-0.5391 0.0 0.0
-0.5291 0.0 0.0
-0.5191 0.0 0.0
-0.5091 0.0 0.0
-0.4991 0.0 0.0
-0.4891 0.0 0.0
-0.4791 0.0 0.0
-0.4691 0.0 0.0
-0.4591 0.0 0.0
-0.4491 0.0 0.0
-0.4391 0.0 0.0
-0.4291 0.0 0.0
-0.4191 0.0 0.0
-0.4091 0.0 0.0
-0.3991 0.0 0.0
-0.3891 0.0 0.0
-0.3791 0.0 0.0
-0.3691 0.0 0.0
-0.3591 0.0 0.0
-0.3491 0.0 0.0
-0.3391 0.0 0.0
-0.3291 0.0 0.0
-0.3191 0.0 0.0
-0.3091 0.0 0.0
-0.2991 0.0 0.0
-0.2891 0.0 0.0
-0.2791 0.0 0.0
-0.2691 0.0 0.0
-0.2591 0.0 0.0
-0.2491 0.0 0.0
-0.2391 0.0 0.0
-0.2291 0.0 0.0
-0.2191 0.0 0.0
-0.2091 0.0 0.0
-0.1991 0.0 0.0
-0.1891 0.0 0.0
-0.1791 0.0 0.0
-0.1691 0.0 0.0
-0.1591 0.0 0.0
-0.1491 0.0 0.0
-0.1391 0.0 0.0
-0.1291 0.0 0.0
-0.1191 0.0 0.0
-0.1091 0.0 0.0
-0.0991 0.0 0.0
-0.0891 0.0 0.0
-0.0791 0.0 0.0
-0.0691 0.0 0.0
-0.0591 0.0 0.0
-0.0491 0.0 0.0
-0.0391 0.0 0.0
-0.0291 0.0 0.0
-0.0191 0.0 0.0
-0.0091 0.0 0.0
0.0009 0.0 0.0
0.0109 0.0 0.0
0.0209 0.0 0.0
0.0309 0.0 0.0
0.0409 0.0 0.0
0.0509 0.0 0.0
0.0609 0.0 0.0
0.0709 0.0 0.0
0.0809 0.0 0.0
0.0909 0.0 0.0
0.1009 0.0 0.0
0.1109 0.0 0.0
0.1209 0.0 0.0
0.1309 0.0 0.0
0.1409 0.0 0.0
0.1509 0.0 0.0
0.1609 0.0 0.0
0.1709 0.0 0.0
0.1809 0.0 0.0
0.1909 0.0 0.0
0.2009 0.0 0.0
0.2109 0.0 0.0
0.2209 2.16e-12 2.15e-12
0.2309 4.54e-12 4.52e-12
0.2409 9.43e-12 9.39e-12
0.2509 1.94e-11 1.93e-11
0.2609 3.94e-11 3.93e-11
0.2709 7.93e-11 7.9e-11
0.2809 1.58e-10 1.57e-10
0.2909 3.11e-10 3.1e-10
0.3009 6.05e-10 6.03e-10
0.3109 1.17e-09 1.16e-09
0.3209 2.22e-09 2.22e-09
0.3309 4.19e-09 4.18e-09
0.3409 7.82e-09 7.8e-09
0.3509 1.44e-08 1.44e-08
0.3609 2.63e-08 2.63e-08
0.3709 4.76e-08 4.74e-08
0.3809 8.5e-08 8.47e-08
0.3909 1.5e-07 1.5e-07
0.4009 2.63e-07 2.62e-07
0.4109 4.54e-07 4.53e-07
0.4209 7.77e-07 7.75e-07
0.4309 1.32e-06 1.31e-06
0.4409 2.2e-06 2.2e-06
0.4509 3.65e-06 3.64e-06
0.4609 5.98e-06 5.96e-06
0.4709 9.69e-06 9.66e-06
0.4809 1.55e-05 1.55e-05
0.4909 2.46e-05 2.46e-05
0.5009 3.87e-05 3.86e-05
0.5109 6e-05 5.99e-05
0.5209 9.22e-05 9.2e-05
0.5309 0.00014 0.00014
0.5409 0.00021 0.00021
0.5509 0.000313 0.000312
0.5609 0.00046 0.000459
0.5709 0.00067 0.000668
0.5809 0.000964 0.000962
0.5909 0.00137 0.00137
0.6009 0.00193 0.00193
0.6109 0.00269 0.00269
0.6209 0.00371 0.00371
0.6309 0.00506 0.00505
0.6409 0.00683 0.00682
0.6509 0.00911 0.0091
0.6609 0.012 0.012
0.6709 0.0157 0.0157
0.6809 0.0203 0.0203
0.6909 0.0259 0.0259
0.7009 0.0328 0.0328
0.7109 0.041 0.041
0.7209 0.0507 0.0507
0.7309 0.0621 0.062
0.7409 0.0752 0.0751
0.7509 0.0901 0.09
0.7609 0.107 0.107
0.7709 0.125 0.125
0.7809 0.145 0.145
0.7909 0.166 0.166
0.8009 0.189 0.189
0.8109 0.212 0.212
0.8209 0.235 0.235
0.8309 0.259 0.259
0.8409 0.281 0.281
0.8509 0.302 0.302
0.8609 0.322 0.321
0.8709 0.338 0.338
0.8809 0.352 0.352
0.8909 0.363 0.362
0.9009 0.369 0.369
0.9109 0.372 0.372
0.9209 0.371 0.371
0.9309 0.366 0.366
0.9409 0.357 0.357
0.9509 0.344 0.344
0.9609 0.329 0.329
0.9709 0.31 0.311
0.9809 0.29 0.29
0.9909 0.268 0.268
1.0009 0.245 0.245
1.0109 0.222 0.222
1.0209 0.198 0.198
1.0309 0.176 0.176
1.0409 0.154 0.154
1.0509 0.133 0.133
1.0609 0.114 0.114
1.0709 0.0967 0.0968
1.0809 0.0811 0.0812
1.0909 0.0673 0.0673
1.1009 0.0552 0.0553
1.1109 0.0448 0.0449
1.1209 0.036 0.036
1.1309 0.0286 0.0286
1.1409 0.0225 0.0225
1.1509 0.0175 0.0175
1.1609 0.0134 0.0135
1.1709 0.0102 0.0102
1.1809 0.0077 0.00771
1.1909 0.00573 0.00574
1.2009 0.00422 0.00423
1.2109 0.00308 0.00308
1.2209 0.00222 0.00222
1.2309 0.00158 0.00158
1.2409 0.00112 0.00112
1.2509 0.000779 0.00078
1.2609 0.000538 0.000539
1.2709 0.000367 0.000368
1.2809 0.000248 0.000249
1.2909 0.000166 0.000166
1.3009 0.00011 0.00011
1.3109 7.17e-05 7.19e-05
1.3209 4.64e-05 4.65e-05
1.3309 2.97e-05 2.98e-05
1.3409 1.88e-05 1.88e-05
1.3509 1.18e-05 1.18e-05
1.3609 7.3e-06 7.32e-06
1.3709 4.48e-06 4.49e-06
1.3809 2.71e-06 2.72e-06
1.3909 1.63e-06 1.63e-06
1.4009 9.66e-07 9.69e-07
1.4109 5.67e-07 5.69e-07
1.4209 3.29e-07 3.3e-07
1.4309 1.89e-07 1.9e-07
1.4409 1.08e-07 1.08e-07
1.4509 6.05e-08 6.07e-08
1.4609 3.36e-08 3.37e-08
1.4709 1.85e-08 1.86e-08
1.4809 1.01e-08 1.01e-08
1.4909 5.43e-09 5.44e-09
1.5009 2.89e-09 2.9e-09
1.5109 1.52e-09 1.53e-09
1.5209 7.94e-10 7.97e-10
1.5309 4.09e-10 4.11e-10
1.5409 2.09e-10 2.1e-10
1.5509 1.05e-10 1.06e-10
1.5609 5.26e-11 5.28e-11
1.5709 4.02e-11 4.04e-11
1.5809 4.24e-11 4.27e-11
1.5909 6.75e-11 6.8e-11
1.6009 1.28e-10 1.29e-10
1.6109 2.54e-10 2.56e-10
1.6209 5.08e-10 5.12e-10
1.6309 1.01e-09 1.01e-09
1.6409 1.97e-09 1.99e-09
1.6509 3.82e-09 3.85e-09
1.6609 7.32e-09 7.37e-09
1.6709 1.39e-08 1.4e-08
1.6809 2.6e-08 2.62e-08
1.6909 4.83e-08 4.86e-08
1.7009 8.87e-08 8.93e-08
1.7109 1.61e-07 1.62e-07
1.7209 2.89e-07 2.91e-07
1.7309 5.14e-07 5.17e-07
1.7409 9.04e-07 9.1e-07
1.7509 1.57e-06 1.58e-06
1.7609 2.7e-06 2.72e-06
1.7709 4.6e-06 4.63e-06
1.7809 7.75e-06 7.8e-06
1.7909 1.29e-05 1.3e-05
1.8009 2.13e-05 2.14e-05
1.8109 3.47e-05 3.49e-05
1.8209 5.59e-05 5.62e-05
1.8309 8.92e-05 8.97e-05
1.8409 0.000141 0.000141
1.8509 0.00022 0.000221
1.8609 0.000339 0.000341
1.8709 0.000518 0.000521
1.8809 0.000783 0.000787
1.8909 0.00117 0.00118
1.9009 0.00173 0.00174
1.9109 0.00253 0.00255
1.9209 0.00367 0.00368
1.9309 0.00525 0.00527
1.9409 0.00744 0.00747
1.9509 0.0104 0.0105
1.9609 0.0145 0.0145
1.9709 0.0198 0.0199
1.9809 0.0269 0.027
1.9909 0.0361 0.0362
2.0009 0.0479 0.0481
2.0109 0.0629 0.0631
2.0209 0.0817 0.082
2.0309 0.105 0.105
2.0409 0.134 0.134
2.0509 0.168 0.168
2.0609 0.209 0.209
2.0709 0.257 0.258
2.0809 0.313 0.314
2.0909 0.377 0.378
2.1009 0.45 0.45
2.1109 0.53 0.531
2.1209 0.618 0.619
2.1309 0.713 0.714
2.1409 0.813 0.815
2.1509 0.918 0.92
2.1609 1.03 1.03
2.1709 1.13 1.13
2.1809 1.24 1.24
2.1909 1.34 1.34
2.2009 1.43 1.43
2.2109 1.52 1.52
2.2209 1.59 1.59
2.2309 1.64 1.64
2.2409 1.68 1.68
2.2509 1.7 1.7
2.2609 1.71 1.71
2.2709 1.69 1.69
2.2809 1.66 1.66
2.2909 1.61 1.61
2.3009 1.55 1.55
2.3109 1.47 1.47
2.3209 1.38 1.38
2.3309 1.28 1.28
2.3409 1.18 1.18
2.3509 1.07 1.07
2.3609 0.966 0.965
2.3709 0.86 0.859
2.3809 0.757 0.756
2.3909 0.66 0.659
2.4009 0.569 0.568
2.4109 0.485 0.484
2.4209 0.409 0.408
2.4309 0.341 0.34
2.4409 0.281 0.281
2.4509 0.23 0.229
2.4609 0.186 0.185
2.4709 0.148 0.148
2.4809 0.117 0.117
2.4909 0.0916 0.0913
2.5009 0.0708 0.0706
2.5109 0.0542 0.054
2.5209 0.041 0.0409
2.5309 0.0307 0.0306
2.5409 0.0228 0.0227
2.5509 0.0167 0.0166
2.5609 0.0121 0.012
2.5709 0.00867 0.00864
2.5809 0.00615 0.00613
2.5909 0.00432 0.0043
2.6009 0.003 0.00298
2.6109 0.00206 0.00205
2.6209 0.0014 0.00139
2.6309 0.00094 0.000936
2.6409 0.000625 0.000622
2.6509 0.000411 0.000409
2.6609 0.000267 0.000266
2.6709 0.000172 0.000171
2.6809 0.00011 0.000109
2.6909 6.91e-05 6.87e-05
2.7009 4.3e-05 4.28e-05
2.7109 2.65e-05 2.64e-05
2.7209 1.62e-05 1.61e-05
2.7309 9.76e-06 9.7e-06
2.7409 5.82e-06 5.79e-06
2.7509 3.44e-06 3.42e-06
2.7609 2.01e-06 2e-06
2.7709 1.16e-06 1.15e-06
2.7809 6.63e-07 6.59e-07
2.7909 3.75e-07 3.73e-07
2.8009 2.1e-07 2.09e-07
2.8109 1.16e-07 1.16e-07
2.8209 6.43e-08 6.38e-08
2.8309 3.58e-08 3.56e-08
2.8409 2.11e-08 2.1e-08
2.8509 1.48e-08 1.47e-08
2.8609 1.44e-08 1.43e-08
2.8709 1.95e-08 1.95e-08
2.8809 3.18e-08 3.17e-08
2.8909 5.49e-08 5.48e-08
2.9009 9.61e-08 9.58e-08
2.9109 1.67e-07 1.67e-07
2.9209 2.89e-07 2.88e-07
2.9309 4.93e-07 4.92e-07
2.9409 8.33e-07 8.31e-07
2.9509 1.39e-06 1.39e-06
2.9609 2.3e-06 2.3e-06
2.9709 3.77e-06 3.76e-06
2.9809 6.1e-06 6.08e-06
2.9909 9.77e-06 9.74e-06
3.0009 1.55e-05 1.54e-05
3.0109 2.42e-05 2.42e-05
3.0209 3.76e-05 3.75e-05
3.0309 5.76e-05 5.74e-05
3.0409 8.74e-05 8.71e-05
3.0509 0.000131 0.000131
3.0609 0.000195 0.000194
3.0709 0.000286 0.000285
3.0809 0.000415 0.000414
3.0909 0.000597 0.000595
3.1009 0.000849 0.000846
3.1109 0.00119 0.00119
3.1209 0.00166 0.00166
3.1309 0.00229 0.00228
3.1409 0.00311 0.0031
3.1509 0.00419 0.00418
3.1609 0.00559 0.00557
3.1709 0.00736 0.00734
3.1809 0.0096 0.00957
3.1909 0.0124 0.0123
3.2009 0.0158 0.0158
3.2109 0.02 0.0199
3.2209 0.0249 0.0248
3.2309 0.0308 0.0307
3.2409 0.0376 0.0375
3.2509 0.0455 0.0453
3.2609 0.0544 0.0542
3.2709 0.0644 0.0642
3.2809 0.0753 0.0751
3.2909 0.0872 0.087
3.3009 0.0999 0.0996
3.3109 0.113 0.113
3.3209 0.127 0.127
3.3309 0.141 0.14
3.3409 0.154 0.154
3.3509 0.168 0.167
3.3609 0.18 0.179
3.3709 0.191 0.19
3.3809 0.201 0.2
3.3909 0.209 0.208
3.4009 0.214 0.214
3.4109 0.218 0.217
3.4209 0.219 0.219
3.4309 0.218 0.218
3.4409 0.215 0.214
3.4509 0.21 0.209
3.4609 0.202 0.201
3.4709 0.193 0.192
3.4809 0.182 0.181
3.4909 0.17 0.169
3.5009 0.157 0.156
3.5109 0.143 0.143
3.5209 0.13 0.13
3.5309 0.117 0.116
3.5409 0.104 0.104
3.5509 0.0918 0.0915
3.5609 0.0806 0.0804
3.5709 0.0706 0.0704
3.5809 0.0618 0.0616
3.5909 0.0544 0.0542
3.6009 0.0483 0.0482
3.6109 0.0436 0.0435
3.6209 0.0403 0.0402
3.6309 0.0382 0.0381
3.6409 0.0374 0.0374
3.6509 0.0378 0.0377
3.6609 0.0392 0.0391
3.6709 0.0415 0.0414
3.6809 0.0445 0.0445
3.6909 0.0483 0.0482
3.7009 0.0524 0.0524
3.7109 0.0569 0.0569
3.7209 0.0615 0.0615
3.7309 0.0661 0.0661
3.7409 0.0705 0.0705
3.7509 0.0746 0.0745
3.7609 0.0781 0.0781
3.7709 0.081 0.081
3.7809 0.0832 0.0831
3.7909 0.0845 0.0844
3.8009 0.0849 0.0849
3.8109 0.0845 0.0845
3.8209 0.0832 0.0831
3.8309 0.081 0.0809
3.8409 0.078 0.078
3.8509 0.0743 0.0743
3.8609 0.0701 0.0701
3.8709 0.0653 0.0653
3.8809 0.0603 0.0603
3.8909 0.055 0.055
3.9009 0.0497 0.0497
3.9109 0.0444 0.0444
3.9209 0.0392 0.0392
3.9309 0.0343 0.0343
3.9409 0.0296 0.0296
3.9509 0.0253 0.0254
3.9609 0.0215 0.0215
3.9709 0.018 0.018
3.9809 0.0149 0.0149
3.9909 0.0122 0.0122
4.0009 0.00987 0.00988
4.0109 0.00792 0.00792
4.0209 0.00628 0.00628
4.0309 0.00493 0.00493
4.0409 0.00382 0.00382
4.0509 0.00294 0.00294
4.0609 0.00223 0.00223
4.0709 0.00168 0.00168
4.0809 0.00125 0.00125
4.0909 0.000916 0.000916
4.1009 0.000666 0.000667
4.1109 0.000479 0.00048
4.1209 0.000341 0.000342
4.1309 0.00024 0.000241
4.1409 0.000167 0.000168
4.1509 0.000115 0.000115
4.1609 7.87e-05 7.87e-05
4.1709 5.31e-05 5.31e-05
4.1809 3.54e-05 3.54e-05
4.1909 2.34e-05 2.34e-05
4.2009 1.53e-05 1.53e-05
4.2109 9.85e-06 9.87e-06
4.2209 6.3e-06 6.3e-06
4.2309 3.98e-06 3.98e-06
4.2409 2.49e-06 2.49e-06
4.2509 1.54e-06 1.54e-06
4.2609 9.42e-07 9.43e-07
4.2709 5.7e-07 5.71e-07
4.2809 3.42e-07 3.42e-07
4.2909 2.02e-07 2.03e-07
4.3009 1.19e-07 1.19e-07
4.3109 6.88e-08 6.89e-08
4.3209 3.94e-08 3.95e-08
4.3309 2.24e-08 2.24e-08
4.3409 1.26e-08 1.26e-08
4.3509 6.97e-09 6.99e-09
4.3609 3.83e-09 3.84e-09
4.3709 2.08e-09 2.09e-09
4.3809 1.12e-09 1.12e-09
4.3909 5.95e-10 5.96e-10
4.4009 3.13e-10 3.14e-10
4.4109 1.63e-10 1.63e-10
4.4209 8.43e-11 8.45e-11
4.4309 4.36e-11 4.37e-11
4.4409 2.33e-11 2.33e-11
4.4509 1.43e-11 1.43e-11
4.4609 1.24e-11 1.23e-11
4.4709 1.64e-11 1.63e-11
4.4809 2.8e-11 2.78e-11
4.4909 5.16e-11 5.12e-11
4.5009 9.64e-11 9.57e-11
4.5109 1.8e-10 1.79e-10
4.5209 3.33e-10 3.31e-10
4.5309 6.1e-10 6.07e-10
4.5409 1.1e-09 1.1e-09
4.5509 1.98e-09 1.97e-09
4.5609 3.5e-09 3.49e-09
4.5709 6.14e-09 6.12e-09
4.5809 1.06e-08 1.06e-08
4.5909 1.83e-08 1.82e-08
4.6009 3.1e-08 3.1e-08
4.6109 5.21e-08 5.21e-08
4.6209 8.66e-08 8.66e-08
4.6309 1.42e-07 1.42e-07
4.6409 2.32e-07 2.32e-07
4.6509 3.73e-07 3.73e-07
4.6609 5.93e-07 5.95e-07
4.6709 9.35e-07 9.37e-07
4.6809 1.46e-06 1.46e-06
4.6909 2.24e-06 2.25e-06
4.7009 3.42e-06 3.44e-06
4.7109 5.17e-06 5.19e-06
4.7209 7.71e-06 7.75e-06
4.7309 1.14e-05 1.15e-05
4.7409 1.66e-05 1.67e-05
4.7509 2.4e-05 2.42e-05
4.7609 3.44e-05 3.46e-05
4.7709 4.86e-05 4.9e-05
4.7809 6.81e-05 6.87e-05
4.7909 9.42e-05 9.51e-05
4.8009 0.000129 0.00013
4.8109 0.000175 0.000177
4.8209 0.000234 0.000237
4.8309 0.000311 0.000314
4.8409 0.000408 0.000413
4.8509 0.000529 0.000536
4.8609 0.00068 0.000688
4.8709 0.000863 0.000875
4.8809 0.00108 0.0011
4.8909 0.00135 0.00137
4.9009 0.00166 0.00168
4.9109 0.00202 0.00205
4.9209 0.00243 0.00247
4.9309 0.00289 0.00294
4.9409 0.00341 0.00346
4.9509 0.00397 0.00404
4.9609 0.00458 0.00466
4.9709 0.00522 0.00532
4.9809 0.00589 0.006
4.9909 0.00657 0.0067
5.0009 0.00725 0.0074
5.0109 0.00792 0.00809
5.0209 0.00856 0.00875
5.0309 0.00915 0.00935
5.0409 0.00968 0.0099
5.0509 0.0101 0.0104
5.0609 0.0105 0.0107
5.0709 0.0107 0.011
5.0809 0.0109 0.0111
5.0909 0.0109 0.0112
5.1009 0.0108 0.0111
5.1109 0.0106 0.0109
5.1209 0.0103 0.0105
5.1309 0.00984 0.0101
5.1409 0.00934 0.00961
5.1509 0.00878 0.00903
5.1609 0.00815 0.00839
5.1709 0.00749 0.00771
5.1809 0.00681 0.00702
5.1909 0.00613 0.00631
5.2009 0.00545 0.00562
5.2109 0.0048 0.00495
5.2209 0.00418 0.00431
5.2309 0.0036 0.00372
5.2409 0.00307 0.00317
5.2509 0.00258 0.00267
5.2609 0.00216 0.00223
5.2709 0.00178 0.00184
5.2809 0.00145 0.0015
5.2909 0.00117 0.00121
5.3009 0.000935 0.00097
5.3109 0.000739 0.000767
5.3209 0.000578 0.000599
5.3309 0.000447 0.000464
5.3409 0.000342 0.000355
5.3509 0.000258 0.000269
5.3609 0.000193 0.000201
5.3709 0.000143 0.000149
5.3809 0.000105 0.000109
5.3909 7.61e-05 7.92e-05
5.4009 5.45e-05 5.68e-05
5.4109 3.87e-05 4.03e-05
5.4209 2.71e-05 2.83e-05
5.4309 1.88e-05 1.97e-05
5.4409 1.29e-05 1.35e-05
5.4509 8.78e-06 9.17e-06
5.4609 5.9e-06 6.17e-06
5.4709 3.92e-06 4.1e-06
5.4809 2.58e-06 2.7e-06
5.4909 1.68e-06 1.76e-06
5.5009 1.08e-06 1.13e-06
