-16.2191 0.000356 0.000356
-16.2091 0.00055 0.000551
-16.1991 0.000841 0.000842
-16.1891 0.00127 0.00127
-16.1791 0.0019 0.00191
-16.1691 0.00282 0.00282
-16.1591 0.00413 0.00413
-16.1491 0.00598 0.00599
-16.1391 0.00857 0.00858
-16.1291 0.0122 0.0122
-16.1191 0.0171 0.0171
-16.1091 0.0237 0.0237
-16.0991 0.0325 0.0325
-16.0891 0.0441 0.0441
-16.0791 0.0593 0.0593
-16.0691 0.0787 0.0788
-16.0591 0.104 0.104
-16.0491 0.135 0.135
-16.0391 0.173 0.173
-16.0291 0.22 0.221
-16.0191 0.278 0.278
-16.0091 0.346 0.346
-15.9991 0.426 0.426
-15.9891 0.519 0.519
-15.9791 0.626 0.626
-15.9691 0.747 0.747
-15.9591 0.881 0.881
-15.9491 1.03 1.03
-15.9391 1.19 1.19
-15.9291 1.36 1.36
-15.9191 1.53 1.53
-15.9091 1.71 1.71
-15.8991 1.9 1.9
-15.8891 2.07 2.07
-15.8791 2.24 2.25
-15.8691 2.4 2.4
-15.8591 2.55 2.55
-15.8491 2.67 2.67
-15.8391 2.76 2.76
-15.8291 2.83 2.83
-15.8191 2.88 2.88
-15.8091 2.89 2.89
-15.7991 2.86 2.86
-15.7891 2.81 2.81
-15.7791 2.73 2.73
-15.7691 2.63 2.63
-15.7591 2.5 2.5
-15.7491 2.35 2.35
-15.7391 2.18 2.18
-15.7291 2.01 2.01
-15.7191 1.83 1.83
-15.7091 1.65 1.65
-15.6991 1.47 1.47
-15.6891 1.29 1.29
-15.6791 1.13 1.13
-15.6691 0.974 0.974
-15.6591 0.831 0.831
-15.6491 0.702 0.701
-15.6391 0.586 0.586
-15.6291 0.484 0.484
-15.6191 0.396 0.395
-15.6091 0.32 0.32
-15.5991 0.256 0.256
-15.5891 0.202 0.202
-15.5791 0.158 0.158
-15.5691 0.123 0.123
-15.5591 0.0939 0.0939
-15.5491 0.0712 0.0711
-15.5391 0.0533 0.0533
-15.5291 0.0396 0.0395
-15.5191 0.029 0.029
-15.5091 0.0211 0.021
-15.4991 0.0151 0.0151
-15.4891 0.0107 0.0107
-15.4791 0.00754 0.00753
-15.4691 0.00524 0.00524
-15.4591 0.0036 0.0036
-15.4491 0.00245 0.00245
-15.4391 0.00165 0.00165
-15.4291 0.0011 0.0011
-15.4191 0.000722 0.000722
-15.4091 0.000471 0.00047
-15.3991 0.000303 0.000303
-15.3891 0.000193 0.000193
-15.3791 0.000122 0.000122
-15.3691 7.6e-05 7.59e-05
-15.3591 4.69e-05 4.69e-05
-15.3491 2.86e-05 2.86e-05
-15.3391 1.73e-05 1.73e-05
-15.3291 1.03e-05 1.03e-05
-15.3191 6.11e-06 6.1e-06
-15.3091 3.57e-06 3.57e-06
-15.2991 2.06e-06 2.06e-06
-15.2891 1.18e-06 1.18e-06
-15.2791 6.69e-07 6.68e-07
-15.2691 3.74e-07 3.74e-07
-15.2591 2.07e-07 2.07e-07
-15.2491 1.14e-07 1.13e-07
-15.2391 6.16e-08 6.15e-08
-15.2291 3.3e-08 3.3e-08
-15.2191 1.75e-08 1.75e-08
-15.2091 9.2e-09 9.18e-09
-15.1991 4.77e-09 4.77e-09
-15.1891 2.45e-09 2.45e-09
-15.1791 1.25e-09 1.24e-09
-15.1691 6.26e-10 6.25e-10
-15.1591 3.11e-10 3.11e-10
-15.1491 1.53e-10 1.53e-10
-15.1391 7.45e-11 7.43e-11
-15.1291 3.58e-11 3.58e-11
-15.1191 1.71e-11 1.7e-11
-15.1091 0.0 0.0
-15.0991 0.0 0.0
-15.0891 0.0 0.0
-15.0791 0.0 0.0
-15.0691 0.0 0.0
-15.0591 0.0 0.0
-15.0491 0.0 0.0
-15.0391 0.0 0.0
-15.0291 0.0 0.0
-15.0191 0.0 0.0
-15.0091 0.0 0.0
-14.9991 0.0 0.0
-14.9891 0.0 0.0
-14.9791 0.0 0.0
-14.9691 0.0 0.0
-14.9591 0.0 0.0
-14.9491 0.0 0.0
-14.9391 0.0 0.0
-14.9291 0.0 0.0
-14.9191 0.0 0.0
-14.9091 0.0 0.0
-14.8991 0.0 0.0
-14.8891 0.0 0.0
-14.8791 0.0 0.0
-14.8691 0.0 0.0
-14.8591 0.0 0.0
-14.8491 0.0 0.0
-14.8391 0.0 0.0
-14.8291 0.0 0.0
-14.8191 0.0 0.0
-14.8091 0.0 0.0
-14.7991 0.0 0.0
-14.7891 0.0 0.0
-14.7791 0.0 0.0
-14.7691 0.0 0.0
-14.7591 0.0 0.0
-14.7491 0.0 0.0
-14.7391 0.0 0.0
-14.7291 0.0 0.0
-14.7191 0.0 0.0
-14.7091 0.0 0.0
-14.6991 0.0 0.0
-14.6891 0.0 0.0
-14.6791 0.0 0.0
-14.6691 0.0 0.0
-14.6591 0.0 0.0
-14.6491 0.0 0.0
-14.6391 0.0 0.0
-14.6291 0.0 0.0
-14.6191 0.0 0.0
-14.6091 0.0 0.0
-14.5991 0.0 0.0
-14.5891 0.0 0.0
-14.5791 0.0 0.0
-14.5691 0.0 0.0
-14.5591 0.0 0.0
-14.5491 0.0 0.0
-14.5391 0.0 0.0
-14.5291 0.0 0.0
-14.5191 0.0 0.0
-14.5091 0.0 0.0
-14.4991 0.0 0.0
-14.4891 0.0 0.0
-14.4791 0.0 0.0
-14.4691 0.0 0.0
-14.4591 0.0 0.0
-14.4491 0.0 0.0
-14.4391 0.0 0.0
-14.4291 0.0 0.0
-14.4191 0.0 0.0
-14.4091 0.0 0.0
-14.3991 0.0 0.0
-14.3891 0.0 0.0
-14.3791 0.0 0.0
-14.3691 0.0 0.0
-14.3591 0.0 0.0
-14.3491 0.0 0.0
-14.3391 0.0 0.0
-14.3291 0.0 0.0
-14.3191 0.0 0.0
-14.3091 0.0 0.0
-14.2991 0.0 0.0
-14.2891 0.0 0.0
-14.2791 0.0 0.0
-14.2691 0.0 0.0
-14.2591 0.0 0.0
-14.2491 0.0 0.0
-14.2391 0.0 0.0
-14.2291 0.0 0.0
-14.2191 0.0 0.0
-14.2091 0.0 0.0
-14.1991 0.0 0.0
-14.1891 0.0 0.0
-14.1791 0.0 0.0
-14.1691 0.0 0.0
-14.1591 0.0 0.0
-14.1491 0.0 0.0
-14.1391 0.0 0.0
-14.1291 0.0 0.0
-14.1191 0.0 0.0
-14.1091 0.0 0.0
-14.0991 0.0 0.0
-14.0891 0.0 0.0
-14.0791 0.0 0.0
-14.0691 0.0 0.0
-14.0591 0.0 0.0
-14.0491 0.0 0.0
-14.0391 0.0 0.0
-14.0291 0.0 0.0
-14.0191 0.0 0.0
-14.0091 0.0 0.0
-13.9991 0.0 0.0
-13.9891 0.0 0.0
-13.9791 0.0 0.0
-13.9691 0.0 0.0
-13.9591 0.0 0.0
-13.9491 0.0 0.0
-13.9391 0.0 0.0
-13.9291 0.0 0.0
-13.9191 0.0 0.0
-13.9091 0.0 0.0
-13.8991 0.0 0.0
-13.8891 0.0 0.0
-13.8791 0.0 0.0
-13.8691 0.0 0.0
-13.8591 0.0 0.0
-13.8491 0.0 0.0
-13.8391 0.0 0.0
-13.8291 0.0 0.0
-13.8191 0.0 0.0
-13.8091 0.0 0.0
-13.7991 0.0 0.0
-13.7891 0.0 0.0
-13.7791 0.0 0.0
-13.7691 0.0 0.0
-13.7591 0.0 0.0
-13.7491 0.0 0.0
-13.7391 0.0 0.0
-13.7291 0.0 0.0
-13.7191 0.0 0.0
-13.7091 0.0 0.0
-13.6991 0.0 0.0
-13.6891 0.0 0.0
-13.6791 0.0 0.0
-13.6691 0.0 0.0
-13.6591 0.0 0.0
-13.6491 0.0 0.0
-13.6391 0.0 0.0
-13.6291 0.0 0.0
-13.6191 0.0 0.0
-13.6091 0.0 0.0
-13.5991 0.0 0.0
-13.5891 0.0 0.0
-13.5791 0.0 0.0
-13.5691 0.0 0.0
-13.5591 0.0 0.0
-13.5491 0.0 0.0
-13.5391 0.0 0.0
-13.5291 0.0 0.0
-13.5191 0.0 0.0
-13.5091 0.0 0.0
-13.4991 0.0 0.0
-13.4891 0.0 0.0
-13.4791 0.0 0.0
-13.4691 0.0 0.0
-13.4591 0.0 0.0
-13.4491 0.0 0.0
-13.4391 0.0 0.0
-13.4291 0.0 0.0
-13.4191 0.0 0.0
-13.4091 0.0 0.0
-13.3991 0.0 0.0
-13.3891 0.0 0.0
-13.3791 0.0 0.0
-13.3691 0.0 0.0
-13.3591 0.0 0.0
-13.3491 0.0 0.0
-13.3391 0.0 0.0
-13.3291 0.0 0.0
-13.3191 0.0 0.0
-13.3091 0.0 0.0
-13.2991 0.0 0.0
-13.2891 0.0 0.0
-13.2791 0.0 0.0
-13.2691 0.0 0.0
-13.2591 0.0 0.0
-13.2491 0.0 0.0
-13.2391 0.0 0.0
-13.2291 0.0 0.0
-13.2191 0.0 0.0
-13.2091 0.0 0.0
-13.1991 0.0 0.0
-13.1891 0.0 0.0
-13.1791 0.0 0.0
-13.1691 0.0 0.0
-13.1591 0.0 0.0
-13.1491 0.0 0.0
-13.1391 0.0 0.0
-13.1291 0.0 0.0
-13.1191 0.0 0.0
-13.1091 0.0 0.0
-13.0991 0.0 0.0
-13.0891 0.0 0.0
-13.0791 0.0 0.0
-13.0691 0.0 0.0
-13.0591 0.0 0.0
-13.0491 0.0 0.0
-13.0391 0.0 0.0
-13.0291 0.0 0.0
-13.0191 0.0 0.0
-13.0091 0.0 0.0
-12.9991 0.0 0.0
-12.9891 0.0 0.0
-12.9791 0.0 0.0
-12.9691 0.0 0.0
-12.9591 0.0 0.0
-12.9491 0.0 0.0
-12.9391 0.0 0.0
-12.9291 0.0 0.0
-12.9191 0.0 0.0
-12.9091 0.0 0.0
-12.8991 0.0 0.0
-12.8891 0.0 0.0
-12.8791 0.0 0.0
-12.8691 0.0 0.0
-12.8591 0.0 0.0
-12.8491 0.0 0.0
-12.8391 0.0 0.0
-12.8291 0.0 0.0
-12.8191 0.0 0.0
-12.8091 0.0 0.0
-12.7991 0.0 0.0
-12.7891 0.0 0.0
-12.7791 0.0 0.0
-12.7691 0.0 0.0
-12.7591 0.0 0.0
-12.7491 0.0 0.0
-12.7391 0.0 0.0
-12.7291 0.0 0.0
-12.7191 0.0 0.0
-12.7091 0.0 0.0
-12.6991 0.0 0.0
-12.6891 0.0 0.0
-12.6791 0.0 0.0
-12.6691 0.0 0.0
-12.6591 0.0 0.0
-12.6491 0.0 0.0
-12.6391 0.0 0.0
-12.6291 0.0 0.0
-12.6191 0.0 0.0
-12.6091 0.0 0.0
-12.5991 0.0 0.0
-12.5891 0.0 0.0
-12.5791 0.0 0.0
-12.5691 0.0 0.0
-12.5591 0.0 0.0
-12.5491 0.0 0.0
-12.5391 0.0 0.0
-12.5291 0.0 0.0
-12.5191 0.0 0.0
-12.5091 0.0 0.0
-12.4991 0.0 0.0
-12.4891 0.0 0.0
-12.4791 0.0 0.0
-12.4691 0.0 0.0
-12.4591 0.0 0.0
-12.4491 0.0 0.0
-12.4391 0.0 0.0
-12.4291 0.0 0.0
-12.4191 0.0 0.0
-12.4091 0.0 0.0
-12.3991 0.0 0.0
-12.3891 0.0 0.0
-12.3791 0.0 0.0
-12.3691 0.0 0.0
-12.3591 0.0 0.0
-12.3491 0.0 0.0
-12.3391 0.0 0.0
-12.3291 0.0 0.0
-12.3191 0.0 0.0
-12.3091 0.0 0.0
-12.2991 0.0 0.0
-12.2891 0.0 0.0
-12.2791 0.0 0.0
-12.2691 0.0 0.0
-12.2591 0.0 0.0
-12.2491 0.0 0.0
-12.2391 0.0 0.0
-12.2291 0.0 0.0
-12.2191 0.0 0.0
-12.2091 0.0 0.0
-12.1991 0.0 0.0
-12.1891 0.0 0.0
-12.1791 0.0 0.0
-12.1691 0.0 0.0
-12.1591 0.0 0.0
-12.1491 0.0 0.0
-12.1391 0.0 0.0
-12.1291 0.0 0.0
-12.1191 0.0 0.0
-12.1091 0.0 0.0
-12.0991 0.0 0.0
-12.0891 0.0 0.0
-12.0791 0.0 0.0
-12.0691 0.0 0.0
-12.0591 0.0 0.0
-12.0491 0.0 0.0
-12.0391 0.0 0.0
-12.0291 0.0 0.0
-12.0191 0.0 0.0
-12.0091 0.0 0.0
-11.9991 0.0 0.0
-11.9891 0.0 0.0
-11.9791 0.0 0.0
-11.9691 0.0 0.0
-11.9591 0.0 0.0
-11.9491 0.0 0.0
-11.9391 0.0 0.0
-11.9291 0.0 0.0
-11.9191 0.0 0.0
-11.9091 0.0 0.0
-11.8991 0.0 0.0
-11.8891 0.0 0.0
-11.8791 0.0 0.0
-11.8691 0.0 0.0
-11.8591 0.0 0.0
-11.8491 0.0 0.0
-11.8391 0.0 0.0
-11.8291 0.0 0.0
-11.8191 0.0 0.0
-11.8091 0.0 0.0
-11.7991 0.0 0.0
-11.7891 0.0 0.0
-11.7791 0.0 0.0
-11.7691 0.0 0.0
-11.7591 0.0 0.0
-11.7491 0.0 0.0
-11.7391 0.0 0.0
-11.7291 0.0 0.0
-11.7191 0.0 0.0
-11.7091 0.0 0.0
-11.6991 0.0 0.0
-11.6891 0.0 0.0
-11.6791 0.0 0.0
-11.6691 0.0 0.0
-11.6591 0.0 0.0
-11.6491 0.0 0.0
-11.6391 0.0 0.0
-11.6291 0.0 0.0
-11.6191 0.0 0.0
-11.6091 0.0 0.0
-11.5991 0.0 0.0
-11.5891 0.0 0.0
-11.5791 0.0 0.0
-11.5691 0.0 0.0
-11.5591 0.0 0.0
-11.5491 0.0 0.0
-11.5391 0.0 0.0
-11.5291 0.0 0.0
-11.5191 0.0 0.0
-11.5091 0.0 0.0
-11.4991 0.0 0.0
-11.4891 0.0 0.0
-11.4791 0.0 0.0
-11.4691 0.0 0.0
-11.4591 0.0 0.0
-11.4491 0.0 0.0
-11.4391 0.0 0.0
-11.4291 0.0 0.0
-11.4191 0.0 0.0
-11.4091 0.0 0.0
-11.3991 0.0 0.0
-11.3891 0.0 0.0
-11.3791 0.0 0.0
-11.3691 0.0 0.0
-11.3591 0.0 0.0
-11.3491 0.0 0.0
-11.3391 0.0 0.0
-11.3291 0.0 0.0
-11.3191 0.0 0.0
-11.3091 0.0 0.0
-11.2991 0.0 0.0
-11.2891 0.0 0.0
-11.2791 0.0 0.0
-11.2691 0.0 0.0
-11.2591 0.0 0.0
-11.2491 0.0 0.0
-11.2391 0.0 0.0
-11.2291 0.0 0.0
-11.2191 0.0 0.0
-11.2091 0.0 0.0
-11.1991 0.0 0.0
-11.1891 0.0 0.0
-11.1791 0.0 0.0
-11.1691 0.0 0.0
-11.1591 0.0 0.0
-11.1491 0.0 0.0
-11.1391 0.0 0.0
-11.1291 0.0 0.0
-11.1191 0.0 0.0
-11.1091 0.0 0.0
-11.0991 0.0 0.0
-11.0891 0.0 0.0
-11.0791 0.0 0.0
-11.0691 0.0 0.0
-11.0591 0.0 0.0
-11.0491 0.0 0.0
-11.0391 0.0 0.0
-11.0291 0.0 0.0
-11.0191 0.0 0.0
-11.0091 0.0 0.0
-10.9991 0.0 0.0
-10.9891 0.0 0.0
-10.9791 0.0 0.0
-10.9691 0.0 0.0
-10.9591 0.0 0.0
-10.9491 0.0 0.0
-10.9391 0.0 0.0
-10.9291 0.0 0.0
-10.9191 0.0 0.0
-10.9091 0.0 0.0
-10.8991 0.0 0.0
-10.8891 0.0 0.0
-10.8791 0.0 0.0
-10.8691 0.0 0.0
-10.8591 0.0 0.0
-10.8491 0.0 0.0
-10.8391 0.0 0.0
-10.8291 0.0 0.0
-10.8191 0.0 0.0
-10.8091 0.0 0.0
-10.7991 0.0 0.0
-10.7891 0.0 0.0
-10.7791 0.0 0.0
-10.7691 0.0 0.0
-10.7591 0.0 0.0
-10.7491 0.0 0.0
-10.7391 0.0 0.0
-10.7291 0.0 0.0
-10.7191 0.0 0.0
-10.7091 0.0 0.0
-10.6991 0.0 0.0
-10.6891 0.0 0.0
-10.6791 0.0 0.0
-10.6691 0.0 0.0
-10.6591 0.0 0.0
-10.6491 0.0 0.0
-10.6391 0.0 0.0
-10.6291 0.0 0.0
-10.6191 0.0 0.0
-10.6091 0.0 0.0
-10.5991 0.0 0.0
-10.5891 0.0 0.0
-10.5791 0.0 0.0
-10.5691 0.0 0.0
-10.5591 0.0 0.0
-10.5491 0.0 0.0
-10.5391 0.0 0.0
-10.5291 0.0 0.0
-10.5191 0.0 0.0
-10.5091 0.0 0.0
-10.4991 0.0 0.0
-10.4891 0.0 0.0
-10.4791 0.0 0.0
-10.4691 0.0 0.0
-10.4591 0.0 0.0
-10.4491 0.0 0.0
-10.4391 0.0 0.0
-10.4291 0.0 0.0
-10.4191 0.0 0.0
-10.4091 0.0 0.0
-10.3991 0.0 0.0
-10.3891 0.0 0.0
-10.3791 0.0 0.0
-10.3691 0.0 0.0
-10.3591 0.0 0.0
-10.3491 0.0 0.0
-10.3391 0.0 0.0
-10.3291 0.0 0.0
-10.3191 0.0 0.0
-10.3091 0.0 0.0
-10.2991 0.0 0.0
-10.2891 0.0 0.0
-10.2791 0.0 0.0
-10.2691 0.0 0.0
-10.2591 0.0 0.0
-10.2491 0.0 0.0
-10.2391 0.0 0.0
-10.2291 0.0 0.0
-10.2191 0.0 0.0
-10.2091 0.0 0.0
-10.1991 0.0 0.0
-10.1891 0.0 0.0
-10.1791 0.0 0.0
-10.1691 0.0 0.0
-10.1591 0.0 0.0
-10.1491 0.0 0.0
-10.1391 0.0 0.0
-10.1291 0.0 0.0
-10.1191 0.0 0.0
-10.1091 0.0 0.0
-10.0991 0.0 0.0
-10.0891 0.0 0.0
-10.0791 0.0 0.0
-10.0691 0.0 0.0
-10.0591 0.0 0.0
-10.0491 0.0 0.0
-10.0391 0.0 0.0
-10.0291 0.0 0.0
-10.0191 0.0 0.0
-10.0091 0.0 0.0
-9.9991 0.0 0.0
-9.9891 0.0 0.0
-9.9791 0.0 0.0
-9.9691 0.0 0.0
-9.9591 0.0 0.0
-9.9491 0.0 0.0
-9.9391 0.0 0.0
-9.9291 0.0 0.0
-9.9191 0.0 0.0
-9.9091 0.0 0.0
-9.8991 0.0 0.0
-9.8891 0.0 0.0
-9.8791 0.0 0.0
-9.8691 0.0 0.0
-9.8591 0.0 0.0
-9.8491 0.0 0.0
-9.8391 0.0 0.0
-9.8291 0.0 0.0
-9.8191 0.0 0.0
-9.8091 0.0 0.0
-9.7991 0.0 0.0
-9.7891 0.0 0.0
-9.7791 0.0 0.0
-9.7691 0.0 0.0
-9.7591 0.0 0.0
-9.7491 0.0 0.0
-9.7391 0.0 0.0
-9.7291 0.0 0.0
-9.7191 0.0 0.0
-9.7091 0.0 0.0
-9.6991 0.0 0.0
-9.6891 0.0 0.0
-9.6791 0.0 0.0
-9.6691 0.0 0.0
-9.6591 0.0 0.0
-9.6491 0.0 0.0
-9.6391 0.0 0.0
-9.6291 0.0 0.0
-9.6191 0.0 0.0
-9.6091 0.0 0.0
-9.5991 0.0 0.0
-9.5891 0.0 0.0
-9.5791 0.0 0.0
-9.5691 0.0 0.0
-9.5591 0.0 0.0
-9.5491 0.0 0.0
-9.5391 0.0 0.0
-9.5291 0.0 0.0
-9.5191 0.0 0.0
-9.5091 0.0 0.0
-9.4991 0.0 0.0
-9.4891 0.0 0.0
-9.4791 0.0 0.0
-9.4691 0.0 0.0
-9.4591 0.0 0.0
-9.4491 0.0 0.0
-9.4391 0.0 0.0
-9.4291 0.0 0.0
-9.4191 0.0 0.0
-9.4091 0.0 0.0
-9.3991 0.0 0.0
-9.3891 0.0 0.0
-9.3791 0.0 0.0
-9.3691 0.0 0.0
-9.3591 0.0 0.0
-9.3491 0.0 0.0
-9.3391 0.0 0.0
-9.3291 0.0 0.0
-9.3191 0.0 0.0
-9.3091 0.0 0.0
-9.2991 0.0 0.0
-9.2891 0.0 0.0
-9.2791 0.0 0.0
-9.2691 0.0 0.0
-9.2591 0.0 0.0
-9.2491 0.0 0.0
-9.2391 0.0 0.0
-9.2291 0.0 0.0
-9.2191 0.0 0.0
-9.2091 0.0 0.0
-9.1991 0.0 0.0
-9.1891 0.0 0.0
-9.1791 0.0 0.0
-9.1691 0.0 0.0
-9.1591 0.0 0.0
-9.1491 0.0 0.0
-9.1391 0.0 0.0
-9.1291 0.0 0.0
-9.1191 0.0 0.0
-9.1091 0.0 0.0
-9.0991 0.0 0.0
-9.0891 0.0 0.0
-9.0791 0.0 0.0
-9.0691 0.0 0.0
-9.0591 0.0 0.0
-9.0491 0.0 0.0
-9.0391 0.0 0.0
-9.0291 0.0 0.0
-9.0191 0.0 0.0
-9.0091 0.0 0.0
-8.9991 0.0 0.0
-8.9891 0.0 0.0
-8.9791 0.0 0.0
-8.9691 0.0 0.0
-8.9591 0.0 0.0
-8.9491 0.0 0.0
-8.9391 0.0 0.0
-8.9291 0.0 0.0
-8.9191 4.01e-28 1.6e-28
-8.9091 8.44e-28 3.38e-28
-8.8991 1.76e-27 7.02e-28
-8.8891 3.62e-27 1.45e-27
-8.8791 7.36e-27 2.94e-27
-8.8691 1.48e-26 5.93e-27
-8.8591 2.96e-26 1.18e-26
-8.8491 5.83e-26 2.33e-26
-8.8391 1.14e-25 4.54e-26
-8.8291 2.19e-25 8.76e-26
-8.8191 4.18e-25 1.67e-25
-8.8091 7.9e-25 3.16e-25
-8.7991 1.48e-24 5.9e-25
-8.7891 2.73e-24 1.09e-24
-8.7791 4.98e-24 1.99e-24
-8.7691 9.01e-24 3.6e-24
-8.7591 1.61e-23 6.44e-24
-8.7491 2.85e-23 1.14e-23
-8.7391 4.99e-23 2e-23
-8.7291 8.64e-23 3.45e-23
-8.7191 1.48e-22 5.92e-23
-8.7091 2.51e-22 1e-22
-8.6991 4.21e-22 1.68e-22
-8.6891 6.98e-22 2.79e-22
-8.6791 1.14e-21 4.57e-22
-8.6691 1.86e-21 7.42e-22
-8.6591 2.98e-21 1.19e-21
-8.6491 4.74e-21 1.89e-21
-8.6391 7.44e-21 2.97e-21
-8.6291 1.16e-20 4.62e-21
-8.6191 1.78e-20 7.11e-21
-8.6091 2.71e-20 1.08e-20
-8.5991 4.07e-20 1.63e-20
-8.5891 6.06e-20 2.42e-20
-8.5791 8.93e-20 3.57e-20
-8.5691 1.3e-19 5.19e-20
-8.5591 1.87e-19 7.49e-20
-8.5491 2.67e-19 1.07e-19
-8.5391 3.77e-19 1.51e-19
-8.5291 5.26e-19 2.1e-19
-8.5191 7.25e-19 2.9e-19
-8.5091 9.91e-19 3.96e-19
-8.4991 1.34e-18 5.34e-19
-8.4891 1.79e-18 7.14e-19
-8.4791 2.36e-18 9.44e-19
-8.4691 3.09e-18 1.23e-18
-8.4591 4e-18 1.6e-18
-8.4491 5.11e-18 2.04e-18
-8.4391 6.47e-18 2.59e-18
-8.4291 8.11e-18 3.24e-18
-8.4191 1e-17 4.01e-18
-8.4091 1.23e-17 4.92e-18
-8.3991 1.49e-17 5.96e-18
-8.3891 1.79e-17 7.15e-18
-8.3791 2.12e-17 8.48e-18
-8.3691 2.49e-17 9.95e-18
-8.3591 2.89e-17 1.16e-17
-8.3491 3.32e-17 1.33e-17
-8.3391 3.78e-17 1.51e-17
-8.3291 4.24e-17 1.69e-17
-8.3191 4.72e-17 1.88e-17
-8.3091 5.19e-17 2.07e-17
-8.2991 5.65e-17 2.26e-17
-8.2891 6.08e-17 2.43e-17
-8.2791 6.48e-17 2.59e-17
-8.2691 6.82e-17 2.72e-17
-8.2591 7.11e-17 2.84e-17
-8.2491 7.33e-17 2.93e-17
-8.2391 7.48e-17 2.98e-17
-8.2291 7.54e-17 3.01e-17
-8.2191 7.53e-17 3e-17
-8.2091 7.43e-17 2.97e-17
-8.1991 7.26e-17 2.9e-17
-8.1891 7.02e-17 2.8e-17
-8.1791 6.71e-17 2.68e-17
-8.1691 6.34e-17 2.53e-17
-8.1591 5.93e-17 2.37e-17
-8.1491 5.49e-17 2.19e-17
-8.1391 5.03e-17 2.01e-17
-8.1291 4.55e-17 1.82e-17
-8.1191 4.08e-17 1.63e-17
-8.1091 3.61e-17 1.44e-17
-8.0991 3.17e-17 1.26e-17
-8.0891 2.75e-17 1.1e-17
-8.0791 2.36e-17 9.4e-18
-8.0691 2e-17 7.98e-18
-8.0591 1.68e-17 6.7e-18
-8.0491 1.4e-17 5.57e-18
-8.0391 1.15e-17 4.57e-18
-8.0291 9.32e-18 3.72e-18
-8.0191 7.49e-18 2.99e-18
-8.0091 5.96e-18 2.38e-18
-7.9991 4.69e-18 1.87e-18
-7.9891 3.65e-18 1.46e-18
-7.9791 2.81e-18 1.12e-18
-7.9691 2.14e-18 8.55e-19
-7.9591 1.62e-18 6.44e-19
-7.9491 1.2e-18 4.8e-19
-7.9391 8.88e-19 3.54e-19
-7.9291 6.48e-19 2.58e-19
-7.9191 4.68e-19 1.86e-19
-7.9091 3.34e-19 1.33e-19
-7.8991 2.36e-19 9.4e-20
-7.8891 1.65e-19 6.57e-20
-7.8791 1.14e-19 4.54e-20
-7.8691 7.79e-20 3.11e-20
-7.8591 5.27e-20 2.1e-20
-7.8491 3.53e-20 1.41e-20
-7.8391 2.33e-20 9.31e-21
-7.8291 1.53e-20 6.09e-21
-7.8191 9.91e-21 3.95e-21
-7.8091 6.35e-21 2.53e-21
-7.7991 4.03e-21 1.6e-21
-7.7891 2.52e-21 1.01e-21
-7.7791 1.57e-21 6.24e-22
-7.7691 9.61e-22 3.83e-22
-7.7591 5.84e-22 2.33e-22
-7.7491 3.51e-22 1.4e-22
-7.7391 2.08e-22 8.3e-23
-7.7291 1.22e-22 4.88e-23
-7.7191 7.12e-23 2.84e-23
-7.7091 4.1e-23 1.63e-23
-7.6991 2.33e-23 9.29e-24
-7.6891 1.31e-23 5.23e-24
-7.6791 7.31e-24 2.91e-24
-7.6691 4.03e-24 1.6e-24
-7.6591 2.2e-24 8.75e-25
-7.6491 1.18e-24 4.72e-25
-7.6391 6.31e-25 2.51e-25
-7.6291 3.33e-25 1.33e-25
-7.6191 1.74e-25 6.93e-26
-7.6091 8.98e-26 3.58e-26
-7.5991 4.59e-26 1.83e-26
-7.5891 2.32e-26 9.23e-27
-7.5791 1.16e-26 4.61e-27
-7.5691 5.73e-27 2.28e-27
-7.5591 2.8e-27 1.12e-27
-7.5491 1.36e-27 5.4e-28
-7.5391 6.49e-28 2.59e-28
-7.5291 0.0 0.0
-7.5191 0.0 0.0
-7.5091 0.0 0.0
-7.4991 0.0 0.0
-7.4891 0.0 0.0
-7.4791 0.0 0.0
-7.4691 0.0 0.0
-7.4591 0.0 0.0
-7.4491 0.0 0.0
-7.4391 0.0 0.0
-7.4291 0.0 0.0
-7.4191 0.0 0.0
-7.4091 0.0 0.0
-7.3991 0.0 0.0
-7.3891 0.0 0.0
-7.3791 0.0 0.0
-7.3691 0.0 0.0
-7.3591 0.0 0.0
-7.3491 0.0 0.0
-7.3391 0.0 0.0
-7.3291 0.0 0.0
-7.3191 0.0 0.0
-7.3091 0.0 0.0
-7.2991 0.0 0.0
-7.2891 0.0 0.0
-7.2791 0.0 0.0
-7.2691 0.0 0.0
-7.2591 0.0 0.0
-7.2491 0.0 0.0
-7.2391 0.0 0.0
-7.2291 0.0 0.0
-7.2191 0.0 0.0
-7.2091 0.0 0.0
-7.1991 0.0 0.0
-7.1891 0.0 0.0
-7.1791 0.0 0.0
-7.1691 0.0 0.0
-7.1591 0.0 0.0
-7.1491 0.0 0.0
-7.1391 0.0 0.0
-7.1291 0.0 0.0
-7.1191 0.0 0.0
-7.1091 0.0 0.0
-7.0991 0.0 0.0
-7.0891 3.23e-12 3.22e-12
-7.0791 6.8e-12 6.79e-12
-7.0691 1.42e-11 1.41e-11
-7.0591 2.91e-11 2.91e-11
-7.0491 5.94e-11 5.93e-11
-7.0391 1.2e-10 1.2e-10
-7.0291 2.39e-10 2.38e-10
-7.0191 4.71e-10 4.7e-10
-7.0091 9.19e-10 9.17e-10
-6.9991 1.77e-09 1.77e-09
-6.9891 3.39e-09 3.38e-09
-6.9791 6.4e-09 6.39e-09
-6.9691 1.2e-08 1.19e-08
-6.9591 2.21e-08 2.21e-08
-6.9491 4.04e-08 4.04e-08
-6.9391 7.31e-08 7.3e-08
-6.9291 1.31e-07 1.31e-07
-6.9191 2.32e-07 2.31e-07
-6.9091 4.06e-07 4.05e-07
-6.8991 7.03e-07 7.02e-07
-6.8891 1.2e-06 1.2e-06
-6.8791 2.04e-06 2.04e-06
-6.8691 3.43e-06 3.42e-06
-6.8591 5.69e-06 5.68e-06
-6.8491 9.34e-06 9.33e-06
-6.8391 1.52e-05 1.51e-05
-6.8291 2.44e-05 2.43e-05
-6.8191 3.87e-05 3.87e-05
-6.8091 6.08e-05 6.08e-05
-6.7991 9.46e-05 9.45e-05
-6.7891 0.000146 0.000145
-6.7791 0.000222 0.000221
-6.7691 0.000334 0.000333
-6.7591 0.000497 0.000496
-6.7491 0.000732 0.000732
-6.7391 0.00107 0.00107
-6.7291 0.00154 0.00154
-6.7191 0.00219 0.00219
-6.7091 0.0031 0.00309
-6.6991 0.00432 0.00432
-6.6891 0.00597 0.00597
-6.6791 0.00816 0.00815
-6.6691 0.011 0.011
-6.6591 0.0147 0.0147
-6.6491 0.0195 0.0195
-6.6391 0.0255 0.0255
-6.6291 0.033 0.033
-6.6191 0.0423 0.0422
-6.6091 0.0535 0.0535
-6.5991 0.0671 0.067
-6.5891 0.0831 0.0831
-6.5791 0.102 0.102
-6.5691 0.124 0.124
-6.5591 0.148 0.148
-6.5491 0.176 0.176
-6.5391 0.207 0.207
-6.5291 0.24 0.24
-6.5191 0.276 0.276
-6.5091 0.314 0.314
-6.4991 0.353 0.353
-6.4891 0.393 0.393
-6.4791 0.432 0.432
-6.4691 0.471 0.471
-6.4591 0.507 0.507
-6.4491 0.54 0.54
-6.4391 0.569 0.569
-6.4291 0.594 0.594
-6.4191 0.612 0.612
-6.4091 0.625 0.625
-6.3991 0.631 0.631
-6.3891 0.63 0.63
-6.3791 0.622 0.622
-6.3691 0.608 0.608
-6.3591 0.588 0.588
-6.3491 0.562 0.563
-6.3391 0.532 0.532
-6.3291 0.498 0.498
-6.3191 0.461 0.461
-6.3091 0.422 0.422
-6.2991 0.383 0.383
-6.2891 0.343 0.343
-6.2791 0.304 0.304
-6.2691 0.267 0.267
-6.2591 0.232 0.232
-6.2491 0.199 0.199
-6.2391 0.169 0.169
-6.2291 0.142 0.142
-6.2191 0.118 0.118
-6.2091 0.0969 0.097
-6.1991 0.0788 0.0789
-6.1891 0.0634 0.0634
-6.1791 0.0505 0.0505
-6.1691 0.0397 0.0398
-6.1591 0.031 0.031
-6.1491 0.0239 0.0239
-6.1391 0.0182 0.0182
-6.1291 0.0137 0.0137
-6.1191 0.0102 0.0102
-6.1091 0.00755 0.00755
-6.0991 0.00551 0.00551
-6.0891 0.00398 0.00398
-6.0791 0.00284 0.00284
-6.0691 0.00201 0.00201
-6.0591 0.0014 0.00141
-6.0491 0.000972 0.000972
-6.0391 0.000665 0.000665
-6.0291 0.00045 0.00045
-6.0191 0.000301 0.000302
-6.0091 0.0002 0.0002
-5.9991 0.000131 0.000131
-5.9891 8.48e-05 8.48e-05
-5.9791 5.44e-05 5.44e-05
-5.9691 3.45e-05 3.45e-05
-5.9591 2.16e-05 2.17e-05
-5.9491 1.34e-05 1.34e-05
-5.9391 8.25e-06 8.26e-06
-5.9291 5.01e-06 5.02e-06
-5.9191 3.01e-06 3.02e-06
-5.9091 1.79e-06 1.79e-06
-5.8991 1.05e-06 1.05e-06
-5.8891 6.13e-07 6.14e-07
-5.8791 3.53e-07 3.53e-07
-5.8691 2.01e-07 2.01e-07
-5.8591 1.13e-07 1.13e-07
-5.8491 6.3e-08 6.31e-08
-5.8391 3.48e-08 3.48e-08
-5.8291 1.9e-08 1.9e-08
-5.8191 1.02e-08 1.02e-08
-5.8091 5.46e-09 5.46e-09
-5.7991 2.88e-09 2.88e-09
-5.7891 1.5e-09 1.51e-09
-5.7791 7.77e-10 7.78e-10
-5.7691 3.97e-10 3.98e-10
-5.7591 2.01e-10 2.01e-10
-5.7491 1e-10 1.01e-10
-5.7391 4.97e-11 4.98e-11
-5.7291 2.43e-11 2.44e-11
-5.7191 1.18e-11 1.18e-11
-5.7091 5.64e-12 5.65e-12
-5.6991 0.0 0.0
-5.6891 0.0 0.0
-5.6791 0.0 0.0
-5.6691 0.0 0.0
-5.6591 0.0 0.0
-5.6491 0.0 0.0
-5.6391 0.0 0.0
-5.6291 0.0 0.0
-5.6191 0.0 0.0
-5.6091 0.0 0.0
-5.5991 0.0 0.0
-5.5891 0.0 0.0
-5.5791 0.0 0.0
-5.5691 0.0 0.0
-5.5591 0.0 0.0
-5.5491 0.0 0.0
-5.5391 0.0 0.0
-5.5291 0.0 0.0
-5.5191 0.0 0.0
-5.5091 0.0 0.0
-5.4991 0.0 0.0
-5.4891 0.0 0.0
-5.4791 0.0 0.0
-5.4691 0.0 0.0
-5.4591 0.0 0.0
-5.4491 0.0 0.0
-5.4391 0.0 0.0
-5.4291 0.0 0.0
-5.4191 0.0 0.0
-5.4091 0.0 0.0
-5.3991 0.0 0.0
-5.3891 0.0 0.0
-5.3791 0.0 0.0
-5.3691 0.0 0.0
-5.3591 0.0 0.0
-5.3491 0.0 0.0
-5.3391 0.0 0.0
-5.3291 0.0 0.0
-5.3191 0.0 0.0
-5.3091 0.0 0.0
-5.2991 0.0 0.0
-5.2891 0.0 0.0
-5.2791 0.0 0.0
-5.2691 0.0 0.0
-5.2591 0.0 0.0
-5.2491 0.0 0.0
-5.2391 0.0 0.0
-5.2291 0.0 0.0
-5.2191 0.0 0.0
-5.2091 0.0 0.0
-5.1991 0.0 0.0
-5.1891 0.0 0.0
-5.1791 0.0 0.0
-5.1691 0.0 0.0
-5.1591 0.0 0.0
-5.1491 0.0 0.0
-5.1391 0.0 0.0
-5.1291 0.0 0.0
-5.1191 0.0 0.0
-5.1091 0.0 0.0
-5.0991 0.0 0.0
-5.0891 0.0 0.0
-5.0791 0.0 0.0
-5.0691 0.0 0.0
-5.0591 0.0 0.0
-5.0491 0.0 0.0
-5.0391 0.0 0.0
-5.0291 0.0 0.0
-5.0191 0.0 0.0
-5.0091 0.0 0.0
-4.9991 0.0 0.0
-4.9891 0.0 0.0
-4.9791 0.0 0.0
-4.9691 0.0 0.0
-4.9591 0.0 0.0
-4.9491 0.0 0.0
-4.9391 0.0 0.0
-4.9291 0.0 0.0
-4.9191 0.0 0.0
-4.9091 0.0 0.0
-4.8991 0.0 0.0
-4.8891 0.0 0.0
-4.8791 0.0 0.0
-4.8691 0.0 0.0
-4.8591 0.0 0.0
-4.8491 0.0 0.0
-4.8391 0.0 0.0
-4.8291 0.0 0.0
-4.8191 0.0 0.0
-4.8091 0.0 0.0
-4.7991 0.0 0.0
-4.7891 0.0 0.0
-4.7791 0.0 0.0
-4.7691 0.0 0.0
-4.7591 0.0 0.0
-4.7491 0.0 0.0
-4.7391 0.0 0.0
-4.7291 0.0 0.0
-4.7191 0.0 0.0
-4.7091 0.0 0.0
-4.6991 0.0 0.0
-4.6891 0.0 0.0
-4.6791 0.0 0.0
-4.6691 0.0 0.0
-4.6591 0.0 0.0
-4.6491 0.0 0.0
-4.6391 0.0 0.0
-4.6291 0.0 0.0
-4.6191 0.0 0.0
-4.6091 0.0 0.0
-4.5991 0.0 0.0
-4.5891 0.0 0.0
-4.5791 0.0 0.0
-4.5691 0.0 0.0
-4.5591 0.0 0.0
-4.5491 0.0 0.0
-4.5391 0.0 0.0
-4.5291 0.0 0.0
-4.5191 0.0 0.0
-4.5091 0.0 0.0
-4.4991 0.0 0.0
-4.4891 0.0 0.0
-4.4791 0.0 0.0
-4.4691 0.0 0.0
-4.4591 0.0 0.0
-4.4491 0.0 0.0
-4.4391 0.0 0.0
-4.4291 0.0 0.0
-4.4191 0.0 0.0
-4.4091 0.0 0.0
-4.3991 0.0 0.0
-4.3891 0.0 0.0
-4.3791 0.0 0.0
-4.3691 0.0 0.0
-4.3591 0.0 0.0
-4.3491 0.0 0.0
-4.3391 0.0 0.0
-4.3291 0.0 0.0
-4.3191 0.0 0.0
-4.3091 0.0 0.0
-4.2991 0.0 0.0
-4.2891 0.0 0.0
-4.2791 0.0 0.0
-4.2691 0.0 0.0
-4.2591 0.0 0.0
-4.2491 0.0 0.0
-4.2391 5.97e-27 1.12e-28
-4.2291 1.25e-26 2.34e-28
-4.2191 2.6e-26 4.85e-28
-4.2091 5.32e-26 9.95e-28
-4.1991 1.08e-25 2.02e-27
-4.1891 2.17e-25 4.05e-27
-4.1791 4.31e-25 8.04e-27
-4.1691 8.46e-25 1.58e-26
-4.1591 1.64e-24 3.07e-26
-4.1491 3.16e-24 5.9e-26
-4.1391 6.01e-24 1.12e-25
-4.1291 1.13e-23 2.11e-25
-4.1191 2.11e-23 3.93e-25
-4.1091 3.88e-23 7.24e-25
-4.0991 7.06e-23 1.32e-24
-4.0891 1.27e-22 2.38e-24
-4.0791 2.27e-22 4.23e-24
-4.0691 4e-22 7.47e-24
-4.0591 6.98e-22 1.3e-23
-4.0491 1.2e-21 2.25e-23
-4.0391 2.06e-21 3.84e-23
-4.0291 3.47e-21 6.48e-23
-4.0191 5.8e-21 1.08e-22
-4.0091 9.58e-21 1.79e-22
-3.9991 1.57e-20 2.92e-22
-3.9891 2.53e-20 4.73e-22
-3.9791 4.05e-20 7.57e-22
-3.9691 6.42e-20 1.2e-21
-3.9591 1e-19 1.87e-21
-3.9491 1.56e-19 2.9e-21
-3.9391 2.38e-19 4.45e-21
-3.9291 3.61e-19 6.74e-21
-3.9191 5.42e-19 1.01e-20
-3.9091 8.04e-19 1.5e-20
-3.8991 1.18e-18 2.2e-20
-3.8891 1.71e-18 3.2e-20
-3.8791 2.46e-18 4.59e-20
-3.8691 3.5e-18 6.52e-20
-3.8591 4.91e-18 9.16e-20
-3.8491 6.83e-18 1.27e-19
-3.8391 9.39e-18 1.75e-19
-3.8291 1.28e-17 2.38e-19
-3.8191 1.72e-17 3.21e-19
-3.8091 2.29e-17 4.27e-19
-3.7991 3.02e-17 5.63e-19
-3.7891 3.93e-17 7.33e-19
-3.7791 5.07e-17 9.45e-19
-3.7691 6.46e-17 1.2e-18
-3.7591 8.15e-17 1.52e-18
-3.7491 1.02e-16 1.9e-18
-3.7391 1.26e-16 2.34e-18
-3.7291 1.53e-16 2.86e-18
-3.7191 1.85e-16 3.45e-18
-3.7091 2.21e-16 4.13e-18
-3.6991 2.62e-16 4.88e-18
-3.6891 3.06e-16 5.71e-18
-3.6791 3.54e-16 6.6e-18
-3.6691 4.06e-16 7.56e-18
-3.6591 4.59e-16 8.56e-18
-3.6491 5.14e-16 9.58e-18
-3.6391 5.7e-16 1.06e-17
-3.6291 6.25e-16 1.16e-17
-3.6191 6.78e-16 1.26e-17
-3.6091 7.27e-16 1.35e-17
-3.5991 7.71e-16 1.44e-17
-3.5891 8.1e-16 1.51e-17
-3.5791 8.41e-16 1.57e-17
-3.5691 8.64e-16 1.61e-17
-3.5591 8.78e-16 1.64e-17
-3.5491 8.83e-16 1.64e-17
-3.5391 8.78e-16 1.64e-17
-3.5291 8.64e-16 1.61e-17
-3.5191 8.41e-16 1.57e-17
-3.5091 8.1e-16 1.51e-17
-3.4991 7.71e-16 1.44e-17
-3.4891 7.27e-16 1.35e-17
-3.4791 6.78e-16 1.26e-17
-3.4691 6.25e-16 1.16e-17
-3.4591 5.7e-16 1.06e-17
-3.4491 5.14e-16 9.58e-18
-3.4391 4.59e-16 8.55e-18
-3.4291 4.06e-16 7.55e-18
-3.4191 3.54e-16 6.6e-18
-3.4091 3.06e-16 5.7e-18
-3.3991 2.62e-16 4.87e-18
-3.3891 2.22e-16 4.12e-18
-3.3791 1.85e-16 3.45e-18
-3.3691 1.53e-16 2.85e-18
-3.3591 1.26e-16 2.34e-18
-3.3491 1.02e-16 1.89e-18
-3.3391 8.15e-17 1.52e-18
-3.3291 6.46e-17 1.2e-18
-3.3191 5.07e-17 9.43e-19
-3.3091 3.93e-17 7.32e-19
-3.2991 3.02e-17 5.61e-19
-3.2891 2.29e-17 4.26e-19
-3.2791 1.72e-17 3.2e-19
-3.2691 1.28e-17 2.38e-19
-3.2591 9.4e-18 1.75e-19
-3.2491 6.83e-18 1.27e-19
-3.2391 4.91e-18 9.14e-20
-3.2291 3.5e-18 6.5e-20
-3.2191 2.46e-18 4.58e-20
-3.2091 1.71e-18 3.19e-20
-3.1991 1.18e-18 2.19e-20
-3.1891 8.04e-19 1.5e-20
-3.1791 5.42e-19 1.01e-20
-3.1691 3.62e-19 6.72e-21
-3.1591 2.39e-19 4.44e-21
-3.1491 1.56e-19 2.89e-21
-3.1391 1.01e-19 1.87e-21
-3.1291 6.42e-20 1.19e-21
-3.1191 4.06e-20 7.54e-22
-3.1091 2.54e-20 4.71e-22
-3.0991 1.57e-20 2.91e-22
-3.0891 9.59e-21 1.78e-22
-3.0791 5.8e-21 1.08e-22
-3.0691 3.47e-21 6.45e-23
-3.0591 2.06e-21 3.82e-23
-3.0491 1.2e-21 2.24e-23
-3.0391 6.98e-22 1.3e-23
-3.0291 4e-22 7.43e-24
-3.0191 2.27e-22 4.22e-24
-3.0091 1.27e-22 2.37e-24
-2.9991 7.07e-23 1.31e-24
-2.9891 3.88e-23 7.21e-25
-2.9791 2.11e-23 3.91e-25
-2.9691 1.13e-23 2.1e-25
-2.9591 6.02e-24 1.12e-25
-2.9491 3.16e-24 5.88e-26
-2.9391 1.65e-24 3.06e-26
-2.9291 8.47e-25 1.57e-26
-2.9191 4.31e-25 8e-27
-2.9091 2.17e-25 4.03e-27
-2.8991 1.08e-25 2.01e-27
-2.8891 5.33e-26 9.89e-28
-2.8791 2.6e-26 4.82e-28
-2.8691 1.25e-26 2.33e-28
-2.8591 5.98e-27 1.11e-28
-2.8491 0.0 0.0
-2.8391 0.0 0.0
-2.8291 0.0 0.0
-2.8191 0.0 0.0
-2.8091 0.0 0.0
-2.7991 0.0 0.0
-2.7891 0.0 0.0
-2.7791 0.0 0.0
-2.7691 0.0 0.0
-2.7591 0.0 0.0
-2.7491 0.0 0.0
-2.7391 0.0 0.0
-2.7291 0.0 0.0
-2.7191 0.0 0.0
-2.7091 0.0 0.0
-2.6991 0.0 0.0
-2.6891 0.0 0.0
-2.6791 0.0 0.0
-2.6691 0.0 0.0
-2.6591 0.0 0.0
-2.6491 0.0 0.0
-2.6391 0.0 0.0
-2.6291 0.0 0.0
-2.6191 0.0 0.0
-2.6091 0.0 0.0
-2.5991 0.0 0.0
-2.5891 0.0 0.0
-2.5791 0.0 0.0
-2.5691 0.0 0.0
-2.5591 0.0 0.0
-2.5491 0.0 0.0
-2.5391 0.0 0.0
-2.5291 0.0 0.0
-2.5191 0.0 0.0
-2.5091 0.0 0.0
-2.4991 0.0 0.0
-2.4891 0.0 0.0
-2.4791 0.0 0.0
-2.4691 0.0 0.0
-2.4591 0.0 0.0
-2.4491 0.0 0.0
-2.4391 0.0 0.0
-2.4291 0.0 0.0
-2.4191 0.0 0.0
-2.4091 0.0 0.0
-2.3991 0.0 0.0
-2.3891 0.0 0.0
-2.3791 0.0 0.0
-2.3691 0.0 0.0
-2.3591 0.0 0.0
-2.3491 0.0 0.0
-2.3391 0.0 0.0
-2.3291 0.0 0.0
-2.3191 0.0 0.0
-2.3091 0.0 0.0
-2.2991 0.0 0.0
-2.2891 0.0 0.0
-2.2791 0.0 0.0
-2.2691 0.0 0.0
-2.2591 0.0 0.0
-2.2491 0.0 0.0
-2.2391 0.0 0.0
-2.2291 0.0 0.0
-2.2191 0.0 0.0
-2.2091 0.0 0.0
-2.1991 0.0 0.0
-2.1891 0.0 0.0
-2.1791 0.0 0.0
-2.1691 0.0 0.0
-2.1591 0.0 0.0
-2.1491 0.0 0.0
-2.1391 0.0 0.0
-2.1291 0.0 0.0
-2.1191 0.0 0.0
-2.1091 0.0 0.0
-2.0991 0.0 0.0
-2.0891 0.0 0.0
-2.0791 0.0 0.0
-2.0691 0.0 0.0
-2.0591 0.0 0.0
-2.0491 0.0 0.0
-2.0391 0.0 0.0
-2.0291 0.0 0.0
-2.0191 0.0 0.0
-2.0091 0.0 0.0
-1.9991 0.0 0.0
-1.9891 0.0 0.0
-1.9791 0.0 0.0
-1.9691 0.0 0.0
-1.9591 0.0 0.0
-1.9491 0.0 0.0
-1.9391 0.0 0.0
-1.9291 0.0 0.0
-1.9191 0.0 0.0
-1.9091 0.0 0.0
-1.8991 0.0 0.0
-1.8891 0.0 0.0
-1.8791 0.0 0.0
-1.8691 0.0 0.0
-1.8591 0.0 0.0
-1.8491 0.0 0.0
-1.8391 0.0 0.0
-1.8291 0.0 0.0
-1.8191 0.0 0.0
-1.8091 0.0 0.0
-1.7991 0.0 0.0
-1.7891 0.0 0.0
-1.7791 0.0 0.0
-1.7691 0.0 0.0
-1.7591 0.0 0.0
-1.7491 0.0 0.0
-1.7391 0.0 0.0
-1.7291 0.0 0.0
-1.7191 0.0 0.0
-1.7091 0.0 0.0
-1.6991 0.0 0.0
-1.6891 0.0 0.0
-1.6791 0.0 0.0
-1.6691 0.0 0.0
-1.6591 0.0 0.0
-1.6491 0.0 0.0
-1.6391 0.0 0.0
-1.6291 0.0 0.0
-1.6191 0.0 0.0
-1.6091 0.0 0.0
-1.5991 0.0 0.0
-1.5891 0.0 0.0
-1.5791 0.0 0.0
-1.5691 0.0 0.0
-1.5591 0.0 0.0
-1.5491 0.0 0.0
-1.5391 0.0 0.0
-1.5291 0.0 0.0
-1.5191 0.0 0.0
-1.5091 0.0 0.0
-1.4991 0.0 0.0
-1.4891 0.0 0.0
-1.4791 0.0 0.0
-1.4691 0.0 0.0
-1.4591 0.0 0.0
-1.4491 0.0 0.0
-1.4391 0.0 0.0
-1.4291 0.0 0.0
-1.4191 0.0 0.0
-1.4091 0.0 0.0
-1.3991 0.0 0.0
-1.3891 0.0 0.0
-1.3791 0.0 0.0
-1.3691 0.0 0.0
-1.3591 0.0 0.0
-1.3491 0.0 0.0
-1.3391 0.0 0.0
-1.3291 0.0 0.0
-1.3191 0.0 0.0
-1.3091 0.0 0.0
-1.2991 0.0 0.0
-1.2891 0.0 0.0
-1.2791 0.0 0.0
-1.2691 0.0 0.0
-1.2591 0.0 0.0
-1.2491 0.0 0.0
-1.2391 0.0 0.0
-1.2291 0.0 0.0
-1.2191 0.0 0.0
-1.2091 0.0 0.0
-1.1991 0.0 0.0
-1.1891 0.0 0.0
-1.1791 0.0 0.0
-1.1691 0.0 0.0
-1.1591 0.0 0.0
-1.1491 0.0 0.0
-1.1391 0.0 0.0
-1.1291 0.0 0.0
-1.1191 0.0 0.0
-1.1091 0.0 0.0
-1.0991 0.0 0.0
-1.0891 0.0 0.0
-1.0791 0.0 0.0
-1.0691 0.0 0.0
-1.0591 0.0 0.0
-1.0491 0.0 0.0
-1.0391 0.0 0.0
-1.0291 0.0 0.0
-1.0191 0.0 0.0
-1.0091 0.0 0.0
-0.9991 0.0 0.0
-0.9891 0.0 0.0
-0.9791 0.0 0.0
-0.9691 0.0 0.0
-0.9591 0.0 0.0
-0.9491 0.0 0.0
-0.9391 0.0 0.0
-0.9291 0.0 0.0
-0.9191 0.0 0.0
-0.9091 0.0 0.0
-0.8991 0.0 0.0
-0.8891 0.0 0.0
-0.8791 0.0 0.0
-0.8691 0.0 0.0
-0.8591 0.0 0.0
-0.8491 0.0 0.0
-0.8391 0.0 0.0
-0.8291 0.0 0.0
-0.8191 0.0 0.0
-0.8091 0.0 0.0
-0.7991 0.0 0.0
-0.7891 0.0 0.0
-0.7791 0.0 0.0
-0.7691 0.0 0.0
-0.7591 0.0 0.0
-0.7491 0.0 0.0
-0.7391 0.0 0.0
-0.7291 0.0 0.0
-0.7191 0.0 0.0
-0.7091 0.0 0.0
-0.6991 0.0 0.0
-0.6891 0.0 0.0
-0.6791 0.0 0.0
-0.6691 0.0 0.0
-0.6591 0.0 0.0
-0.6491 0.0 0.0
-0.6391 0.0 0.0
-0.6291 0.0 0.0
-0.6191 0.0 0.0
-0.6091 0.0 0.0
-0.5991 0.0 0.0
-0.5891 0.0 0.0
-0.5791 0.0 0.0
-0.5691 0.0 0.0
-0.5591 0.0 0.0
-0.5491 0.0 0.0
-0.5391 0.0 0.0
-0.5291 0.0 0.0
-0.5191 0.0 0.0
-0.5091 0.0 0.0
-0.4991 0.0 0.0
-0.4891 0.0 0.0
-0.4791 0.0 0.0
-0.4691 0.0 0.0
-0.4591 0.0 0.0
-0.4491 0.0 0.0
-0.4391 0.0 0.0
-0.4291 0.0 0.0
-0.4191 0.0 0.0
-0.4091 0.0 0.0
-0.3991 0.0 0.0
-0.3891 0.0 0.0
-0.3791 0.0 0.0
-0.3691 0.0 0.0
-0.3591 0.0 0.0
-0.3491 0.0 0.0
-0.3391 0.0 0.0
-0.3291 0.0 0.0
-0.3191 0.0 0.0
-0.3091 0.0 0.0
-0.2991 0.0 0.0
-0.2891 0.0 0.0
-0.2791 0.0 0.0
-0.2691 0.0 0.0
-0.2591 0.0 0.0
-0.2491 0.0 0.0
-0.2391 0.0 0.0
-0.2291 0.0 0.0
-0.2191 0.0 0.0
-0.2091 0.0 0.0
-0.1991 0.0 0.0
-0.1891 0.0 0.0
-0.1791 0.0 0.0
-0.1691 0.0 0.0
-0.1591 0.0 0.0
-0.1491 0.0 0.0
-0.1391 0.0 0.0
-0.1291 0.0 0.0
-0.1191 0.0 0.0
-0.1091 0.0 0.0
-0.0991 0.0 0.0
-0.0891 0.0 0.0
-0.0791 0.0 0.0
-0.0691 0.0 0.0
-0.0591 0.0 0.0
-0.0491 0.0 0.0
-0.0391 0.0 0.0
-0.0291 0.0 0.0
-0.0191 0.0 0.0
-0.0091 0.0 0.0
0.0009 0.0 0.0
0.0109 0.0 0.0
0.0209 0.0 0.0
0.0309 0.0 0.0
0.0409 0.0 0.0
0.0509 0.0 0.0
0.0609 0.0 0.0
0.0709 0.0 0.0
0.0809 0.0 0.0
0.0909 0.0 0.0
0.1009 0.0 0.0
0.1109 0.0 0.0
0.1209 0.0 0.0
0.1309 0.0 0.0
0.1409 0.0 0.0
0.1509 0.0 0.0
0.1609 0.0 0.0
0.1709 0.0 0.0
0.1809 0.0 0.0
0.1909 0.0 0.0
0.2009 0.0 0.0
0.2109 0.0 0.0
0.2209 1.56e-12 1.55e-12
0.2309 3.27e-12 3.26e-12
0.2409 6.8e-12 6.78e-12
0.2509 1.4e-11 1.39e-11
0.2609 2.85e-11 2.83e-11
0.2709 5.72e-11 5.7e-11
0.2809 1.14e-10 1.14e-10
0.2909 2.24e-10 2.24e-10
0.3009 4.37e-10 4.35e-10
0.3109 8.42e-10 8.39e-10
0.3209 1.6e-09 1.6e-09
0.3309 3.03e-09 3.02e-09
0.3409 5.64e-09 5.63e-09
0.3509 1.04e-08 1.04e-08
0.3609 1.9e-08 1.9e-08
0.3709 3.43e-08 3.42e-08
0.3809 6.13e-08 6.12e-08
0.3909 1.08e-07 1.08e-07
0.4009 1.9e-07 1.89e-07
0.4109 3.28e-07 3.27e-07
0.4209 5.61e-07 5.59e-07
0.4309 9.49e-07 9.47e-07
0.4409 1.59e-06 1.59e-06
0.4509 2.63e-06 2.63e-06
0.4609 4.31e-06 4.3e-06
0.4709 6.99e-06 6.97e-06
0.4809 1.12e-05 1.12e-05
0.4909 1.78e-05 1.77e-05
0.5009 2.79e-05 2.78e-05
0.5109 4.33e-05 4.32e-05
0.5209 6.65e-05 6.64e-05
0.5309 0.000101 0.000101
0.5409 0.000152 0.000152
0.5509 0.000226 0.000225
0.5609 0.000332 0.000331
0.5709 0.000483 0.000482
0.5809 0.000696 0.000694
0.5909 0.00099 0.000989
0.6009 0.00139 0.00139
0.6109 0.00194 0.00194
0.6209 0.00268 0.00267
0.6309 0.00365 0.00365
0.6409 0.00493 0.00492
0.6509 0.00658 0.00657
0.6609 0.00868 0.00867
0.6709 0.0113 0.0113
0.6809 0.0146 0.0146
0.6909 0.0187 0.0187
0.7009 0.0237 0.0236
0.7109 0.0296 0.0296
0.7209 0.0366 0.0366
0.7309 0.0448 0.0448
0.7409 0.0543 0.0542
0.7509 0.065 0.065
0.7609 0.077 0.077
0.7709 0.0903 0.0902
0.7809 0.105 0.105
0.7909 0.12 0.12
0.8009 0.136 0.136
0.8109 0.153 0.153
0.8209 0.17 0.17
0.8309 0.187 0.187
0.8409 0.203 0.203
0.8509 0.218 0.218
0.8609 0.232 0.232
0.8709 0.244 0.244
0.8809 0.254 0.254
0.8909 0.262 0.262
0.9009 0.267 0.266
0.9109 0.269 0.269
0.9209 0.268 0.268
0.9309 0.264 0.264
0.9409 0.258 0.258
0.9509 0.249 0.249
0.9609 0.237 0.237
0.9709 0.224 0.224
0.9809 0.209 0.209
0.9909 0.193 0.194
1.0009 0.177 0.177
1.0109 0.16 0.16
1.0209 0.143 0.143
1.0309 0.127 0.127
1.0409 0.111 0.111
1.0509 0.0961 0.0962
1.0609 0.0824 0.0824
1.0709 0.0698 0.0699
1.0809 0.0585 0.0586
1.0909 0.0486 0.0486
1.1009 0.0399 0.0399
1.1109 0.0324 0.0324
1.1209 0.026 0.026
1.1309 0.0206 0.0207
1.1409 0.0162 0.0162
1.1509 0.0126 0.0126
1.1609 0.0097 0.00972
1.1709 0.00738 0.00739
1.1809 0.00556 0.00556
1.1909 0.00414 0.00414
1.2009 0.00305 0.00305
1.2109 0.00222 0.00222
1.2209 0.0016 0.0016
1.2309 0.00114 0.00114
1.2409 0.000805 0.000807
1.2509 0.000562 0.000563
1.2609 0.000388 0.000389
1.2709 0.000265 0.000266
1.2809 0.000179 0.000179
1.2909 0.00012 0.00012
1.3009 7.91e-05 7.93e-05
1.3109 5.18e-05 5.19e-05
1.3209 3.35e-05 3.36e-05
1.3309 2.14e-05 2.15e-05
1.3409 1.36e-05 1.36e-05
1.3509 8.5e-06 8.52e-06
1.3609 5.27e-06 5.28e-06
1.3709 3.23e-06 3.24e-06
1.3809 1.96e-06 1.96e-06
1.3909 1.18e-06 1.18e-06
1.4009 6.97e-07 6.99e-07
1.4109 4.09e-07 4.1e-07
1.4209 2.38e-07 2.38e-07
1.4309 1.37e-07 1.37e-07
1.4409 7.76e-08 7.79e-08
1.4509 4.37e-08 4.38e-08
1.4609 2.43e-08 2.44e-08
1.4709 1.34e-08 1.34e-08
1.4809 7.27e-09 7.29e-09
1.4909 3.92e-09 3.93e-09
1.5009 2.09e-09 2.09e-09
1.5109 1.1e-09 1.1e-09
1.5209 5.73e-10 5.75e-10
1.5309 2.96e-10 2.96e-10
1.5409 1.51e-10 1.51e-10
1.5509 7.61e-11 7.63e-11
1.5609 3.8e-11 3.81e-11
1.5709 1.88e-11 1.88e-11
1.5809 9.17e-12 9.2e-12
1.5909 4.43e-12 4.45e-12
1.6009 2.12e-12 2.13e-12
1.6109 3.15e-22 4.67e-22
1.6209 6.3e-22 9.35e-22
1.6309 1.25e-21 1.85e-21
1.6409 2.44e-21 3.63e-21
1.6509 4.73e-21 7.03e-21
1.6609 9.07e-21 1.35e-20
1.6709 1.72e-20 2.55e-20
1.6809 3.23e-20 4.79e-20
1.6909 5.99e-20 8.89e-20
1.7009 1.1e-19 1.63e-19
1.7109 2e-19 2.96e-19
1.7209 3.59e-19 5.32e-19
1.7309 6.37e-19 9.45e-19
1.7409 1.12e-18 1.66e-18
1.7509 1.95e-18 2.89e-18
1.7609 3.35e-18 4.97e-18
1.7709 5.71e-18 8.46e-18
1.7809 9.61e-18 1.42e-17
1.7909 1.6e-17 2.37e-17
1.8009 2.64e-17 3.91e-17
1.8109 4.3e-17 6.37e-17
1.8209 6.93e-17 1.03e-16
1.8309 1.11e-16 1.64e-16
1.8409 1.75e-16 2.58e-16
1.8509 2.72e-16 4.03e-16
1.8609 4.21e-16 6.23e-16
1.8709 6.43e-16 9.52e-16
1.8809 9.72e-16 1.44e-15
1.8909 1.45e-15 2.15e-15
1.9009 2.15e-15 3.18e-15
1.9109 3.14e-15 4.65e-15
1.9209 4.55e-15 6.73e-15
1.9309 6.51e-15 9.64e-15
1.9409 9.23e-15 1.36e-14
1.9509 1.29e-14 1.91e-14
1.9609 1.79e-14 2.65e-14
1.9709 2.46e-14 3.63e-14
1.9809 3.33e-14 4.93e-14
1.9909 4.47e-14 6.61e-14
2.0009 5.94e-14 8.78e-14
2.0109 7.8e-14 1.15e-13
2.0209 1.01e-13 1.5e-13
2.0309 1.3e-13 1.92e-13
2.0409 1.66e-13 2.45e-13
2.0509 2.08e-13 3.08e-13
2.0609 2.59e-13 3.83e-13
2.0709 3.19e-13 4.71e-13
2.0809 3.88e-13 5.73e-13
2.0909 4.68e-13 6.91e-13
2.1009 5.57e-13 8.23e-13
2.1109 6.57e-13 9.7e-13
2.1209 7.66e-13 1.13e-12
2.1309 8.84e-13 1.3e-12
2.1409 1.01e-12 1.49e-12
2.1509 1.14e-12 1.68e-12
2.1609 1.27e-12 1.88e-12
2.1709 1.41e-12 2.07e-12
2.1809 1.54e-12 2.26e-12
2.1909 1.66e-12 2.45e-12
2.2009 1.78e-12 2.62e-12
2.2109 1.88e-12 2.77e-12
2.2209 1.97e-12 2.9e-12
2.2309 2.04e-12 3e-12
2.2409 2.09e-12 3.07e-12
2.2509 2.11e-12 3.11e-12
2.2609 2.12e-12 3.12e-12
2.2709 2.1e-12 3.1e-12
2.2809 2.06e-12 3.04e-12
2.2909 2e-12 2.95e-12
2.3009 1.92e-12 2.83e-12
2.3109 1.82e-12 2.69e-12
2.3209 1.71e-12 2.52e-12
2.3309 1.59e-12 2.34e-12
2.3409 1.46e-12 2.15e-12
2.3509 1.33e-12 1.96e-12
2.3609 1.2e-12 1.76e-12
2.3709 1.07e-12 1.57e-12
2.3809 9.39e-13 1.38e-12
2.3909 8.18e-13 1.2e-12
2.4009 7.05e-13 1.04e-12
2.4109 6.01e-13 8.84e-13
2.4209 5.07e-13 7.45e-13
2.4309 4.23e-13 6.22e-13
2.4409 3.49e-13 5.13e-13
2.4509 2.85e-13 4.19e-13
2.4609 2.3e-13 3.38e-13
2.4709 1.84e-13 2.7e-13
2.4809 1.45e-13 2.13e-13
2.4909 1.14e-13 1.67e-13
2.5009 8.78e-14 1.29e-13
2.5109 6.72e-14 9.87e-14
2.5209 5.09e-14 7.47e-14
2.5309 3.81e-14 5.59e-14
2.5409 2.82e-14 4.14e-14
2.5509 2.07e-14 3.04e-14
2.5609 1.5e-14 2.2e-14
2.5709 1.08e-14 1.58e-14
2.5809 7.63e-15 1.12e-14
2.5909 5.35e-15 7.85e-15
2.6009 3.72e-15 5.45e-15
2.6109 2.55e-15 3.74e-15
2.6209 1.73e-15 2.54e-15
2.6309 1.17e-15 1.71e-15
2.6409 7.75e-16 1.14e-15
2.6509 5.1e-16 7.47e-16
2.6609 3.32e-16 4.86e-16
2.6709 2.13e-16 3.13e-16
2.6809 1.36e-16 1.99e-16
2.6909 8.56e-17 1.25e-16
2.7009 5.34e-17 7.82e-17
2.7109 3.29e-17 4.82e-17
2.7209 2.01e-17 2.94e-17
2.7309 6.48e-13 6.46e-13
2.7409 1.36e-12 1.36e-12
2.7509 2.82e-12 2.81e-12
2.7609 5.79e-12 5.77e-12
2.7709 1.18e-11 1.17e-11
2.7809 2.36e-11 2.36e-11
2.7909 4.69e-11 4.68e-11
2.8009 9.23e-11 9.2e-11
2.8109 1.79e-10 1.79e-10
2.8209 3.45e-10 3.44e-10
2.8309 6.57e-10 6.55e-10
2.8409 1.24e-09 1.23e-09
2.8509 2.3e-09 2.3e-09
2.8609 4.25e-09 4.23e-09
2.8709 7.74e-09 7.72e-09
2.8809 1.4e-08 1.39e-08
2.8909 2.49e-08 2.48e-08
2.9009 4.39e-08 4.38e-08
2.9109 7.67e-08 7.65e-08
2.9209 1.32e-07 1.32e-07
2.9309 2.26e-07 2.26e-07
2.9409 3.82e-07 3.81e-07
2.9509 6.39e-07 6.37e-07
2.9609 1.06e-06 1.05e-06
2.9709 1.73e-06 1.72e-06
2.9809 2.8e-06 2.79e-06
2.9909 4.48e-06 4.47e-06
3.0009 7.1e-06 7.08e-06
3.0109 1.11e-05 1.11e-05
3.0209 1.72e-05 1.72e-05
3.0309 2.64e-05 2.64e-05
3.0409 4.01e-05 4e-05
3.0509 6.02e-05 6e-05
3.0609 8.94e-05 8.91e-05
3.0709 0.000131 0.000131
3.0809 0.000191 0.00019
3.0909 0.000274 0.000273
3.1009 0.00039 0.000388
3.1109 0.000548 0.000546
3.1209 0.000762 0.00076
3.1309 0.00105 0.00105
3.1409 0.00143 0.00142
3.1509 0.00192 0.00192
3.1609 0.00256 0.00256
3.1709 0.00338 0.00337
3.1809 0.00441 0.00439
3.1909 0.00568 0.00567
3.2009 0.00725 0.00723
3.2109 0.00916 0.00913
3.2209 0.0114 0.0114
3.2309 0.0141 0.0141
3.2409 0.0173 0.0172
3.2509 0.0209 0.0208
3.2609 0.025 0.0249
3.2709 0.0295 0.0295
3.2809 0.0346 0.0345
3.2909 0.04 0.0399
3.3009 0.0459 0.0457
3.3109 0.052 0.0518
3.3209 0.0582 0.0581
3.3309 0.0646 0.0644
3.3409 0.0709 0.0706
3.3509 0.0769 0.0767
3.3609 0.0825 0.0823
3.3709 0.0877 0.0874
3.3809 0.0921 0.0918
3.3909 0.0957 0.0954
3.4009 0.0984 0.0981
3.4109 0.1 0.0998
3.4209 0.101 0.1
3.4309 0.1 0.0999
3.4409 0.0987 0.0984
3.4509 0.0962 0.0959
3.4609 0.0927 0.0924
3.4709 0.0884 0.0881
3.4809 0.0834 0.0831
3.4909 0.0778 0.0776
3.5009 0.0719 0.0716
3.5109 0.0657 0.0655
3.5209 0.0594 0.0592
3.5309 0.0532 0.053
3.5409 0.0472 0.0471
3.5509 0.0415 0.0414
3.5609 0.0362 0.0361
3.5709 0.0314 0.0313
3.5809 0.0271 0.027
3.5909 0.0233 0.0233
3.6009 0.0201 0.0201
3.6109 0.0175 0.0175
3.6209 0.0154 0.0154
3.6309 0.0139 0.0138
3.6409 0.0128 0.0127
3.6509 0.0121 0.0121
3.6609 0.0119 0.0118
3.6709 0.012 0.0119
3.6809 0.0123 0.0123
3.6909 0.013 0.0129
3.7009 0.0138 0.0138
3.7109 0.0147 0.0147
3.7209 0.0157 0.0157
3.7309 0.0168 0.0168
3.7409 0.0178 0.0178
3.7509 0.0188 0.0187
3.7609 0.0196 0.0196
3.7709 0.0203 0.0203
3.7809 0.0208 0.0208
3.7909 0.0211 0.0211
3.8009 0.0212 0.0212
3.8109 0.0211 0.0211
3.8209 0.0208 0.0208
3.8309 0.0202 0.0202
3.8409 0.0195 0.0195
3.8509 0.0186 0.0186
3.8609 0.0175 0.0175
3.8709 0.0163 0.0163
3.8809 0.0151 0.0151
3.8909 0.0137 0.0137
3.9009 0.0124 0.0124
3.9109 0.0111 0.0111
3.9209 0.0098 0.00979
3.9309 0.00856 0.00856
3.9409 0.00741 0.0074
3.9509 0.00633 0.00633
3.9609 0.00536 0.00536
3.9709 0.00449 0.00448
3.9809 0.00372 0.00371
3.9909 0.00304 0.00304
4.0009 0.00247 0.00247
4.0109 0.00198 0.00198
4.0209 0.00157 0.00157
4.0309 0.00123 0.00123
4.0409 0.000955 0.000955
4.0509 0.000734 0.000733
4.0609 0.000557 0.000557
4.0709 0.000419 0.000419
4.0809 0.000311 0.000311
4.0909 0.000229 0.000229
4.1009 0.000166 0.000166
4.1109 0.00012 0.00012
4.1209 8.53e-05 8.53e-05
4.1309 6.01e-05 6.01e-05
4.1409 4.18e-05 4.18e-05
4.1509 2.88e-05 2.88e-05
4.1609 1.97e-05 1.97e-05
4.1709 1.33e-05 1.33e-05
4.1809 8.85e-06 8.85e-06
4.1909 5.84e-06 5.84e-06
4.2009 3.81e-06 3.81e-06
4.2109 2.46e-06 2.46e-06
4.2209 1.57e-06 1.57e-06
4.2309 9.95e-07 9.95e-07
4.2409 6.22e-07 6.22e-07
4.2509 3.85e-07 3.85e-07
4.2609 2.35e-07 2.36e-07
4.2709 1.43e-07 1.43e-07
4.2809 8.54e-08 8.54e-08
4.2909 5.06e-08 5.06e-08
4.3009 2.96e-08 2.97e-08
4.3109 1.72e-08 1.72e-08
4.3209 9.85e-09 9.86e-09
4.3309 5.59e-09 5.6e-09
4.3409 3.14e-09 3.14e-09
4.3509 1.74e-09 1.74e-09
4.3609 9.57e-10 9.58e-10
4.3709 5.2e-10 5.21e-10
4.3809 2.8e-10 2.8e-10
4.3909 1.49e-10 1.49e-10
4.4009 7.83e-11 7.84e-11
4.4109 4.09e-11 4.1e-11
4.4209 2.14e-11 2.14e-11
4.4309 1.16e-11 1.16e-11
4.4409 7.18e-12 7.15e-12
4.4509 6.28e-12 6.22e-12
4.4609 8.45e-12 8.33e-12
4.4709 1.46e-11 1.44e-11
4.4809 2.74e-11 2.69e-11
4.4909 5.2e-11 5.12e-11
4.5009 9.83e-11 9.67e-11
4.5109 1.84e-10 1.82e-10
4.5209 3.42e-10 3.37e-10
4.5309 6.27e-10 6.19e-10
4.5409 1.14e-09 1.12e-09
4.5509 2.05e-09 2.02e-09
4.5609 3.63e-09 3.59e-09
4.5709 6.39e-09 6.31e-09
4.5809 1.11e-08 1.1e-08
4.5909 1.91e-08 1.89e-08
4.6009 3.25e-08 3.22e-08
4.6109 5.47e-08 5.42e-08
4.6209 9.11e-08 9.03e-08
4.6309 1.5e-07 1.49e-07
4.6409 2.45e-07 2.43e-07
4.6509 3.94e-07 3.91e-07
4.6609 6.29e-07 6.24e-07
4.6709 9.92e-07 9.85e-07
4.6809 1.55e-06 1.54e-06
4.6909 2.39e-06 2.38e-06
4.7009 3.65e-06 3.63e-06
4.7109 5.52e-06 5.49e-06
4.7209 8.24e-06 8.21e-06
4.7309 1.22e-05 1.21e-05
4.7409 1.78e-05 1.78e-05
4.7509 2.58e-05 2.57e-05
4.7609 3.69e-05 3.68e-05
4.7709 5.23e-05 5.22e-05
4.7809 7.32e-05 7.32e-05
4.7909 0.000102 0.000101
4.8009 0.000139 0.000139
4.8109 0.000189 0.000189
4.8209 0.000253 0.000253
4.8309 0.000336 0.000337
4.8409 0.000441 0.000442
4.8509 0.000573 0.000574
4.8609 0.000736 0.000738
4.8709 0.000936 0.000939
4.8809 0.00118 0.00118
4.8909 0.00146 0.00147
4.9009 0.0018 0.00181
4.9109 0.00219 0.0022
4.9209 0.00264 0.00266
4.9309 0.00314 0.00317
4.9409 0.00371 0.00373
4.9509 0.00432 0.00435
4.9609 0.00498 0.00502
4.9709 0.00568 0.00573
4.9809 0.00641 0.00647
4.9909 0.00716 0.00723
5.0009 0.00791 0.00799
5.0109 0.00864 0.00874
5.0209 0.00934 0.00945
5.0309 0.00999 0.0101
5.0409 0.0106 0.0107
5.0509 0.0111 0.0112
5.0609 0.0114 0.0116
5.0709 0.0117 0.0119
5.0809 0.0119 0.012
5.0909 0.0119 0.0121
5.1009 0.0118 0.012
5.1109 0.0116 0.0118
5.1209 0.0112 0.0114
5.1309 0.0108 0.011
5.1409 0.0102 0.0104
5.1509 0.0096 0.00978
5.1609 0.00892 0.00909
5.1709 0.0082 0.00836
5.1809 0.00746 0.00761
5.1909 0.00671 0.00685
5.2009 0.00597 0.00609
5.2109 0.00525 0.00537
5.2209 0.00458 0.00468
5.2309 0.00394 0.00403
5.2409 0.00336 0.00344
5.2509 0.00283 0.0029
5.2609 0.00236 0.00242
5.2709 0.00195 0.002
5.2809 0.00159 0.00163
5.2909 0.00128 0.00132
5.3009 0.00103 0.00105
5.3109 0.00081 0.000832
5.3209 0.000633 0.000651
5.3309 0.00049 0.000504
5.3409 0.000375 0.000385
5.3509 0.000284 0.000292
5.3609 0.000212 0.000219
5.3709 0.000157 0.000162
5.3809 0.000115 0.000119
5.3909 8.34e-05 8.6e-05
5.4009 5.98e-05 6.17e-05
5.4109 4.24e-05 4.38e-05
5.4209 2.98e-05 3.07e-05
5.4309 2.07e-05 2.13e-05
5.4409 1.42e-05 1.47e-05
5.4509 9.63e-06 9.97e-06
5.4609 6.47e-06 6.7e-06
5.4709 4.3e-06 4.46e-06
5.4809 2.83e-06 2.93e-06
5.4909 1.84e-06 1.91e-06
5.5009 1.18e-06 1.23e-06
