-16.2191 0.0003679 0.0003679
-16.2091 0.0005684 0.0005694
-16.1991 0.0008691 0.0008701
-16.1891 0.0013125 0.0013125
-16.1791 0.0019636 0.0019737
-16.1691 0.0029142 0.0029143
-16.1591 0.004268 0.004268
-16.1491 0.00618 0.00619
-16.1391 0.008856 0.008867
-16.1291 0.012606 0.012606
-16.1191 0.01767 0.01767
-16.1091 0.02449 0.024491
-16.0991 0.03358 0.03359
-16.0891 0.04557 0.04557
-16.0791 0.06128 0.06128
-16.0691 0.08133 0.08143
-16.0591 0.10746 0.10746
-16.0491 0.1395 0.1395
-16.0391 0.17878 0.17879
-16.0291 0.22736 0.22837
-16.0191 0.28727 0.28728
-16.0091 0.3575 0.3576
-15.9991 0.4402 0.4402
-15.9891 0.5363 0.5363
-15.9791 0.6469 0.6469
-15.9691 0.7719 0.7719
-15.9591 0.9104 0.9104
-15.9491 1.0643 1.0644
-15.9391 1.2297 1.2297
-15.9291 1.4053 1.4053
-15.9191 1.5812 1.5812
-15.9091 1.7672 1.7673
-15.8991 1.9633 1.9633
-15.8891 2.1393 2.1393
-15.8791 2.315 2.325
-15.8691 2.4803 2.4803
-15.8591 2.635 2.635
-15.8491 2.7591 2.7591
-15.8391 2.8523 2.8523
-15.8291 2.9247 2.9247
-15.8191 2.976 2.976
-15.8091 2.9864 2.9864
-15.7991 2.9557 2.9557
-15.7891 2.9039 2.9039
-15.7791 2.8213 2.8213
-15.7691 2.7177 2.7177
-15.7591 2.5834 2.5834
-15.7491 2.4284 2.4284
-15.7391 2.253 2.2529
-15.7291 2.0771 2.0771
-15.7191 1.8911 1.8911
-15.7091 1.7051 1.705
-15.6991 1.5191 1.519
-15.6891 1.3332 1.3332
-15.6791 1.1677 1.1677
-15.6691 1.0065 1.0065
-15.6591 0.8588 0.8587
-15.6491 0.7254 0.7244
-15.6391 0.6056 0.6056
-15.6291 0.5002 0.5002
-15.6191 0.4092 0.4082
-15.6091 0.3307 0.3307
-15.5991 0.26454 0.26454
-15.5891 0.20876 0.20875
-15.5791 0.16329 0.16329
-15.5691 0.1271 0.12709
-15.5591 0.09704 0.09703
-15.5491 0.07358 0.07347
-15.5391 0.05508 0.05508
-15.5291 0.04092 0.04082
-15.5191 0.029969 0.029968
-15.5091 0.021803 0.021703
-15.4991 0.015605 0.015604
-15.4891 0.011058 0.011058
-15.4791 0.007792 0.007782
-15.4691 0.005415 0.005415
-15.4591 0.00372 0.00372
-15.4491 0.0025318 0.0025318
-15.4391 0.0017051 0.001705
-15.4291 0.0011366 0.0011366
-15.4191 0.0007461 0.0007461
-15.4091 0.0004867 0.0004857
-15.3991 0.0003131 0.0003131
-15.3891 0.00019946 0.00019945
-15.3791 0.00012607 0.00012607
-15.3691 7.854e-05 7.844e-05
-15.3591 4.847e-05 4.846e-05
-15.3491 2.9557e-05 2.9555e-05
-15.3391 1.7878e-05 1.7877e-05
-15.3291 1.0645e-05 1.0645e-05
-15.3191 6.314e-06 6.304e-06
-15.3091 3.689e-06 3.689e-06
-15.2991 2.129e-06 2.1289e-06
-15.2891 1.2195e-06 1.2194e-06
-15.2791 6.913e-07 6.903e-07
-15.2691 3.865e-07 3.865e-07
-15.2591 2.1393e-07 2.1392e-07
-15.2491 1.178e-07 1.1679e-07
-15.2391 6.366e-08 6.355e-08
-15.2291 3.41e-08 3.41e-08
-15.2191 1.8085e-08 1.8084e-08
-15.2091 9.507e-09 9.487e-09
-15.1991 4.929e-09 4.929e-09
-15.1891 2.5319e-09 2.5317e-09
-15.1791 1.2916e-09 1.2815e-09
-15.1691 6.469e-10 6.459e-10
-15.1591 3.214e-10 3.214e-10
-15.1491 1.5811e-10 1.581e-10
-15.1391 7.699e-11 7.678e-11
-15.1291 3.7e-11 3.699e-11
-15.1191 1.767e-11 1.7569e-11
-15.1091 0.0 0.0
-15.0991 0.0 0.0
-15.0891 0.0 0.0
-15.0791 0.0 0.0
-15.0691 0.0 0.0
-15.0591 0.0 0.0
-15.0491 0.0 0.0
-15.0391 0.0 0.0
-15.0291 0.0 0.0
-15.0191 0.0 0.0
-15.0091 0.0 0.0
-14.9991 0.0 0.0
-14.9891 0.0 0.0
-14.9791 0.0 0.0
-14.9691 0.0 0.0
-14.9591 0.0 0.0
-14.9491 0.0 0.0
-14.9391 0.0 0.0
-14.9291 0.0 0.0
-14.9191 0.0 0.0
-14.9091 0.0 0.0
-14.8991 0.0 0.0
-14.8891 0.0 0.0
-14.8791 0.0 0.0
-14.8691 0.0 0.0
-14.8591 0.0 0.0
-14.8491 0.0 0.0
-14.8391 0.0 0.0
-14.8291 0.0 0.0
-14.8191 0.0 0.0
-14.8091 0.0 0.0
-14.7991 0.0 0.0
-14.7891 0.0 0.0
-14.7791 0.0 0.0
-14.7691 0.0 0.0
-14.7591 0.0 0.0
-14.7491 0.0 0.0
-14.7391 0.0 0.0
-14.7291 0.0 0.0
-14.7191 0.0 0.0
-14.7091 0.0 0.0
-14.6991 0.0 0.0
-14.6891 0.0 0.0
-14.6791 0.0 0.0
-14.6691 0.0 0.0
-14.6591 0.0 0.0
-14.6491 0.0 0.0
-14.6391 0.0 0.0
-14.6291 0.0 0.0
-14.6191 0.0 0.0
-14.6091 0.0 0.0
-14.5991 0.0 0.0
-14.5891 0.0 0.0
-14.5791 0.0 0.0
-14.5691 0.0 0.0
-14.5591 0.0 0.0
-14.5491 0.0 0.0
-14.5391 0.0 0.0
-14.5291 0.0 0.0
-14.5191 0.0 0.0
-14.5091 0.0 0.0
-14.4991 0.0 0.0
-14.4891 0.0 0.0
-14.4791 0.0 0.0
-14.4691 0.0 0.0
-14.4591 0.0 0.0
-14.4491 0.0 0.0
-14.4391 0.0 0.0
-14.4291 0.0 0.0
-14.4191 0.0 0.0
-14.4091 0.0 0.0
-14.3991 0.0 0.0
-14.3891 0.0 0.0
-14.3791 0.0 0.0
-14.3691 0.0 0.0
-14.3591 0.0 0.0
-14.3491 0.0 0.0
-14.3391 0.0 0.0
-14.3291 0.0 0.0
-14.3191 0.0 0.0
-14.3091 0.0 0.0
-14.2991 0.0 0.0
-14.2891 0.0 0.0
-14.2791 0.0 0.0
-14.2691 0.0 0.0
-14.2591 0.0 0.0
-14.2491 0.0 0.0
-14.2391 0.0 0.0
-14.2291 0.0 0.0
-14.2191 0.0 0.0
-14.2091 0.0 0.0
-14.1991 0.0 0.0
-14.1891 0.0 0.0
-14.1791 0.0 0.0
-14.1691 0.0 0.0
-14.1591 0.0 0.0
-14.1491 0.0 0.0
-14.1391 0.0 0.0
-14.1291 0.0 0.0
-14.1191 0.0 0.0
-14.1091 0.0 0.0
-14.0991 0.0 0.0
-14.0891 0.0 0.0
-14.0791 0.0 0.0
-14.0691 0.0 0.0
-14.0591 0.0 0.0
-14.0491 0.0 0.0
-14.0391 0.0 0.0
-14.0291 0.0 0.0
-14.0191 0.0 0.0
-14.0091 0.0 0.0
-13.9991 0.0 0.0
-13.9891 0.0 0.0
-13.9791 0.0 0.0
-13.9691 0.0 0.0
-13.9591 0.0 0.0
-13.9491 0.0 0.0
-13.9391 0.0 0.0
-13.9291 0.0 0.0
-13.9191 0.0 0.0
-13.9091 0.0 0.0
-13.8991 0.0 0.0
-13.8891 0.0 0.0
-13.8791 0.0 0.0
-13.8691 0.0 0.0
-13.8591 0.0 0.0
-13.8491 0.0 0.0
-13.8391 0.0 0.0
-13.8291 0.0 0.0
-13.8191 0.0 0.0
-13.8091 0.0 0.0
-13.7991 0.0 0.0
-13.7891 0.0 0.0
-13.7791 0.0 0.0
-13.7691 0.0 0.0
-13.7591 0.0 0.0
-13.7491 0.0 0.0
-13.7391 0.0 0.0
-13.7291 0.0 0.0
-13.7191 0.0 0.0
-13.7091 0.0 0.0
-13.6991 0.0 0.0
-13.6891 0.0 0.0
-13.6791 0.0 0.0
-13.6691 0.0 0.0
-13.6591 0.0 0.0
-13.6491 0.0 0.0
-13.6391 0.0 0.0
-13.6291 0.0 0.0
-13.6191 0.0 0.0
-13.6091 0.0 0.0
-13.5991 0.0 0.0
-13.5891 0.0 0.0
-13.5791 0.0 0.0
-13.5691 0.0 0.0
-13.5591 0.0 0.0
-13.5491 0.0 0.0
-13.5391 0.0 0.0
-13.5291 0.0 0.0
-13.5191 0.0 0.0
-13.5091 0.0 0.0
-13.4991 0.0 0.0
-13.4891 0.0 0.0
-13.4791 0.0 0.0
-13.4691 0.0 0.0
-13.4591 0.0 0.0
-13.4491 0.0 0.0
-13.4391 0.0 0.0
-13.4291 0.0 0.0
-13.4191 0.0 0.0
-13.4091 0.0 0.0
-13.3991 0.0 0.0
-13.3891 0.0 0.0
-13.3791 0.0 0.0
-13.3691 0.0 0.0
-13.3591 0.0 0.0
-13.3491 0.0 0.0
-13.3391 0.0 0.0
-13.3291 0.0 0.0
-13.3191 0.0 0.0
-13.3091 0.0 0.0
-13.2991 0.0 0.0
-13.2891 0.0 0.0
-13.2791 0.0 0.0
-13.2691 0.0 0.0
-13.2591 0.0 0.0
-13.2491 0.0 0.0
-13.2391 0.0 0.0
-13.2291 0.0 0.0
-13.2191 0.0 0.0
-13.2091 0.0 0.0
-13.1991 0.0 0.0
-13.1891 0.0 0.0
-13.1791 0.0 0.0
-13.1691 0.0 0.0
-13.1591 0.0 0.0
-13.1491 0.0 0.0
-13.1391 0.0 0.0
-13.1291 0.0 0.0
-13.1191 0.0 0.0
-13.1091 0.0 0.0
-13.0991 0.0 0.0
-13.0891 0.0 0.0
-13.0791 0.0 0.0
-13.0691 0.0 0.0
-13.0591 0.0 0.0
-13.0491 0.0 0.0
-13.0391 0.0 0.0
-13.0291 0.0 0.0
-13.0191 0.0 0.0
-13.0091 0.0 0.0
-12.9991 0.0 0.0
-12.9891 0.0 0.0
-12.9791 0.0 0.0
-12.9691 0.0 0.0
-12.9591 0.0 0.0
-12.9491 0.0 0.0
-12.9391 0.0 0.0
-12.9291 0.0 0.0
-12.9191 0.0 0.0
-12.9091 0.0 0.0
-12.8991 0.0 0.0
-12.8891 0.0 0.0
-12.8791 0.0 0.0
-12.8691 0.0 0.0
-12.8591 0.0 0.0
-12.8491 0.0 0.0
-12.8391 0.0 0.0
-12.8291 0.0 0.0
-12.8191 0.0 0.0
-12.8091 0.0 0.0
-12.7991 0.0 0.0
-12.7891 0.0 0.0
-12.7791 0.0 0.0
-12.7691 0.0 0.0
-12.7591 0.0 0.0
-12.7491 0.0 0.0
-12.7391 0.0 0.0
-12.7291 0.0 0.0
-12.7191 0.0 0.0
-12.7091 0.0 0.0
-12.6991 0.0 0.0
-12.6891 0.0 0.0
-12.6791 0.0 0.0
-12.6691 0.0 0.0
-12.6591 0.0 0.0
-12.6491 0.0 0.0
-12.6391 0.0 0.0
-12.6291 0.0 0.0
-12.6191 0.0 0.0
-12.6091 0.0 0.0
-12.5991 0.0 0.0
-12.5891 0.0 0.0
-12.5791 0.0 0.0
-12.5691 0.0 0.0
-12.5591 0.0 0.0
-12.5491 0.0 0.0
-12.5391 0.0 0.0
-12.5291 0.0 0.0
-12.5191 0.0 0.0
-12.5091 0.0 0.0
-12.4991 0.0 0.0
-12.4891 0.0 0.0
-12.4791 0.0 0.0
-12.4691 0.0 0.0
-12.4591 0.0 0.0
-12.4491 0.0 0.0
-12.4391 0.0 0.0
-12.4291 0.0 0.0
-12.4191 0.0 0.0
-12.4091 0.0 0.0
-12.3991 0.0 0.0
-12.3891 0.0 0.0
-12.3791 0.0 0.0
-12.3691 0.0 0.0
-12.3591 0.0 0.0
-12.3491 0.0 0.0
-12.3391 0.0 0.0
-12.3291 0.0 0.0
-12.3191 0.0 0.0
-12.3091 0.0 0.0
-12.2991 0.0 0.0
-12.2891 0.0 0.0
-12.2791 0.0 0.0
-12.2691 0.0 0.0
-12.2591 0.0 0.0
-12.2491 0.0 0.0
-12.2391 0.0 0.0
-12.2291 0.0 0.0
-12.2191 0.0 0.0
-12.2091 0.0 0.0
-12.1991 0.0 0.0
-12.1891 0.0 0.0
-12.1791 0.0 0.0
-12.1691 0.0 0.0
-12.1591 0.0 0.0
-12.1491 0.0 0.0
-12.1391 0.0 0.0
-12.1291 0.0 0.0
-12.1191 0.0 0.0
-12.1091 0.0 0.0
-12.0991 0.0 0.0
-12.0891 0.0 0.0
-12.0791 0.0 0.0
-12.0691 0.0 0.0
-12.0591 0.0 0.0
-12.0491 0.0 0.0
-12.0391 0.0 0.0
-12.0291 0.0 0.0
-12.0191 0.0 0.0
-12.0091 0.0 0.0
-11.9991 0.0 0.0
-11.9891 0.0 0.0
-11.9791 0.0 0.0
-11.9691 0.0 0.0
-11.9591 0.0 0.0
-11.9491 0.0 0.0
-11.9391 0.0 0.0
-11.9291 0.0 0.0
-11.9191 0.0 0.0
-11.9091 0.0 0.0
-11.8991 0.0 0.0
-11.8891 0.0 0.0
-11.8791 0.0 0.0
-11.8691 0.0 0.0
-11.8591 0.0 0.0
-11.8491 0.0 0.0
-11.8391 0.0 0.0
-11.8291 0.0 0.0
-11.8191 0.0 0.0
-11.8091 0.0 0.0
-11.7991 0.0 0.0
-11.7891 0.0 0.0
-11.7791 0.0 0.0
-11.7691 0.0 0.0
-11.7591 0.0 0.0
-11.7491 0.0 0.0
-11.7391 0.0 0.0
-11.7291 0.0 0.0
-11.7191 0.0 0.0
-11.7091 0.0 0.0
-11.6991 0.0 0.0
-11.6891 0.0 0.0
-11.6791 0.0 0.0
-11.6691 0.0 0.0
-11.6591 0.0 0.0
-11.6491 0.0 0.0
-11.6391 0.0 0.0
-11.6291 0.0 0.0
-11.6191 0.0 0.0
-11.6091 0.0 0.0
-11.5991 0.0 0.0
-11.5891 0.0 0.0
-11.5791 0.0 0.0
-11.5691 0.0 0.0
-11.5591 0.0 0.0
-11.5491 0.0 0.0
-11.5391 0.0 0.0
-11.5291 0.0 0.0
-11.5191 0.0 0.0
-11.5091 0.0 0.0
-11.4991 0.0 0.0
-11.4891 0.0 0.0
-11.4791 0.0 0.0
-11.4691 0.0 0.0
-11.4591 0.0 0.0
-11.4491 0.0 0.0
-11.4391 0.0 0.0
-11.4291 0.0 0.0
-11.4191 0.0 0.0
-11.4091 0.0 0.0
-11.3991 0.0 0.0
-11.3891 0.0 0.0
-11.3791 0.0 0.0
-11.3691 0.0 0.0
-11.3591 0.0 0.0
-11.3491 0.0 0.0
-11.3391 0.0 0.0
-11.3291 0.0 0.0
-11.3191 0.0 0.0
-11.3091 0.0 0.0
-11.2991 0.0 0.0
-11.2891 0.0 0.0
-11.2791 0.0 0.0
-11.2691 0.0 0.0
-11.2591 0.0 0.0
-11.2491 0.0 0.0
-11.2391 0.0 0.0
-11.2291 0.0 0.0
-11.2191 0.0 0.0
-11.2091 0.0 0.0
-11.1991 0.0 0.0
-11.1891 0.0 0.0
-11.1791 0.0 0.0
-11.1691 0.0 0.0
-11.1591 0.0 0.0
-11.1491 0.0 0.0
-11.1391 0.0 0.0
-11.1291 0.0 0.0
-11.1191 0.0 0.0
-11.1091 0.0 0.0
-11.0991 0.0 0.0
-11.0891 0.0 0.0
-11.0791 0.0 0.0
-11.0691 0.0 0.0
-11.0591 0.0 0.0
-11.0491 0.0 0.0
-11.0391 0.0 0.0
-11.0291 0.0 0.0
-11.0191 0.0 0.0
-11.0091 0.0 0.0
-10.9991 0.0 0.0
-10.9891 0.0 0.0
-10.9791 0.0 0.0
-10.9691 0.0 0.0
-10.9591 0.0 0.0
-10.9491 0.0 0.0
-10.9391 0.0 0.0
-10.9291 0.0 0.0
-10.9191 0.0 0.0
-10.9091 0.0 0.0
-10.8991 0.0 0.0
-10.8891 0.0 0.0
-10.8791 0.0 0.0
-10.8691 0.0 0.0
-10.8591 0.0 0.0
-10.8491 0.0 0.0
-10.8391 0.0 0.0
-10.8291 0.0 0.0
-10.8191 0.0 0.0
-10.8091 0.0 0.0
-10.7991 0.0 0.0
-10.7891 0.0 0.0
-10.7791 0.0 0.0
-10.7691 0.0 0.0
-10.7591 0.0 0.0
-10.7491 0.0 0.0
-10.7391 0.0 0.0
-10.7291 0.0 0.0
-10.7191 0.0 0.0
-10.7091 0.0 0.0
-10.6991 0.0 0.0
-10.6891 0.0 0.0
-10.6791 0.0 0.0
-10.6691 0.0 0.0
-10.6591 0.0 0.0
-10.6491 0.0 0.0
-10.6391 0.0 0.0
-10.6291 0.0 0.0
-10.6191 0.0 0.0
-10.6091 0.0 0.0
-10.5991 0.0 0.0
-10.5891 0.0 0.0
-10.5791 0.0 0.0
-10.5691 0.0 0.0
-10.5591 0.0 0.0
-10.5491 0.0 0.0
-10.5391 0.0 0.0
-10.5291 0.0 0.0
-10.5191 0.0 0.0
-10.5091 0.0 0.0
-10.4991 0.0 0.0
-10.4891 0.0 0.0
-10.4791 0.0 0.0
-10.4691 0.0 0.0
-10.4591 0.0 0.0
-10.4491 0.0 0.0
-10.4391 0.0 0.0
-10.4291 0.0 0.0
-10.4191 0.0 0.0
-10.4091 0.0 0.0
-10.3991 0.0 0.0
-10.3891 0.0 0.0
-10.3791 0.0 0.0
-10.3691 0.0 0.0
-10.3591 0.0 0.0
-10.3491 0.0 0.0
-10.3391 0.0 0.0
-10.3291 0.0 0.0
-10.3191 0.0 0.0
-10.3091 0.0 0.0
-10.2991 0.0 0.0
-10.2891 0.0 0.0
-10.2791 0.0 0.0
-10.2691 0.0 0.0
-10.2591 0.0 0.0
-10.2491 0.0 0.0
-10.2391 0.0 0.0
-10.2291 0.0 0.0
-10.2191 0.0 0.0
-10.2091 0.0 0.0
-10.1991 0.0 0.0
-10.1891 0.0 0.0
-10.1791 0.0 0.0
-10.1691 0.0 0.0
-10.1591 0.0 0.0
-10.1491 0.0 0.0
-10.1391 0.0 0.0
-10.1291 0.0 0.0
-10.1191 0.0 0.0
-10.1091 0.0 0.0
-10.0991 0.0 0.0
-10.0891 0.0 0.0
-10.0791 0.0 0.0
-10.0691 0.0 0.0
-10.0591 0.0 0.0
-10.0491 0.0 0.0
-10.0391 0.0 0.0
-10.0291 0.0 0.0
-10.0191 0.0 0.0
-10.0091 0.0 0.0
-9.9991 0.0 0.0
-9.9891 0.0 0.0
-9.9791 0.0 0.0
-9.9691 0.0 0.0
-9.9591 0.0 0.0
-9.9491 0.0 0.0
-9.9391 0.0 0.0
-9.9291 0.0 0.0
-9.9191 0.0 0.0
-9.9091 0.0 0.0
-9.8991 0.0 0.0
-9.8891 0.0 0.0
-9.8791 0.0 0.0
-9.8691 0.0 0.0
-9.8591 0.0 0.0
-9.8491 0.0 0.0
-9.8391 0.0 0.0
-9.8291 0.0 0.0
-9.8191 0.0 0.0
-9.8091 0.0 0.0
-9.7991 0.0 0.0
-9.7891 0.0 0.0
-9.7791 0.0 0.0
-9.7691 0.0 0.0
-9.7591 0.0 0.0
-9.7491 0.0 0.0
-9.7391 0.0 0.0
-9.7291 0.0 0.0
-9.7191 0.0 0.0
-9.7091 0.0 0.0
-9.6991 0.0 0.0
-9.6891 0.0 0.0
-9.6791 0.0 0.0
-9.6691 0.0 0.0
-9.6591 0.0 0.0
-9.6491 0.0 0.0
-9.6391 0.0 0.0
-9.6291 0.0 0.0
-9.6191 0.0 0.0
-9.6091 0.0 0.0
-9.5991 0.0 0.0
-9.5891 0.0 0.0
-9.5791 0.0 0.0
-9.5691 0.0 0.0
-9.5591 0.0 0.0
-9.5491 0.0 0.0
-9.5391 0.0 0.0
-9.5291 0.0 0.0
-9.5191 0.0 0.0
-9.5091 0.0 0.0
-9.4991 0.0 0.0
-9.4891 0.0 0.0
-9.4791 0.0 0.0
-9.4691 0.0 0.0
-9.4591 0.0 0.0
-9.4491 0.0 0.0
-9.4391 0.0 0.0
-9.4291 0.0 0.0
-9.4191 0.0 0.0
-9.4091 0.0 0.0
-9.3991 0.0 0.0
-9.3891 0.0 0.0
-9.3791 0.0 0.0
-9.3691 0.0 0.0
-9.3591 0.0 0.0
-9.3491 0.0 0.0
-9.3391 0.0 0.0
-9.3291 0.0 0.0
-9.3191 0.0 0.0
-9.3091 0.0 0.0
-9.2991 0.0 0.0
-9.2891 0.0 0.0
-9.2791 0.0 0.0
-9.2691 0.0 0.0
-9.2591 0.0 0.0
-9.2491 0.0 0.0
-9.2391 0.0 0.0
-9.2291 0.0 0.0
-9.2191 0.0 0.0
-9.2091 0.0 0.0
-9.1991 0.0 0.0
-9.1891 0.0 0.0
-9.1791 0.0 0.0
-9.1691 0.0 0.0
-9.1591 0.0 0.0
-9.1491 0.0 0.0
-9.1391 0.0 0.0
-9.1291 0.0 0.0
-9.1191 0.0 0.0
-9.1091 0.0 0.0
-9.0991 0.0 0.0
-9.0891 0.0 0.0
-9.0791 0.0 0.0
-9.0691 0.0 0.0
-9.0591 0.0 0.0
-9.0491 0.0 0.0
-9.0391 0.0 0.0
-9.0291 0.0 0.0
-9.0191 0.0 0.0
-9.0091 0.0 0.0
-8.9991 0.0 0.0
-8.9891 0.0 0.0
-8.9791 0.0 0.0
-8.9691 0.0 0.0
-8.9591 0.0 0.0
-8.9491 0.0 0.0
-8.9391 0.0 0.0
-8.9291 0.0 0.0
-8.9191 1.19e-11 1.19e-11
-8.9091 2.51e-11 2.51e-11
-8.8991 5.21e-11 5.22e-11
-8.8891 1.07e-10 1.08e-10
-8.8791 2.19e-10 2.19e-10
-8.8691 4.4e-10 4.41e-10
-8.8591 8.77e-10 8.79e-10
-8.8491 1.73e-09 1.73e-09
-8.8391 3.37e-09 3.38e-09
-8.8291 6.51e-09 6.52e-09
-8.8191 1.24e-08 1.24e-08
-8.8091 2.34e-08 2.35e-08
-8.7991 4.38e-08 4.39e-08
-8.7891 8.09e-08 8.11e-08
-8.7791 1.48e-07 1.48e-07
-8.7691 2.67e-07 2.68e-07
-8.7591 4.78e-07 4.79e-07
-8.7491 8.46e-07 8.48e-07
-8.7391 1.48e-06 1.48e-06
-8.7291 2.57e-06 2.57e-06
-8.7191 4.4e-06 4.4e-06
-8.7091 7.45e-06 7.46e-06
-8.6991 1.25e-05 1.25e-05
-8.6891 2.07e-05 2.07e-05
-8.6791 3.4e-05 3.4e-05
-8.6691 5.51e-05 5.52e-05
-8.6591 8.85e-05 8.86e-05
-8.6491 0.000141 0.000141
-8.6391 0.000221 0.000221
-8.6291 0.000343 0.000344
-8.6191 0.000528 0.000529
-8.6091 0.000803 0.000804
-8.5991 0.00121 0.00121
-8.5891 0.0018 0.0018
-8.5791 0.00265 0.00265
-8.5691 0.00386 0.00386
-8.5591 0.00556 0.00557
-8.5491 0.00793 0.00794
-8.5391 0.0112 0.0112
-8.5291 0.0156 0.0156
-8.5191 0.0215 0.0216
-8.5091 0.0294 0.0294
-8.4991 0.0397 0.0397
-8.4891 0.0531 0.0531
-8.4791 0.0701 0.0702
-8.4691 0.0917 0.0918
-8.4591 0.119 0.119
-8.4491 0.152 0.152
-8.4391 0.192 0.192
-8.4291 0.241 0.241
-8.4191 0.298 0.298
-8.4091 0.365 0.366
-8.3991 0.443 0.443
-8.3891 0.531 0.531
-8.3791 0.63 0.631
-8.3691 0.74 0.74
-8.3591 0.859 0.859
-8.3491 0.986 0.987
-8.3391 1.12 1.12
-8.3291 1.26 1.26
-8.3191 1.4 1.4
-8.3091 1.54 1.54
-8.2991 1.68 1.68
-8.2891 1.81 1.81
-8.2791 1.92 1.92
-8.2691 2.03 2.03
-8.2591 2.11 2.11
-8.2491 2.18 2.18
-8.2391 2.22 2.22
-8.2291 2.24 2.24
-8.2191 2.23 2.23
-8.2091 2.21 2.21
-8.1991 2.16 2.16
-8.1891 2.08 2.08
-8.1791 1.99 1.99
-8.1691 1.88 1.88
-8.1591 1.76 1.76
-8.1491 1.63 1.63
-8.1391 1.49 1.49
-8.1291 1.35 1.35
-8.1191 1.21 1.21
-8.1091 1.07 1.07
-8.0991 0.94 0.94
-8.0891 0.816 0.815
-8.0791 0.7 0.699
-8.0691 0.594 0.594
-8.0591 0.499 0.498
-8.0491 0.414 0.414
-8.0391 0.34 0.34
-8.0291 0.277 0.276
-8.0191 0.222 0.222
-8.0091 0.177 0.177
-7.9991 0.139 0.139
-7.9891 0.108 0.108
-7.9791 0.0835 0.0834
-7.9691 0.0636 0.0636
-7.9591 0.0479 0.0479
-7.9491 0.0357 0.0357
-7.9391 0.0264 0.0263
-7.9291 0.0192 0.0192
-7.9191 0.0139 0.0139
-7.9091 0.00991 0.0099
-7.8991 0.007 0.00699
-7.8891 0.00489 0.00489
-7.8791 0.00338 0.00338
-7.8691 0.00231 0.00231
-7.8591 0.00156 0.00156
-7.8491 0.00105 0.00105
-7.8391 0.000693 0.000692
-7.8291 0.000454 0.000453
-7.8191 0.000294 0.000294
-7.8091 0.000188 0.000188
-7.7991 0.000119 0.000119
-7.7891 7.49e-05 7.48e-05
-7.7791 4.65e-05 4.64e-05
-7.7691 2.85e-05 2.85e-05
-7.7591 1.73e-05 1.73e-05
-7.7491 1.04e-05 1.04e-05
-7.7391 6.19e-06 6.18e-06
-7.7291 3.64e-06 3.63e-06
-7.7191 2.11e-06 2.11e-06
-7.7091 1.22e-06 1.21e-06
-7.6991 6.92e-07 6.91e-07
-7.6891 3.9e-07 3.89e-07
-7.6791 2.17e-07 2.17e-07
-7.6691 1.2e-07 1.19e-07
-7.6591 6.52e-08 6.5e-08
-7.6491 3.51e-08 3.51e-08
-7.6391 1.87e-08 1.87e-08
-7.6291 9.89e-09 9.87e-09
-7.6191 5.16e-09 5.15e-09
-7.6091 2.66e-09 2.66e-09
-7.5991 1.36e-09 1.36e-09
-7.5891 6.88e-10 6.86e-10
-7.5791 3.44e-10 3.43e-10
-7.5691 1.7e-10 1.7e-10
-7.5591 8.32e-11 8.3e-11
-7.5491 4.03e-11 4.02e-11
-7.5391 1.93e-11 1.92e-11
-7.5291 0.0 0.0
-7.5191 0.0 0.0
-7.5091 0.0 0.0
-7.4991 0.0 0.0
-7.4891 0.0 0.0
-7.4791 0.0 0.0
-7.4691 0.0 0.0
-7.4591 0.0 0.0
-7.4491 0.0 0.0
-7.4391 0.0 0.0
-7.4291 0.0 0.0
-7.4191 0.0 0.0
-7.4091 0.0 0.0
-7.3991 0.0 0.0
-7.3891 0.0 0.0
-7.3791 0.0 0.0
-7.3691 0.0 0.0
-7.3591 0.0 0.0
-7.3491 0.0 0.0
-7.3391 0.0 0.0
-7.3291 0.0 0.0
-7.3191 0.0 0.0
-7.3091 0.0 0.0
-7.2991 0.0 0.0
-7.2891 0.0 0.0
-7.2791 0.0 0.0
-7.2691 0.0 0.0
-7.2591 0.0 0.0
-7.2491 0.0 0.0
-7.2391 0.0 0.0
-7.2291 0.0 0.0
-7.2191 0.0 0.0
-7.2091 0.0 0.0
-7.1991 0.0 0.0
-7.1891 0.0 0.0
-7.1791 0.0 0.0
-7.1691 0.0 0.0
-7.1591 0.0 0.0
-7.1491 0.0 0.0
-7.1391 0.0 0.0
-7.1291 0.0 0.0
-7.1191 0.0 0.0
-7.1091 0.0 0.0
-7.0991 0.0 0.0
-7.0891 1.813e-11 1.812e-11
-7.0791 3.82e-11 3.819e-11
-7.0691 7.96e-11 7.94e-11
-7.0591 1.641e-10 1.631e-10
-7.0491 3.334e-10 3.333e-10
-7.0391 6.73e-10 6.72e-10
-7.0291 1.339e-09 1.338e-09
-7.0191 2.641e-09 2.64e-09
-7.0091 5.159e-09 5.157e-09
-6.9991 9.96e-09 9.95e-09
-6.9891 1.899e-08 1.898e-08
-6.9791 3.6e-08 3.589e-08
-6.9691 6.72e-08 6.71e-08
-6.9591 1.241e-07 1.241e-07
-6.9491 2.274e-07 2.264e-07
-6.9391 4.111e-07 4.1e-07
-6.9291 7.36e-07 7.35e-07
-6.9191 1.302e-06 1.301e-06
-6.9091 2.276e-06 2.275e-06
-6.8991 3.953e-06 3.942e-06
-6.8891 6.77e-06 6.76e-06
-6.8791 1.148e-05 1.147e-05
-6.8691 1.923e-05 1.922e-05
-6.8591 3.199e-05 3.188e-05
-6.8491 5.244e-05 5.243e-05
-6.8391 8.52e-05 8.51e-05
-6.8291 0.0001374 0.0001363
-6.8191 0.0002177 0.0002177
-6.8091 0.0003418 0.0003418
-6.7991 0.0005316 0.0005315
-6.7891 0.000819 0.000817
-6.7791 0.001242 0.001241
-6.7691 0.001874 0.001873
-6.7591 0.002797 0.002786
-6.7491 0.004112 0.004112
-6.7391 0.006 0.006
-6.7291 0.00865 0.00864
-6.7191 0.01229 0.01229
-6.7091 0.0174 0.01739
-6.6991 0.02432 0.02432
-6.6891 0.03357 0.03357
-6.6791 0.04586 0.04585
-6.6691 0.0619 0.0619
-6.6591 0.0828 0.0827
-6.6491 0.1095 0.1095
-6.6391 0.1435 0.1435
-6.6291 0.185 0.185
-6.6191 0.2373 0.2372
-6.6091 0.3005 0.3005
-6.5991 0.3771 0.377
-6.5891 0.4671 0.4671
-6.5791 0.573 0.573
-6.5691 0.695 0.695
-6.5591 0.833 0.833
-6.5491 0.99 0.989
-6.5391 1.163 1.162
-6.5291 1.35 1.35
-6.5191 1.556 1.556
-6.5091 1.764 1.764
-6.4991 1.983 1.983
-6.4891 2.203 2.203
-6.4791 2.432 2.432
-6.4691 2.641 2.641
-6.4591 2.847 2.847
-6.4491 3.04 3.04
-6.4391 3.199 3.199
-6.4291 3.334 3.334
-6.4191 3.442 3.442
-6.4091 3.515 3.515
-6.3991 3.551 3.551
-6.3891 3.54 3.54
-6.3791 3.502 3.502
-6.3691 3.418 3.418
-6.3591 3.308 3.308
-6.3491 3.162 3.163
-6.3391 2.992 2.992
-6.3291 2.798 2.798
-6.3191 2.591 2.591
-6.3091 2.372 2.372
-6.2991 2.153 2.153
-6.2891 1.933 1.933
-6.2791 1.714 1.714
-6.2691 1.497 1.497
-6.2591 1.302 1.302
-6.2491 1.118 1.118
-6.2391 0.949 0.949
-6.2291 0.797 0.798
-6.2191 0.663 0.663
-6.2091 0.5449 0.545
-6.1991 0.4428 0.4429
-6.1891 0.3564 0.3564
-6.1791 0.2835 0.2835
-6.1691 0.2237 0.2238
-6.1591 0.174 0.174
-6.1491 0.1339 0.1339
-6.1391 0.1022 0.1023
-6.1291 0.0771 0.0771
-6.1191 0.0575 0.0575
-6.1091 0.04245 0.04245
-6.0991 0.03101 0.03101
-6.0891 0.02238 0.02238
-6.0791 0.01594 0.01594
-6.0691 0.01129 0.0113
-6.0591 0.00789 0.00791
-6.0491 0.005462 0.005462
-6.0391 0.003735 0.003735
-6.0291 0.00253 0.00253
-6.0191 0.001691 0.001692
-6.0091 0.001122 0.001123
-5.9991 0.000735 0.000736
-5.9891 0.0004768 0.0004768
-5.9791 0.0003054 0.0003054
-5.9691 0.0001935 0.0001935
-5.9591 0.0001216 0.0001217
-5.9491 7.55e-05 7.55e-05
-5.9391 4.635e-05 4.646e-05
-5.9291 2.821e-05 2.822e-05
-5.9191 1.691e-05 1.692e-05
-5.9091 1.006e-05 1.007e-05
-5.8991 5.92e-06 5.92e-06
-5.8891 3.443e-06 3.444e-06
-5.8791 1.983e-06 1.983e-06
-5.8691 1.129e-06 1.13e-06
-5.8591 6.36e-07 6.36e-07
-5.8491 3.54e-07 3.551e-07
-5.8391 1.958e-07 1.958e-07
-5.8291 1.066e-07 1.067e-07
-5.8191 5.74e-08 5.75e-08
-5.8091 3.066e-08 3.066e-08
-5.7991 1.618e-08 1.618e-08
-5.7891 8.45e-09 8.47e-09
-5.7791 4.367e-09 4.378e-09
-5.7691 2.237e-09 2.238e-09
-5.7591 1.129e-09 1.13e-09
-5.7491 5.64e-10 5.66e-10
-5.7391 2.797e-10 2.798e-10
-5.7291 1.363e-10 1.374e-10
-5.7191 6.62e-11 6.63e-11
-5.7091 3.174e-11 3.175e-11
-5.6991 0.0 0.0
-5.6891 0.0 0.0
-5.6791 0.0 0.0
-5.6691 0.0 0.0
-5.6591 0.0 0.0
-5.6491 0.0 0.0
-5.6391 0.0 0.0
-5.6291 0.0 0.0
-5.6191 0.0 0.0
-5.6091 0.0 0.0
-5.5991 0.0 0.0
-5.5891 0.0 0.0
-5.5791 0.0 0.0
-5.5691 0.0 0.0
-5.5591 0.0 0.0
-5.5491 0.0 0.0
-5.5391 0.0 0.0
-5.5291 0.0 0.0
-5.5191 0.0 0.0
-5.5091 0.0 0.0
-5.4991 0.0 0.0
-5.4891 0.0 0.0
-5.4791 0.0 0.0
-5.4691 0.0 0.0
-5.4591 0.0 0.0
-5.4491 0.0 0.0
-5.4391 0.0 0.0
-5.4291 0.0 0.0
-5.4191 0.0 0.0
-5.4091 0.0 0.0
-5.3991 0.0 0.0
-5.3891 0.0 0.0
-5.3791 0.0 0.0
-5.3691 0.0 0.0
-5.3591 0.0 0.0
-5.3491 0.0 0.0
-5.3391 0.0 0.0
-5.3291 0.0 0.0
-5.3191 0.0 0.0
-5.3091 0.0 0.0
-5.2991 0.0 0.0
-5.2891 0.0 0.0
-5.2791 0.0 0.0
-5.2691 0.0 0.0
-5.2591 0.0 0.0
-5.2491 0.0 0.0
-5.2391 0.0 0.0
-5.2291 0.0 0.0
-5.2191 0.0 0.0
-5.2091 0.0 0.0
-5.1991 0.0 0.0
-5.1891 0.0 0.0
-5.1791 0.0 0.0
-5.1691 0.0 0.0
-5.1591 0.0 0.0
-5.1491 0.0 0.0
-5.1391 0.0 0.0
-5.1291 0.0 0.0
-5.1191 0.0 0.0
-5.1091 0.0 0.0
-5.0991 0.0 0.0
-5.0891 0.0 0.0
-5.0791 0.0 0.0
-5.0691 0.0 0.0
-5.0591 0.0 0.0
-5.0491 0.0 0.0
-5.0391 0.0 0.0
-5.0291 0.0 0.0
-5.0191 0.0 0.0
-5.0091 0.0 0.0
-4.9991 0.0 0.0
-4.9891 0.0 0.0
-4.9791 0.0 0.0
-4.9691 0.0 0.0
-4.9591 0.0 0.0
-4.9491 0.0 0.0
-4.9391 0.0 0.0
-4.9291 0.0 0.0
-4.9191 0.0 0.0
-4.9091 0.0 0.0
-4.8991 0.0 0.0
-4.8891 0.0 0.0
-4.8791 0.0 0.0
-4.8691 0.0 0.0
-4.8591 0.0 0.0
-4.8491 0.0 0.0
-4.8391 0.0 0.0
-4.8291 0.0 0.0
-4.8191 0.0 0.0
-4.8091 0.0 0.0
-4.7991 0.0 0.0
-4.7891 0.0 0.0
-4.7791 0.0 0.0
-4.7691 0.0 0.0
-4.7591 0.0 0.0
-4.7491 0.0 0.0
-4.7391 0.0 0.0
-4.7291 0.0 0.0
-4.7191 0.0 0.0
-4.7091 0.0 0.0
-4.6991 0.0 0.0
-4.6891 0.0 0.0
-4.6791 0.0 0.0
-4.6691 0.0 0.0
-4.6591 0.0 0.0
-4.6491 0.0 0.0
-4.6391 0.0 0.0
-4.6291 0.0 0.0
-4.6191 0.0 0.0
-4.6091 0.0 0.0
-4.5991 0.0 0.0
-4.5891 0.0 0.0
-4.5791 0.0 0.0
-4.5691 0.0 0.0
-4.5591 0.0 0.0
-4.5491 0.0 0.0
-4.5391 0.0 0.0
-4.5291 0.0 0.0
-4.5191 0.0 0.0
-4.5091 0.0 0.0
-4.4991 0.0 0.0
-4.4891 0.0 0.0
-4.4791 0.0 0.0
-4.4691 0.0 0.0
-4.4591 0.0 0.0
-4.4491 0.0 0.0
-4.4391 0.0 0.0
-4.4291 0.0 0.0
-4.4191 0.0 0.0
-4.4091 0.0 0.0
-4.3991 0.0 0.0
-4.3891 0.0 0.0
-4.3791 0.0 0.0
-4.3691 0.0 0.0
-4.3591 0.0 0.0
-4.3491 0.0 0.0
-4.3391 0.0 0.0
-4.3291 0.0 0.0
-4.3191 0.0 0.0
-4.3091 0.0 0.0
-4.2991 0.0 0.0
-4.2891 0.0 0.0
-4.2791 0.0 0.0
-4.2691 0.0 0.0
-4.2591 0.0 0.0
-4.2491 0.0 0.0
-4.2391 2.79e-11 2.8e-11
-4.2291 5.84e-11 5.86e-11
-4.2191 1.21e-10 1.22e-10
-4.2091 2.49e-10 2.49e-10
-4.1991 5.04e-10 5.06e-10
-4.1891 1.01e-09 1.02e-09
-4.1791 2.01e-09 2.02e-09
-4.1691 3.95e-09 3.96e-09
-4.1591 7.68e-09 7.7e-09
-4.1491 1.48e-08 1.48e-08
-4.1391 2.81e-08 2.82e-08
-4.1291 5.28e-08 5.3e-08
-4.1191 9.83e-08 9.86e-08
-4.1091 1.81e-07 1.81e-07
-4.0991 3.3e-07 3.31e-07
-4.0891 5.94e-07 5.96e-07
-4.0791 1.06e-06 1.06e-06
-4.0691 1.87e-06 1.87e-06
-4.0591 3.26e-06 3.27e-06
-4.0491 5.62e-06 5.63e-06
-4.0391 9.6e-06 9.62e-06
-4.0291 1.62e-05 1.62e-05
-4.0191 2.71e-05 2.71e-05
-4.0091 4.47e-05 4.48e-05
-3.9991 7.32e-05 7.33e-05
-3.9891 0.000118 0.000119
-3.9791 0.000189 0.00019
-3.9691 0.0003 0.0003
-3.9591 0.000469 0.00047
-3.9491 0.000727 0.000728
-3.9391 0.00111 0.00112
-3.9291 0.00169 0.00169
-3.9191 0.00253 0.00254
-3.9091 0.00375 0.00376
-3.8991 0.00551 0.00552
-3.8891 0.008 0.00801
-3.8791 0.0115 0.0115
-3.8691 0.0163 0.0163
-3.8591 0.0229 0.023
-3.8491 0.0319 0.0319
-3.8391 0.0439 0.0439
-3.8291 0.0597 0.0598
-3.8191 0.0803 0.0804
-3.8091 0.107 0.107
-3.7991 0.141 0.141
-3.7891 0.184 0.184
-3.7791 0.237 0.237
-3.7691 0.302 0.302
-3.7591 0.381 0.381
-3.7491 0.475 0.475
-3.7391 0.586 0.587
-3.7291 0.716 0.717
-3.7191 0.865 0.866
-3.7091 1.03 1.03
-3.6991 1.22 1.22
-3.6891 1.43 1.43
-3.6791 1.65 1.66
-3.6691 1.89 1.89
-3.6591 2.14 2.15
-3.6491 2.4 2.4
-3.6391 2.66 2.66
-3.6291 2.92 2.92
-3.6191 3.16 3.16
-3.6091 3.39 3.39
-3.5991 3.6 3.6
-3.5891 3.78 3.78
-3.5791 3.93 3.93
-3.5691 4.03 4.03
-3.5591 4.1 4.1
-3.5491 4.12 4.12
-3.5391 4.1 4.1
-3.5291 4.03 4.03
-3.5191 3.93 3.93
-3.5091 3.78 3.78
-3.4991 3.6 3.6
-3.4891 3.39 3.39
-3.4791 3.16 3.16
-3.4691 2.92 2.92
-3.4591 2.66 2.66
-3.4491 2.4 2.4
-3.4391 2.14 2.14
-3.4291 1.89 1.89
-3.4191 1.65 1.65
-3.4091 1.43 1.43
-3.3991 1.22 1.22
-3.3891 1.03 1.03
-3.3791 0.865 0.865
-3.3691 0.716 0.716
-3.3591 0.587 0.586
-3.3491 0.475 0.475
-3.3391 0.381 0.38
-3.3291 0.302 0.302
-3.3191 0.237 0.236
-3.3091 0.184 0.183
-3.2991 0.141 0.141
-3.2891 0.107 0.107
-3.2791 0.0803 0.0802
-3.2691 0.0597 0.0596
-3.2591 0.0439 0.0438
-3.2491 0.0319 0.0319
-3.2391 0.0229 0.0229
-3.2291 0.0163 0.0163
-3.2191 0.0115 0.0115
-3.2091 0.008 0.00799
-3.1991 0.00551 0.0055
-3.1891 0.00376 0.00375
-3.1791 0.00253 0.00253
-3.1691 0.00169 0.00169
-3.1591 0.00111 0.00111
-3.1491 0.000727 0.000726
-3.1391 0.000469 0.000468
-3.1291 0.0003 0.000299
-3.1191 0.000189 0.000189
-3.1091 0.000118 0.000118
-3.0991 7.32e-05 7.3e-05
-3.0891 4.48e-05 4.47e-05
-3.0791 2.71e-05 2.7e-05
-3.0691 1.62e-05 1.62e-05
-3.0591 9.6e-06 9.58e-06
-3.0491 5.63e-06 5.61e-06
-3.0391 3.26e-06 3.25e-06
-3.0291 1.87e-06 1.86e-06
-3.0191 1.06e-06 1.06e-06
-3.0091 5.95e-07 5.93e-07
-2.9991 3.3e-07 3.29e-07
-2.9891 1.81e-07 1.81e-07
-2.9791 9.84e-08 9.81e-08
-2.9691 5.29e-08 5.27e-08
-2.9591 2.81e-08 2.8e-08
-2.9491 1.48e-08 1.47e-08
-2.9391 7.68e-09 7.66e-09
-2.9291 3.95e-09 3.94e-09
-2.9191 2.01e-09 2.01e-09
-2.9091 1.01e-09 1.01e-09
-2.8991 5.05e-10 5.03e-10
-2.8891 2.49e-10 2.48e-10
-2.8791 1.21e-10 1.21e-10
-2.8691 5.85e-11 5.83e-11
-2.8591 2.79e-11 2.78e-11
-2.8491 0.0 0.0
-2.8391 0.0 0.0
-2.8291 0.0 0.0
-2.8191 0.0 0.0
-2.8091 0.0 0.0
-2.7991 0.0 0.0
-2.7891 0.0 0.0
-2.7791 0.0 0.0
-2.7691 0.0 0.0
-2.7591 0.0 0.0
-2.7491 0.0 0.0
-2.7391 0.0 0.0
-2.7291 0.0 0.0
-2.7191 0.0 0.0
-2.7091 0.0 0.0
-2.6991 0.0 0.0
-2.6891 0.0 0.0
-2.6791 0.0 0.0
-2.6691 0.0 0.0
-2.6591 0.0 0.0
-2.6491 0.0 0.0
-2.6391 0.0 0.0
-2.6291 0.0 0.0
-2.6191 0.0 0.0
-2.6091 0.0 0.0
-2.5991 0.0 0.0
-2.5891 0.0 0.0
-2.5791 0.0 0.0
-2.5691 0.0 0.0
-2.5591 0.0 0.0
-2.5491 0.0 0.0
-2.5391 0.0 0.0
-2.5291 0.0 0.0
-2.5191 0.0 0.0
-2.5091 0.0 0.0
-2.4991 0.0 0.0
-2.4891 0.0 0.0
-2.4791 0.0 0.0
-2.4691 0.0 0.0
-2.4591 0.0 0.0
-2.4491 0.0 0.0
-2.4391 0.0 0.0
-2.4291 0.0 0.0
-2.4191 0.0 0.0
-2.4091 0.0 0.0
-2.3991 0.0 0.0
-2.3891 0.0 0.0
-2.3791 0.0 0.0
-2.3691 0.0 0.0
-2.3591 0.0 0.0
-2.3491 0.0 0.0
-2.3391 0.0 0.0
-2.3291 0.0 0.0
-2.3191 0.0 0.0
-2.3091 0.0 0.0
-2.2991 0.0 0.0
-2.2891 0.0 0.0
-2.2791 0.0 0.0
-2.2691 0.0 0.0
-2.2591 0.0 0.0
-2.2491 0.0 0.0
-2.2391 0.0 0.0
-2.2291 0.0 0.0
-2.2191 0.0 0.0
-2.2091 0.0 0.0
-2.1991 0.0 0.0
-2.1891 0.0 0.0
-2.1791 0.0 0.0
-2.1691 0.0 0.0
-2.1591 0.0 0.0
-2.1491 0.0 0.0
-2.1391 0.0 0.0
-2.1291 0.0 0.0
-2.1191 0.0 0.0
-2.1091 0.0 0.0
-2.0991 0.0 0.0
-2.0891 0.0 0.0
-2.0791 0.0 0.0
-2.0691 0.0 0.0
-2.0591 0.0 0.0
-2.0491 0.0 0.0
-2.0391 0.0 0.0
-2.0291 0.0 0.0
-2.0191 0.0 0.0
-2.0091 0.0 0.0
-1.9991 0.0 0.0
-1.9891 0.0 0.0
-1.9791 0.0 0.0
-1.9691 0.0 0.0
-1.9591 0.0 0.0
-1.9491 0.0 0.0
-1.9391 0.0 0.0
-1.9291 0.0 0.0
-1.9191 0.0 0.0
-1.9091 0.0 0.0
-1.8991 0.0 0.0
-1.8891 0.0 0.0
-1.8791 0.0 0.0
-1.8691 0.0 0.0
-1.8591 0.0 0.0
-1.8491 0.0 0.0
-1.8391 0.0 0.0
-1.8291 0.0 0.0
-1.8191 0.0 0.0
-1.8091 0.0 0.0
-1.7991 0.0 0.0
-1.7891 0.0 0.0
-1.7791 0.0 0.0
-1.7691 0.0 0.0
-1.7591 0.0 0.0
-1.7491 0.0 0.0
-1.7391 0.0 0.0
-1.7291 0.0 0.0
-1.7191 0.0 0.0
-1.7091 0.0 0.0
-1.6991 0.0 0.0
-1.6891 0.0 0.0
-1.6791 0.0 0.0
-1.6691 0.0 0.0
-1.6591 0.0 0.0
-1.6491 0.0 0.0
-1.6391 0.0 0.0
-1.6291 0.0 0.0
-1.6191 0.0 0.0
-1.6091 0.0 0.0
-1.5991 0.0 0.0
-1.5891 0.0 0.0
-1.5791 0.0 0.0
-1.5691 0.0 0.0
-1.5591 0.0 0.0
-1.5491 0.0 0.0
-1.5391 0.0 0.0
-1.5291 0.0 0.0
-1.5191 0.0 0.0
-1.5091 0.0 0.0
-1.4991 0.0 0.0
-1.4891 0.0 0.0
-1.4791 0.0 0.0
-1.4691 0.0 0.0
-1.4591 0.0 0.0
-1.4491 0.0 0.0
-1.4391 0.0 0.0
-1.4291 0.0 0.0
-1.4191 0.0 0.0
-1.4091 0.0 0.0
-1.3991 0.0 0.0
-1.3891 0.0 0.0
-1.3791 0.0 0.0
-1.3691 0.0 0.0
-1.3591 0.0 0.0
-1.3491 0.0 0.0
-1.3391 0.0 0.0
-1.3291 0.0 0.0
-1.3191 0.0 0.0
-1.3091 0.0 0.0
-1.2991 0.0 0.0
-1.2891 0.0 0.0
-1.2791 0.0 0.0
-1.2691 0.0 0.0
-1.2591 0.0 0.0
-1.2491 0.0 0.0
-1.2391 0.0 0.0
-1.2291 0.0 0.0
-1.2191 0.0 0.0
-1.2091 0.0 0.0
-1.1991 0.0 0.0
-1.1891 0.0 0.0
-1.1791 0.0 0.0
-1.1691 0.0 0.0
-1.1591 0.0 0.0
-1.1491 0.0 0.0
-1.1391 0.0 0.0
-1.1291 0.0 0.0
-1.1191 0.0 0.0
-1.1091 0.0 0.0
-1.0991 0.0 0.0
-1.0891 0.0 0.0
-1.0791 0.0 0.0
-1.0691 0.0 0.0
-1.0591 0.0 0.0
-1.0491 0.0 0.0
-1.0391 0.0 0.0
-1.0291 0.0 0.0
-1.0191 0.0 0.0
-1.0091 0.0 0.0
-0.9991 0.0 0.0
-0.9891 0.0 0.0
-0.9791 0.0 0.0
-0.9691 0.0 0.0
-0.9591 0.0 0.0
-0.9491 0.0 0.0
-0.9391 0.0 0.0
-0.9291 0.0 0.0
-0.9191 0.0 0.0
-0.9091 0.0 0.0
-0.8991 0.0 0.0
-0.8891 0.0 0.0
-0.8791 0.0 0.0
-0.8691 0.0 0.0
-0.8591 0.0 0.0
-0.8491 0.0 0.0
-0.8391 0.0 0.0
-0.8291 0.0 0.0
-0.8191 0.0 0.0
-0.8091 0.0 0.0
-0.7991 0.0 0.0
-0.7891 0.0 0.0
-0.7791 0.0 0.0
-0.7691 0.0 0.0
-0.7591 0.0 0.0
-0.7491 0.0 0.0
-0.7391 0.0 0.0
-0.7291 0.0 0.0
-0.7191 0.0 0.0
-0.7091 0.0 0.0
-0.6991 0.0 0.0
-0.6891 0.0 0.0
-0.6791 0.0 0.0
-0.6691 0.0 0.0
-0.6591 0.0 0.0
-0.6491 0.0 0.0
-0.6391 0.0 0.0
-0.6291 0.0 0.0
-0.6191 0.0 0.0
-0.6091 0.0 0.0
-0.5991 0.0 0.0
-0.5891 0.0 0.0
-0.5791 0.0 0.0
-0.5691 0.0 0.0
-0.5591 0.0 0.0
-0.5491 0.0 0.0
-0.5391 0.0 0.0
-0.5291 0.0 0.0
-0.5191 0.0 0.0
-0.5091 0.0 0.0
-0.4991 0.0 0.0
-0.4891 0.0 0.0
-0.4791 0.0 0.0
-0.4691 0.0 0.0
-0.4591 0.0 0.0
-0.4491 0.0 0.0
-0.4391 0.0 0.0
-0.4291 0.0 0.0
-0.4191 0.0 0.0
-0.4091 0.0 0.0
-0.3991 0.0 0.0
-0.3891 0.0 0.0
-0.3791 0.0 0.0
-0.3691 0.0 0.0
-0.3591 0.0 0.0
-0.3491 0.0 0.0
-0.3391 0.0 0.0
-0.3291 0.0 0.0
-0.3191 0.0 0.0
-0.3091 0.0 0.0
-0.2991 0.0 0.0
-0.2891 0.0 0.0
-0.2791 0.0 0.0
-0.2691 0.0 0.0
-0.2591 0.0 0.0
-0.2491 0.0 0.0
-0.2391 0.0 0.0
-0.2291 0.0 0.0
-0.2191 0.0 0.0
-0.2091 0.0 0.0
-0.1991 0.0 0.0
-0.1891 0.0 0.0
-0.1791 0.0 0.0
-0.1691 0.0 0.0
-0.1591 0.0 0.0
-0.1491 0.0 0.0
-0.1391 0.0 0.0
-0.1291 0.0 0.0
-0.1191 0.0 0.0
-0.1091 0.0 0.0
-0.0991 0.0 0.0
-0.0891 0.0 0.0
-0.0791 0.0 0.0
-0.0691 0.0 0.0
-0.0591 0.0 0.0
-0.0491 0.0 0.0
-0.0391 0.0 0.0
-0.0291 0.0 0.0
-0.0191 0.0 0.0
-0.0091 0.0 0.0
0.0009 0.0 0.0
0.0109 0.0 0.0
0.0209 0.0 0.0
0.0309 0.0 0.0
0.0409 0.0 0.0
0.0509 0.0 0.0
0.0609 0.0 0.0
0.0709 0.0 0.0
0.0809 0.0 0.0
0.0909 0.0 0.0
0.1009 0.0 0.0
0.1109 0.0 0.0
0.1209 0.0 0.0
0.1309 0.0 0.0
0.1409 0.0 0.0
0.1509 0.0 0.0
0.1609 0.0 0.0
0.1709 0.0 0.0
0.1809 0.0 0.0
0.1909 0.0 0.0
0.2009 0.0 0.0
0.2109 0.0 0.0
0.2209 3.72e-12 3.7e-12
0.2309 7.81e-12 7.78e-12
0.2409 1.623e-11 1.617e-11
0.2509 3.34e-11 3.32e-11
0.2609 6.79e-11 6.76e-11
0.2709 1.365e-10 1.36e-10
0.2809 2.72e-10 2.71e-10
0.2909 5.35e-10 5.34e-10
0.3009 1.042e-09 1.038e-09
0.3109 2.012e-09 1.999e-09
0.3209 3.82e-09 3.82e-09
0.3309 7.22e-09 7.2e-09
0.3409 1.346e-08 1.343e-08
0.3509 2.48e-08 2.48e-08
0.3609 4.53e-08 4.53e-08
0.3709 8.19e-08 8.16e-08
0.3809 1.463e-07 1.459e-07
0.3909 2.58e-07 2.58e-07
0.4009 4.53e-07 4.51e-07
0.4109 7.82e-07 7.8e-07
0.4209 1.338e-06 1.334e-06
0.4309 2.269e-06 2.257e-06
0.4409 3.79e-06 3.79e-06
0.4509 6.28e-06 6.27e-06
0.4609 1.029e-05 1.026e-05
0.4709 1.668e-05 1.663e-05
0.4809 2.67e-05 2.67e-05
0.4909 4.24e-05 4.23e-05
0.5009 6.66e-05 6.64e-05
0.5109 0.0001033 0.0001031
0.5209 0.0001587 0.0001584
0.5309 0.000241 0.000241
0.5409 0.000362 0.000362
0.5509 0.000539 0.000537
0.5609 0.000792 0.00079
0.5709 0.001153 0.00115
0.5809 0.00166 0.001656
0.5909 0.00236 0.002359
0.6009 0.00332 0.00332
0.6109 0.00463 0.00463
0.6209 0.00639 0.00638
0.6309 0.00871 0.0087
0.6409 0.01176 0.01174
0.6509 0.01569 0.01567
0.6609 0.02068 0.02067
0.6709 0.027 0.027
0.6809 0.0349 0.0349
0.6909 0.0446 0.0446
0.7009 0.0565 0.0564
0.7109 0.0706 0.0706
0.7209 0.0873 0.0873
0.7309 0.1069 0.1068
0.7409 0.1295 0.1293
0.7509 0.1551 0.155
0.7609 0.184 0.184
0.7709 0.2153 0.2152
0.7809 0.25 0.25
0.7909 0.286 0.286
0.8009 0.325 0.325
0.8109 0.365 0.365
0.8209 0.405 0.405
0.8309 0.446 0.446
0.8409 0.484 0.484
0.8509 0.52 0.52
0.8609 0.554 0.553
0.8709 0.582 0.582
0.8809 0.606 0.606
0.8909 0.625 0.624
0.9009 0.636 0.635
0.9109 0.641 0.641
0.9209 0.639 0.639
0.9309 0.63 0.63
0.9409 0.615 0.615
0.9509 0.593 0.593
0.9609 0.566 0.566
0.9709 0.534 0.535
0.9809 0.499 0.499
0.9909 0.461 0.462
1.0009 0.422 0.422
1.0109 0.382 0.382
1.0209 0.341 0.341
1.0309 0.303 0.303
1.0409 0.265 0.265
1.0509 0.2291 0.2292
1.0609 0.1964 0.1964
1.0709 0.1665 0.1667
1.0809 0.1396 0.1398
1.0909 0.1159 0.1159
1.1009 0.0951 0.0952
1.1109 0.0772 0.0773
1.1209 0.062 0.062
1.1309 0.0492 0.0493
1.1409 0.0387 0.0387
1.1509 0.0301 0.0301
1.1609 0.0231 0.02322
1.1709 0.01758 0.01759
1.1809 0.01326 0.01327
1.1909 0.00987 0.00988
1.2009 0.00727 0.00728
1.2109 0.0053 0.0053
1.2209 0.00382 0.00382
1.2309 0.00272 0.00272
1.2409 0.001925 0.001927
1.2509 0.001341 0.001343
1.2609 0.000926 0.000928
1.2709 0.000632 0.000634
1.2809 0.000427 0.000428
1.2909 0.000286 0.000286
1.3009 0.0001891 0.0001893
1.3109 0.0001235 0.0001238
1.3209 7.99e-05 8.01e-05
1.3309 5.11e-05 5.13e-05
1.3409 3.24e-05 3.24e-05
1.3509 2.03e-05 2.032e-05
1.3609 1.257e-05 1.26e-05
1.3709 7.71e-06 7.73e-06
1.3809 4.67e-06 4.68e-06
1.3909 2.81e-06 2.81e-06
1.4009 1.663e-06 1.668e-06
1.4109 9.76e-07 9.79e-07
1.4209 5.67e-07 5.68e-07
1.4309 3.26e-07 3.27e-07
1.4409 1.856e-07 1.859e-07
1.4509 1.042e-07 1.045e-07
1.4609 5.79e-08 5.81e-08
1.4709 3.19e-08 3.2e-08
1.4809 1.737e-08 1.739e-08
1.4909 9.35e-09 9.37e-09
1.5009 4.98e-09 4.99e-09
1.5109 2.62e-09 2.63e-09
1.5209 1.367e-09 1.372e-09
1.5309 7.05e-10 7.07e-10
1.5409 3.6e-10 3.61e-10
1.5509 1.811e-10 1.823e-10
1.5609 9.06e-11 9.09e-11
1.5709 5.9e-11 5.92e-11
1.5809 5.157e-11 5.19e-11
1.5909 7.193e-11 7.245e-11
1.6009 1.3012e-10 1.3113e-10
1.6109 2.54e-10 2.56e-10
1.6209 5.08000000001e-10 5.12000000001e-10
1.6309 1.01e-09 1.01e-09
1.6409 1.97e-09 1.99e-09
1.6509 3.82e-09 3.85000000001e-09
1.6609 7.32000000001e-09 7.37000000001e-09
1.6709 1.39e-08 1.4e-08
1.6809 2.6e-08 2.62e-08
1.6909 4.83000000001e-08 4.86000000001e-08
1.7009 8.87000000001e-08 8.93000000002e-08
1.7109 1.61e-07 1.62e-07
1.7209 2.89e-07 2.91000000001e-07
1.7309 5.14000000001e-07 5.17000000001e-07
1.7409 9.04000000001e-07 9.10000000002e-07
1.7509 1.57e-06 1.58e-06
1.7609 2.7e-06 2.72e-06
1.7709 4.60000000001e-06 4.63000000001e-06
1.7809 7.75000000001e-06 7.80000000001e-06
1.7909 1.29e-05 1.3e-05
1.8009 2.13e-05 2.14e-05
1.8109 3.47e-05 3.49000000001e-05
1.8209 5.59000000001e-05 5.62000000001e-05
1.8309 8.92000000001e-05 8.97000000002e-05
1.8409 0.000141 0.000141
1.8509 0.00022 0.000221
1.8609 0.000339 0.000341000000001
1.8709 0.000518000000001 0.000521000000001
1.8809 0.000783000000001 0.000787000000001
1.8909 0.00117 0.00118
1.9009 0.00173 0.00174
1.9109 0.00253 0.00255
1.9209 0.00367 0.00368000000001
1.9309 0.00525000000001 0.00527000000001
1.9409 0.00744000000001 0.00747000000001
1.9509 0.0104 0.0105
1.9609 0.0145 0.0145
1.9709 0.0198 0.0199
1.9809 0.0269 0.027
1.9909 0.0361 0.0362000000001
2.0009 0.0479000000001 0.0481000000001
2.0109 0.0629000000001 0.0631000000001
2.0209 0.0817000000001 0.0820000000002
2.0309 0.105 0.105
2.0409 0.134 0.134
2.0509 0.168 0.168
2.0609 0.209 0.209
2.0709 0.257 0.258
2.0809 0.313 0.314000000001
2.0909 0.377 0.378000000001
2.1009 0.450000000001 0.450000000001
2.1109 0.530000000001 0.531000000001
2.1209 0.618000000001 0.619000000001
2.1309 0.713000000001 0.714000000001
2.1409 0.813000000001 0.815000000001
2.1509 0.918000000001 0.920000000002
2.1609 1.03 1.03
2.1709 1.13 1.13
2.1809 1.24 1.24
2.1909 1.34 1.34
2.2009 1.43 1.43
2.2109 1.52 1.52
2.2209 1.59 1.59
2.2309 1.64 1.64
2.2409 1.68 1.68
2.2509 1.7 1.7
2.2609 1.71 1.71
2.2709 1.69 1.69
2.2809 1.66 1.66
2.2909 1.61 1.61
2.3009 1.55 1.55
2.3109 1.47 1.47
2.3209 1.38 1.38
2.3309 1.28 1.28
2.3409 1.18 1.18
2.3509 1.07 1.07
2.3609 0.966000000001 0.965000000002
2.3709 0.860000000001 0.859000000002
2.3809 0.757000000001 0.756000000001
2.3909 0.660000000001 0.659000000001
2.4009 0.569000000001 0.568000000001
2.4109 0.485000000001 0.484000000001
2.4209 0.409000000001 0.408000000001
2.4309 0.341 0.340000000001
2.4409 0.281 0.281000000001
2.4509 0.23 0.229
2.4609 0.186 0.185
2.4709 0.148 0.148
2.4809 0.117 0.117
2.4909 0.0916000000001 0.0913000000002
2.5009 0.0708000000001 0.0706000000001
2.5109 0.0542000000001 0.0540000000001
2.5209 0.0410000000001 0.0409000000001
2.5309 0.0307 0.0306000000001
2.5409 0.0228 0.0227
2.5509 0.0167 0.0166
2.5609 0.0121 0.012
2.5709 0.00867000000001 0.00864000000002
2.5809 0.00615000000001 0.00613000000001
2.5909 0.00432000000001 0.00430000000001
2.6009 0.003 0.00298000000001
2.6109 0.00206 0.00205
2.6209 0.0014 0.00139
2.6309 0.000940000000001 0.000936000000002
2.6409 0.000625000000001 0.000622000000001
2.6509 0.000411000000001 0.000409000000001
2.6609 0.000267 0.000266
2.6709 0.000172 0.000171
2.6809 0.00011 0.000109
2.6909 6.91000000001e-05 6.87000000001e-05
2.7009 4.30000000001e-05 4.28000000001e-05
2.7109 2.65e-05 2.64e-05
2.7209 1.62e-05 1.61e-05
2.7309 9.760000648e-06 9.700000646e-06
2.7409 5.82000136e-06 5.79000136e-06
2.7509 3.44000282e-06 3.42000281e-06
2.7609 2.01000579e-06 2.00000577e-06
2.7709 1.1600118e-06 1.1500117e-06
2.7809 6.630236e-07 6.590236e-07
2.7909 3.750469e-07 3.730468e-07
2.8009 2.100923e-07 2.09092e-07
2.8109 1.16179e-07 1.16179e-07
2.8209 6.4645e-08 6.4144e-08
2.8309 3.6457e-08 3.6255e-08
2.8409 2.234e-08 2.223e-08
2.8509 1.71e-08 1.7e-08
2.8609 1.865e-08 1.853e-08
2.8709 2.724e-08 2.722e-08
2.8809 4.58e-08 4.56e-08
2.8909 7.98e-08 7.96e-08
2.9009 1.4e-07 1.396e-07
2.9109 2.437e-07 2.435e-07
2.9209 4.21e-07 4.2e-07
2.9309 7.19e-07 7.18e-07
2.9409 1.215e-06 1.212e-06
2.9509 2.029e-06 2.027e-06
2.9609 3.36e-06 3.35e-06
2.9709 5.5e-06 5.48e-06
2.9809 8.9e-06 8.87e-06
2.9909 1.425e-05 1.421e-05
3.0009 2.26e-05 2.248e-05
3.0109 3.53e-05 3.53e-05
3.0209 5.48e-05 5.47e-05
3.0309 8.4e-05 8.38e-05
3.0409 0.0001275 0.0001271
3.0509 0.0001912 0.000191
3.0609 0.0002844 0.0002831
3.0709 0.000417 0.000416
3.0809 0.000606 0.000604
3.0909 0.000871 0.000868
3.1009 0.001239 0.001234
3.1109 0.001738 0.001736
3.1209 0.002422 0.00242
3.1309 0.00334 0.00333
3.1409 0.00454 0.00452
3.1509 0.00611 0.0061
3.1609 0.00815 0.00813
3.1709 0.01074 0.01071
3.1809 0.01401 0.01396
3.1909 0.01808 0.01797
3.2009 0.02305 0.02303
3.2109 0.02916 0.02903
3.2209 0.0363 0.0362
3.2309 0.0449 0.0448
3.2409 0.0549 0.0547
3.2509 0.0664 0.0661
3.2609 0.0794 0.0791
3.2709 0.0939 0.0937
3.2809 0.1099 0.1096
3.2909 0.1272 0.1269
3.3009 0.1458 0.1453
3.3109 0.165 0.1648
3.3209 0.1852 0.1851
3.3309 0.2056 0.2044
3.3409 0.2249 0.2246
3.3509 0.2449 0.2437
3.3609 0.2625 0.2613
3.3709 0.2787 0.2774
3.3809 0.2931 0.2918
3.3909 0.3047 0.3034
3.4009 0.3124 0.3121
3.4109 0.318 0.3168
3.4209 0.32 0.319
3.4309 0.318 0.3179
3.4409 0.3137 0.3124
3.4509 0.3062 0.3049
3.4609 0.2947 0.2934
3.4709 0.2814 0.2801
3.4809 0.2654 0.2641
3.4909 0.2478 0.2466
3.5009 0.2289 0.2276
3.5109 0.2087 0.2085
3.5209 0.1894 0.1892
3.5309 0.1702 0.169
3.5409 0.1512 0.1511
3.5509 0.1333 0.1329
3.5609 0.1168 0.1165
3.5709 0.102 0.1017
3.5809 0.0889 0.0886
3.5909 0.0777 0.0775
3.6009 0.0684 0.0683
3.6109 0.0611 0.061
3.6209 0.0557 0.0556
3.6309 0.0521 0.0519
3.6409 0.0502 0.0501
3.6509 0.0499 0.0498
3.6609 0.0511 0.0509
3.6709 0.0535 0.0533
3.6809 0.0568 0.0568
3.6909 0.0613 0.0611
3.7009 0.0662 0.0662
3.7109 0.0716 0.0716
3.7209 0.0772 0.0772
3.7309 0.0829 0.0829
3.7409 0.0883 0.0883
3.7509 0.0934 0.0932
3.7609 0.0977 0.0977
3.7709 0.1013 0.1013
3.7809 0.104 0.1039
3.7909 0.1056 0.1055
3.8009 0.1061 0.1061
3.8109 0.1056 0.1056
3.8209 0.104 0.1039
3.8309 0.1012 0.1011
3.8409 0.0975 0.0975
3.8509 0.0929 0.0929
3.8609 0.0876 0.0876
3.8709 0.0816 0.0816
3.8809 0.0754 0.0754
3.8909 0.0687 0.0687
3.9009 0.0621 0.0621
3.9109 0.0555 0.0555
3.9209 0.049 0.04899
3.9309 0.04286 0.04286
3.9409 0.03701 0.037
3.9509 0.03163 0.03173
3.9609 0.02686 0.02686
3.9709 0.02249 0.02248
3.9809 0.01862 0.01861
3.9909 0.01524 0.01524
4.0009 0.01234 0.01235
4.0109 0.0099 0.0099
4.0209 0.00785 0.00785
4.0309 0.00616 0.00616
4.0409 0.004775 0.004775
4.0509 0.003674 0.003673
4.0609 0.002787 0.002787
4.0709 0.002099 0.002099
4.0809 0.001561 0.001561
4.0909 0.001145 0.001145
4.1009 0.000832 0.000833
4.1109 0.000599 0.0006
4.1209 0.0004263 0.0004273
4.1309 0.0003001 0.0003011
4.1409 0.0002088 0.0002098
4.1509 0.0001438 0.0001438
4.1609 9.84e-05 9.84e-05
4.1709 6.64e-05 6.64e-05
4.1809 4.425e-05 4.425e-05
4.1909 2.924e-05 2.924e-05
4.2009 1.911e-05 1.911e-05
4.2109 1.231e-05 1.233e-05
4.2209 7.87e-06 7.87e-06
4.2309 4.975e-06 4.975e-06
4.2409 3.112e-06 3.112e-06
4.2509 1.925e-06 1.925e-06
4.2609 1.177e-06 1.179e-06
4.2709 7.13e-07 7.14e-07
4.2809 4.274e-07 4.274e-07
4.2909 2.526e-07 2.536e-07
4.3009 1.486e-07 1.487e-07
4.3109 8.6e-08 8.61e-08
4.3209 4.925e-08 4.936e-08
4.3309 2.799e-08 2.8e-08
4.3409 1.574e-08 1.574e-08
4.3509 8.71e-09 8.73e-09
4.3609 4.787e-09 4.798e-09
4.3709 2.6e-09 2.611e-09
4.3809 1.4e-09 1.4e-09
4.3909 7.44e-10 7.45e-10
4.4009 3.913e-10 3.924e-10
4.4109 2.039e-10 2.04e-10
4.4209 1.057e-10 1.059e-10
4.4309 5.52e-11 5.53e-11
4.4409 3.048e-11 3.045e-11
4.4509 2.058e-11 2.052e-11
4.4609 2.085e-11 2.063e-11
4.4709 3.1e-11 3.07e-11
4.4809 5.54e-11 5.47e-11
4.4909 1.036e-10 1.024e-10
4.5009 1.947e-10 1.924e-10
4.5109 3.64e-10 3.61e-10
4.5209 6.75e-10 6.68e-10
4.5309 1.237e-09 1.226e-09
4.5409 2.24e-09 2.22e-09
4.5509 4.03e-09 3.99e-09
4.5609 7.13e-09 7.08e-09
4.5709 1.253e-08 1.243e-08
4.5809 2.17e-08 2.16e-08
4.5909 3.74e-08 3.71e-08
4.6009 6.35e-08 6.32e-08
4.6109 1.068e-07 1.063e-07
4.6209 1.777e-07 1.769e-07
4.6309 2.92e-07 2.91e-07
4.6409 4.77e-07 4.75e-07
4.6509 7.67e-07 7.64e-07
4.6609 1.222e-06 1.219e-06
4.6709 1.927e-06 1.922e-06
4.6809 3.01e-06 3e-06
4.6909 4.63e-06 4.63e-06
4.7009 7.07e-06 7.07e-06
4.7109 1.069e-05 1.068e-05
4.7209 1.595e-05 1.596e-05
4.7309 2.36e-05 2.36e-05
4.7409 3.44e-05 3.45e-05
4.7509 4.98e-05 4.99e-05
4.7609 7.13e-05 7.14e-05
4.7709 0.0001009 0.0001012
4.7809 0.0001413 0.0001419
4.7909 0.0001962 0.0001961
4.8009 0.000268 0.000269
4.8109 0.000364 0.000366
4.8209 0.000487 0.00049
4.8309 0.000647 0.000651
4.8409 0.000849 0.000855
4.8509 0.001102 0.00111
4.8609 0.001416 0.001426
4.8709 0.001799 0.001814
4.8809 0.00226 0.00228
4.8909 0.00281 0.00284
4.9009 0.00346 0.00349
4.9109 0.00421 0.00425
4.9209 0.00507 0.00513
4.9309 0.00603 0.00611
4.9409 0.00712 0.00719
4.9509 0.00829 0.00839
4.9609 0.00956 0.00968
4.9709 0.0109 0.01105
4.9809 0.0123 0.01247
4.9909 0.01373 0.01393
5.0009 0.01516 0.01539
5.0109 0.01656 0.01683
5.0209 0.0179 0.0182
5.0309 0.01914 0.01945
5.0409 0.02028 0.0206
5.0509 0.0212 0.0216
5.0609 0.0219 0.0223
5.0709 0.0224 0.0229
5.0809 0.0228 0.0231
5.0909 0.0228 0.0233
5.1009 0.0226 0.0231
5.1109 0.0222 0.0227
5.1209 0.0215 0.0219
5.1309 0.02064 0.0211
5.1409 0.01954 0.02001
5.1509 0.01838 0.01881
5.1609 0.01707 0.01748
5.1709 0.01569 0.01607
5.1809 0.01427 0.01463
5.1909 0.01284 0.01316
5.2009 0.01142 0.01171
5.2109 0.01005 0.01032
5.2209 0.00876 0.00899
5.2309 0.00754 0.00775
5.2409 0.00643 0.00661
5.2509 0.00541 0.00557
5.2609 0.00452 0.00465
5.2709 0.00373 0.00384
5.2809 0.00304 0.00313
5.2909 0.00245 0.00253
5.3009 0.001965 0.00202
5.3109 0.001549 0.001599
5.3209 0.001211 0.00125
5.3309 0.000937 0.000968
5.3409 0.000717 0.00074
5.3509 0.000542 0.000561
5.3609 0.000405 0.00042
5.3709 0.0003 0.000311
5.3809 0.00022 0.000228
5.3909 0.0001595 0.0001652
5.4009 0.0001143 0.0001185
5.4109 8.11e-05 8.41e-05
5.4209 5.69e-05 5.9e-05
5.4309 3.95e-05 4.1e-05
5.4409 2.71e-05 2.82e-05
5.4509 1.841e-05 1.914e-05
5.4609 1.237e-05 1.287e-05
5.4709 8.22e-06 8.56e-06
5.4809 5.41e-06 5.63e-06
5.4909 3.52e-06 3.67e-06
5.5009 2.26e-06 2.36e-06
