-55.332 1.66e-07 0
-55.322 2.69e-07 0
-55.312 4.31e-07 0
-55.302 6.85e-07 0
-55.292 1.073e-06 0
-55.282 1.667e-06 0
-55.272 2.559e-06 0
-55.262 3.888e-06 0
-55.252 5.85e-06 0
-55.242 8.69e-06 0
-55.232 1.278e-05 0
-55.222 1.86e-05 0
-55.212 2.678e-05 0
-55.202 3.814e-05 0
-55.192 5.38e-05 0
-55.182 7.5e-05 0
-55.172 0.0001033 0
-55.162 0.0001411 0
-55.152 0.0001904 0
-55.142 0.0002544 0
-55.132 0.0003361 0
-55.122 0.00044 0
-55.112 0.00057 0
-55.102 0.000729 0
-55.092 0.000922 0
-55.082 0.001156 0
-55.072 0.001436 0
-55.062 0.001762 0
-55.052 0.002142 0
-55.042 0.002577 0
-55.032 0.003069 0
-55.022 0.003618 0
-55.012 0.00422 0
-55.002 0.00489 0
-54.992 0.0056 0
-54.982 0.00636 0
-54.972 0.00715 0
-54.962 0.00798 0
-54.952 0.00883 0
-54.942 0.00968 0
-54.932 0.01056 0
-54.922 0.01141 0
-54.912 0.01227 0
-54.902 0.01311 0
-54.892 0.01395 0
-54.882 0.01476 0
-54.872 0.01557 0
-54.862 0.01634 0
-54.852 0.01711 0
-54.842 0.01786 0
-54.832 0.0186 0
-54.822 0.01934 0
-54.812 0.02005 0
-54.802 0.02073 0
-54.792 0.02141 0
-54.782 0.02201 0
-54.772 0.02258 0
-54.762 0.02307 0
-54.752 0.02346 0
-54.742 0.02375 0
-54.732 0.02391 0
-54.722 0.02393 0
-54.712 0.02379 0
-54.702 0.02349 0
-54.692 0.02302 0
-54.682 0.02239 0
-54.672 0.0216 0
-54.662 0.02067 0
-54.652 0.01962 0
-54.642 0.01844 0
-54.632 0.0172 0
-54.622 0.0159 0
-54.612 0.01456 0
-54.602 0.0132 0
-54.592 0.01188 0
-54.582 0.0106 0
-54.572 0.0094 0
-54.562 0.00825 0
-54.552 0.0072 0
-54.542 0.00628 0
-54.532 0.00544 0
-54.522 0.00474 0
-54.512 0.004139 0
-54.502 0.003675 0
-54.492 0.003325 0
-54.482 0.003096 0
-54.472 0.002987 0
-54.462 0.002995 0
-54.452 0.003123 0
-54.442 0.003366 0
-54.432 0.003725 0
-54.422 0.004196 0
-54.412 0.00479 0
-54.402 0.00548 0
-54.392 0.0063 0
-54.382 0.00719 0
-54.372 0.00821 0
-54.362 0.0093 0
-54.352 0.01046 0
-54.342 0.0117 0
-54.332 0.01298 0
-54.322 0.0143 0
-54.312 0.01562 0
-54.302 0.01695 0
-54.292 0.01823 0
-54.282 0.01948 0
-54.272 0.02067 0
-54.262 0.02177 0
-54.252 0.02278 0
-54.242 0.02367 0
-54.232 0.02444 0
-54.222 0.02507 0
-54.212 0.02558 0
-54.202 0.02595 0
-54.192 0.02619 0
-54.182 0.02629 0
-54.172 0.02628 0
-54.162 0.02616 0
-54.152 0.02592 0
-54.142 0.0256 0
-54.132 0.02518 0
-54.122 0.02469 0
-54.112 0.02415 0
-54.102 0.02356 0
-54.092 0.0229 0
-54.082 0.02223 0
-54.072 0.02152 0
-54.062 0.02078 0
-54.052 0.02002 0
-54.042 0.01925 0
-54.032 0.01846 0
-54.022 0.01765 0
-54.012 0.01683 0
-54.002 0.01602 0
-53.992 0.01519 0
-53.982 0.01435 0
-53.972 0.0135 0
-53.962 0.01264 0
-53.952 0.0118 0
-53.942 0.01095 0
-53.932 0.01012 0
-53.922 0.00928 0
-53.912 0.00847 0
-53.902 0.00769 0
-53.892 0.00692 0
-53.882 0.00618 0
-53.872 0.0055 0
-53.862 0.00484 0
-53.852 0.00424 0
-53.842 0.003683 0
-53.832 0.003169 0
-53.822 0.002707 0
-53.812 0.00229 0
-53.802 0.001922 0
-53.792 0.0016 0
-53.782 0.001319 0
-53.772 0.001078 0
-53.762 0.000872 0
-53.752 0.0007 0
-53.742 0.000556 0
-53.732 0.0004377 0
-53.722 0.0003422 0
-53.712 0.000264 0
-53.702 0.000202 0
-53.692 0.0001531 0
-53.682 0.0001149 0
-53.672 8.53e-05 0
-53.662 6.28e-05 0
-53.652 4.585e-05 0
-53.642 3.302e-05 0
-53.632 2.362e-05 0
-53.622 1.67e-05 0
-53.612 1.17e-05 0
-53.602 8.13e-06 0
-53.592 5.57e-06 0
-53.582 3.793e-06 0
-53.572 2.55e-06 0
-53.562 1.699e-06 0
-53.552 1.121e-06 0
-53.542 7.32e-07 0
-53.532 4.738e-07 0
-53.522 3.024e-07 0
-53.512 1.918e-07 0
-53.502 1.203e-07 0
-53.492 7.47e-08 0
-53.482 4.584e-08 0
-53.472 2.79e-08 0
-53.462 1.681e-08 0
-53.452 1.001e-08 0
-53.442 5.907e-09 0
-53.432 3.447e-09 0
-53.422 1.994e-09 0
-53.412 1.14e-09 0
-53.402 6.466e-10 0
-53.392 3.623e-10 0
-53.382 2.008e-10 0
-53.372 1.102e-10 0
-53.362 5.988e-11 0
-53.352 3.222e-11 0
-53.342 1.714e-11 0
-53.332 9.04e-12 0
-53.322 4.706e-12 0
-53.312 2.423e-12 0
-53.302 1.239e-12 0
-53.292 6.237e-13 0
-53.282 3.1e-13 0
-53.272 1.481e-13 0
-53.262 6.931e-14 0
-53.252 3.234e-14 0
-53.242 1.2755e-14 0
-53.232 5.15e-15 0
-53.222 2.015e-15 0
-53.212 5.451e-17 0
-53.202 0.0 0
-53.192 0.0 0
-53.182 0.0 0
-53.172 0.0 0
-53.162 0.0 0
-53.152 0.0 0
-53.142 0.0 0
-53.132 0.0 0
-53.122 0.0 0
-53.112 0.0 0
-53.102 0.0 0
-53.092 0.0 0
-53.082 0.0 0
-53.072 0.0 0
-53.062 0.0 0
-53.052 0.0 0
-53.042 0.0 0
-53.032 0.0 0
-53.022 0.0 0
-53.012 0.0 0
-53.002 0.0 0
-52.992 0.0 0
-52.982 0.0 0
-52.972 0.0 0
-52.962 0.0 0
-52.952 0.0 0
-52.942 0.0 0
-52.932 0.0 0
-52.922 0.0 0
-52.912 0.0 0
-52.902 0.0 0
-52.892 0.0 0
-52.882 0.0 0
-52.872 0.0 0
-52.862 0.0 0
-52.852 0.0 0
-52.842 0.0 0
-52.832 0.0 0
-52.822 0.0 0
-52.812 0.0 0
-52.802 0.0 0
-52.792 0.0 0
-52.782 0.0 0
-52.772 0.0 0
-52.762 0.0 0
-52.752 0.0 0
-52.742 0.0 0
-52.732 0.0 0
-52.722 0.0 0
-52.712 0.0 0
-52.702 0.0 0
-52.692 0.0 0
-52.682 0.0 0
-52.672 0.0 0
-52.662 0.0 0
-52.652 0.0 0
-52.642 0.0 0
-52.632 0.0 0
-52.622 0.0 0
-52.612 0.0 0
-52.602 0.0 0
-52.592 0.0 0
-52.582 0.0 0
-52.572 0.0 0
-52.562 0.0 0
-52.552 0.0 0
-52.542 0.0 0
-52.532 0.0 0
-52.522 0.0 -2.964e-17
-52.512 0.0 -2.423e-16
-52.502 0.0 -8.236e-16
-52.492 0.0 -1.973e-15
-52.482 0.0 -5.087e-15
-52.472 0.0 -1.119e-14
-52.462 0.0 -2.308e-14
-52.452 0.0 -4.672e-14
-52.442 0.0 -9.39e-14
-52.432 0.0 -1.861e-13
-52.422 0.0 -3.638e-13
-52.412 0.0 -7.03e-13
-52.402 0.0 -1.346e-12
-52.392 0.0 -2.55e-12
-52.382 0.0 -4.777e-12
-52.372 0.0 -8.85e-12
-52.362 0.0 -1.623e-11
-52.352 0.0 -2.949e-11
-52.342 0.0 -5.304e-11
-52.332 0.0 -9.41e-11
-52.322 0.0 -1.657e-10
-52.312 0.0 -2.884e-10
-52.302 0.0 -4.969e-10
-52.292 0.0 -8.48e-10
-52.282 0.0 -1.431e-09
-52.272 0.0 -2.392e-09
-52.262 0.0 -3.957e-09
-52.252 0.0 -6.471e-09
-52.242 0.0 -1.048e-08
-52.232 0.0 -1.682e-08
-52.222 0.0 -2.667e-08
-52.212 0.0 -4.195e-08
-52.202 0.0 -6.515e-08
-52.192 0.0 -1.003e-07
-52.182 0.0 -1.528e-07
-52.172 0.0 -2.305e-07
-52.162 0.0 -3.445e-07
-52.152 0.0 -5.084e-07
-52.142 0.0 -7.44e-07
-52.132 0.0 -1.079e-06
-52.122 0.0 -1.548e-06
-52.112 0.0 -2.199e-06
-52.102 0.0 -3.093e-06
-52.092 0.0 -4.318e-06
-52.082 0.0 -5.949e-06
-52.072 0.0 -8.14e-06
-52.062 0.0 -1.101e-05
-52.052 0.0 -1.477e-05
-52.042 0.0 -1.965e-05
-52.032 0.0 -2.588e-05
-52.022 0.0 -3.376e-05
-52.012 0.0 -4.376e-05
-52.002 0.0 -5.616e-05
-51.992 0.0 -7.14e-05
-51.982 0.0 -9.02e-05
-51.972 0.0 -0.0001131
-51.962 0.0 -0.0001407
-51.952 0.0 -0.0001737
-51.942 0.0 -0.0002131
-51.932 0.0 -0.0002597
-51.922 0.0 -0.0003152
-51.912 0.0 -0.0003789
-51.902 0.0 -0.0004543
-51.892 0.0 -0.0005423
-51.882 0.0 -0.000643
-51.872 0.0 -0.000762
-51.862 0.0 -0.000897
-51.852 0.0 -0.001055
-51.842 0.0 -0.001235
-51.832 0.0 -0.001445
-51.822 0.0 -0.001686
-51.812 0.0 -0.001961
-51.802 0.0 -0.002279
-51.792 0.0 -0.002641
-51.782 0.0 -0.003057
-51.772 0.0 -0.003525
-51.762 0.0 -0.004061
-51.752 0.0 -0.00467
-51.742 0.0 -0.00535
-51.732 0.0 -0.00614
-51.722 0.0 -0.00701
-51.712 0.0 -0.00797
-51.702 0.0 -0.00905
-51.692 0.0 -0.01023
-51.682 0.0 -0.01154
-51.672 0.0 -0.01297
-51.662 0.0 -0.01453
-51.652 0.0 -0.01622
-51.642 0.0 -0.01803
-51.632 0.0 -0.01997
-51.622 0.0 -0.02203
-51.612 0.0 -0.0242
-51.602 0.0 -0.02648
-51.592 0.0 -0.02886
-51.582 0.0 -0.03129
-51.572 0.0 -0.03378
-51.562 0.0 -0.03631
-51.552 0.0 -0.03883
-51.542 0.0 -0.0414
-51.532 0.0 -0.0437
-51.522 0.0 -0.0461
-51.512 0.0 -0.0483
-51.502 0.0 -0.0503
-51.492 0.0 -0.0522
-51.482 0.0 -0.0537
-51.472 0.0 -0.0551
-51.462 0.0 -0.0561
-51.452 0.0 -0.0568
-51.442 0.0 -0.0571
-51.432 0.0 -0.057
-51.422 0.0 -0.0567
-51.412 0.0 -0.056
-51.402 0.0 -0.0549
-51.392 0.0 -0.0535
-51.382 0.0 -0.052
-51.372 0.0 -0.0501
-51.362 0.0 -0.0479
-51.352 0.0 -0.0455
-51.342 0.0 -0.043
-51.332 0.0 -0.04044
-51.322 0.0 -0.03773
-51.312 0.0 -0.03503
-51.302 0.0 -0.03231
-51.292 0.0 -0.02965
-51.282 0.0 -0.02704
-51.272 0.0 -0.02454
-51.262 0.0 -0.02214
-51.252 0.0 -0.01986
-51.242 0.0 -0.01772
-51.232 0.0 -0.01573
-51.222 0.0 -0.01388
-51.212 0.0 -0.01219
-51.202 0.0 -0.01064
-51.192 0.0 -0.00926
-51.182 0.0 -0.00799
-51.172 0.0 -0.00687
-51.162 0.0 -0.00587
-51.152 0.0 -0.00498
-51.142 0.0 -0.004213
-51.132 0.0 -0.003535
-51.122 0.0 -0.002945
-51.112 0.0 -0.00244
-51.102 0.0 -0.002009
-51.092 0.0 -0.001641
-51.082 0.0 -0.001331
-51.072 0.0 -0.001071
-51.062 0.0 -0.000856
-51.052 0.0 -0.00068
-51.042 0.0 -0.000534
-51.032 0.0 -0.0004169
-51.022 0.0 -0.0003227
-51.012 0.0 -0.0002474
-51.002 0.0 -0.0001883
-50.992 0.0 -0.0001419
-50.982 0.0 -0.0001059
-50.972 0.0 -7.85e-05
-50.962 0.0 -5.75e-05
-50.952 0.0 -4.185e-05
-50.942 0.0 -3.011e-05
-50.932 0.0 -2.147e-05
-50.922 0.0 -1.516e-05
-50.912 0.0 -1.061e-05
-50.902 0.0 -7.34e-06
-50.892 0.0 -5.036e-06
-50.882 0.0 -3.416e-06
-50.872 0.0 -2.298e-06
-50.862 0.0 -1.53e-06
-50.852 0.0 -1.008e-06
-50.842 0.0 -6.58e-07
-50.832 0.0 -4.244e-07
-50.822 0.0 -2.713e-07
-50.812 0.0 -1.719e-07
-50.802 0.0 -1.076e-07
-50.792 0.0 -6.67e-08
-50.782 0.0 -4.091e-08
-50.772 0.0 -2.487e-08
-50.762 0.0 -1.496e-08
-50.752 0.0 -8.9e-09
-50.742 0.0 -5.235e-09
-50.732 0.0 -3.057e-09
-50.722 0.0 -1.76e-09
-50.712 0.0 -1.003e-09
-50.702 0.0 -5.67e-10
-50.692 0.0 -3.175e-10
-50.682 0.0 -1.755e-10
-50.672 0.0 -9.61e-11
-50.662 0.0 -5.201e-11
-50.652 0.0 -2.789e-11
-50.642 0.0 -1.478e-11
-50.632 0.0 -7.76e-12
-50.622 0.0 -4.034e-12
-50.612 0.0 -2.068e-12
-50.602 0.0 -1.051e-12
-50.592 0.0 -5.272e-13
-50.582 0.0 -2.611e-13
-50.572 0.0 -1.264e-13
-50.562 0.0 -5.93e-14
-50.552 0.0 -2.604e-14
-50.542 0.0 -1.108e-14
-50.532 0.0 -3.149e-15
-50.522 0.0 -3.15e-16
-50.512 0.0 0
-50.502 0.0 0
-50.492 0.0 0
-50.482 0.0 0
-50.472 0.0 0
-50.462 0.0 0
-50.452 0.0 0
-50.442 0.0 0
-50.432 0.0 0
-50.422 0.0 0
-50.412 0.0 0
-50.402 0.0 0
-50.392 0.0 0
-50.382 0.0 0
-50.372 0.0 0
-50.362 0.0 0
-50.352 0.0 0
-50.342 0.0 0
-50.332 0.0 0
-50.322 0.0 0
-50.312 0.0 0
-50.302 0.0 0
-50.292 0.0 0
-50.282 0.0 0
-50.272 0.0 0
-50.262 0.0 0
-50.252 0.0 0
-50.242 0.0 0
-50.232 0.0 0
-50.222 0.0 0
-50.212 0.0 0
-50.202 0.0 0
-50.192 0.0 0
-50.182 0.0 0
-50.172 0.0 0
-50.162 0.0 0
-50.152 0.0 0
-50.142 0.0 0
-50.132 0.0 0
-50.122 0.0 0
-50.112 0.0 0
-50.102 0.0 0
-50.092 0.0 0
-50.082 0.0 0
-50.072 0.0 0
-50.062 0.0 0
-50.052 0.0 0
-50.042 0.0 0
-50.032 0.0 0
-50.022 0.0 0
-50.012 0.0 0
-50.002 0.0 0
-49.992 0.0 0
-49.982 0.0 0
-49.972 0.0 0
-49.962 0.0 0
-49.952 0.0 0
-49.942 0.0 0
-49.932 0.0 0
-49.922 0.0 0
-49.912 0.0 0
-49.902 0.0 0
-49.892 0.0 0
-49.882 0.0 0
-49.872 0.0 0
-49.862 0.0 0
-49.852 0.0 0
-49.842 0.0 0
-49.832 0.0 0
-49.822 0.0 0
-49.812 0.0 0
-49.802 0.0 0
-49.792 0.0 0
-49.782 0.0 0
-49.772 0.0 0
-49.762 0.0 0
-49.752 0.0 0
-49.742 0.0 0
-49.732 0.0 0
-49.722 0.0 0
-49.712 0.0 0
-49.702 0.0 0
-49.692 0.0 0
-49.682 0.0 0
-49.672 0.0 0
-49.662 0.0 0
-49.652 0.0 0
-49.642 0.0 0
-49.632 0.0 0
-49.622 0.0 0
-49.612 0.0 0
-49.602 0.0 0
-49.592 0.0 0
-49.582 0.0 0
-49.572 0.0 0
-49.562 0.0 0
-49.552 0.0 0
-49.542 0.0 0
-49.532 0.0 0
-49.522 0.0 0
-49.512 0.0 0
-49.502 0.0 0
-49.492 0.0 0
-49.482 0.0 0
-49.472 0.0 0
-49.462 0.0 0
-49.452 0.0 0
-49.442 0.0 0
-49.432 0.0 0
-49.422 0.0 0
-49.412 0.0 0
-49.402 0.0 0
-49.392 0.0 0
-49.382 0.0 0
-49.372 0.0 0
-49.362 0.0 0
-49.352 0.0 0
-49.342 0.0 0
-49.332 0.0 0
-49.322 0.0 0
-49.312 0.0 0
-49.302 0.0 0
-49.292 0.0 0
-49.282 0.0 0
-49.272 0.0 0
-49.262 0.0 0
-49.252 0.0 0
-49.242 0.0 0
-49.232 0.0 0
-49.222 0.0 0
-49.212 0.0 0
-49.202 0.0 0
-49.192 0.0 0
-49.182 0.0 0
-49.172 0.0 0
-49.162 0.0 0
-49.152 0.0 0
-49.142 0.0 0
-49.132 0.0 0
-49.122 0.0 0
-49.112 0.0 0
-49.102 0.0 0
-49.092 0.0 0
-49.082 0.0 0
-49.072 0.0 0
-49.062 0.0 0
-49.052 0.0 0
-49.042 0.0 0
-49.032 0.0 0
-49.022 0.0 0
-49.012 0.0 0
-49.002 0.0 0
-48.992 0.0 0
-48.982 0.0 0
-48.972 0.0 0
-48.962 0.0 0
-48.952 0.0 0
-48.942 0.0 0
-48.932 0.0 0
-48.922 0.0 0
-48.912 0.0 0
-48.902 0.0 0
-48.892 0.0 0
-48.882 0.0 0
-48.872 0.0 0
-48.862 0.0 0
-48.852 0.0 0
-48.842 0.0 0
-48.832 0.0 0
-48.822 0.0 0
-48.812 0.0 0
-48.802 0.0 0
-48.792 0.0 0
-48.782 0.0 0
-48.772 0.0 0
-48.762 0.0 0
-48.752 0.0 0
-48.742 0.0 0
-48.732 0.0 0
-48.722 0.0 0
-48.712 0.0 0
-48.702 0.0 0
-48.692 0.0 0
-48.682 0.0 0
-48.672 0.0 0
-48.662 0.0 0
-48.652 0.0 0
-48.642 0.0 0
-48.632 0.0 0
-48.622 0.0 0
-48.612 0.0 0
-48.602 0.0 0
-48.592 0.0 0
-48.582 0.0 0
-48.572 0.0 0
-48.562 0.0 0
-48.552 0.0 0
-48.542 0.0 0
-48.532 0.0 0
-48.522 0.0 0
-48.512 0.0 0
-48.502 0.0 0
-48.492 0.0 0
-48.482 0.0 0
-48.472 0.0 0
-48.462 0.0 0
-48.452 0.0 0
-48.442 0.0 0
-48.432 0.0 0
-48.422 0.0 0
-48.412 0.0 0
-48.402 0.0 0
-48.392 0.0 0
-48.382 0.0 0
-48.372 0.0 0
-48.362 0.0 0
-48.352 0.0 0
-48.342 0.0 0
-48.332 0.0 0
-48.322 0.0 0
-48.312 0.0 0
-48.302 0.0 0
-48.292 0.0 0
-48.282 0.0 0
-48.272 0.0 0
-48.262 0.0 0
-48.252 0.0 0
-48.242 0.0 0
-48.232 0.0 0
-48.222 0.0 0
-48.212 0.0 0
-48.202 0.0 0
-48.192 0.0 0
-48.182 0.0 0
-48.172 0.0 0
-48.162 0.0 0
-48.152 0.0 0
-48.142 0.0 0
-48.132 0.0 0
-48.122 0.0 0
-48.112 0.0 0
-48.102 0.0 0
-48.092 0.0 0
-48.082 0.0 0
-48.072 0.0 0
-48.062 0.0 0
-48.052 0.0 0
-48.042 0.0 0
-48.032 0.0 0
-48.022 0.0 0
-48.012 0.0 0
-48.002 0.0 0
-47.992 0.0 0
-47.982 0.0 0
-47.972 0.0 0
-47.962 0.0 0
-47.952 0.0 0
-47.942 0.0 0
-47.932 0.0 0
-47.922 0.0 0
-47.912 0.0 0
-47.902 0.0 0
-47.892 0.0 0
-47.882 0.0 0
-47.872 0.0 0
-47.862 0.0 0
-47.852 0.0 0
-47.842 0.0 0
-47.832 0.0 0
-47.822 0.0 0
-47.812 0.0 0
-47.802 0.0 0
-47.792 0.0 0
-47.782 0.0 0
-47.772 0.0 0
-47.762 0.0 0
-47.752 0.0 0
-47.742 0.0 0
-47.732 0.0 0
-47.722 0.0 0
-47.712 0.0 0
-47.702 0.0 0
-47.692 0.0 0
-47.682 0.0 0
-47.672 0.0 0
-47.662 0.0 0
-47.652 0.0 0
-47.642 0.0 0
-47.632 0.0 0
-47.622 0.0 0
-47.612 0.0 0
-47.602 0.0 0
-47.592 0.0 0
-47.582 0.0 0
-47.572 0.0 0
-47.562 0.0 0
-47.552 0.0 0
-47.542 0.0 0
-47.532 0.0 0
-47.522 0.0 0
-47.512 0.0 0
-47.502 0.0 0
-47.492 0.0 0
-47.482 0.0 0
-47.472 0.0 0
-47.462 0.0 0
-47.452 0.0 0
-47.442 0.0 0
-47.432 0.0 0
-47.422 0.0 0
-47.412 0.0 0
-47.402 0.0 0
-47.392 0.0 0
-47.382 0.0 0
-47.372 0.0 0
-47.362 0.0 0
-47.352 0.0 0
-47.342 0.0 0
-47.332 0.0 0
-47.322 0.0 0
-47.312 0.0 0
-47.302 0.0 0
-47.292 0.0 0
-47.282 0.0 0
-47.272 0.0 0
-47.262 0.0 0
-47.252 0.0 0
-47.242 0.0 0
-47.232 0.0 0
-47.222 0.0 0
-47.212 0.0 0
-47.202 0.0 0
-47.192 0.0 0
-47.182 0.0 0
-47.172 0.0 0
-47.162 0.0 0
-47.152 0.0 0
-47.142 0.0 0
-47.132 0.0 0
-47.122 0.0 0
-47.112 0.0 0
-47.102 0.0 0
-47.092 0.0 0
-47.082 0.0 0
-47.072 0.0 0
-47.062 0.0 0
-47.052 0.0 0
-47.042 0.0 0
-47.032 0.0 0
-47.022 0.0 0
-47.012 0.0 0
-47.002 0.0 0
-46.992 0.0 0
-46.982 0.0 0
-46.972 0.0 0
-46.962 0.0 0
-46.952 0.0 0
-46.942 0.0 0
-46.932 0.0 0
-46.922 0.0 0
-46.912 0.0 0
-46.902 0.0 0
-46.892 0.0 0
-46.882 0.0 0
-46.872 0.0 0
-46.862 0.0 0
-46.852 0.0 0
-46.842 0.0 0
-46.832 0.0 0
-46.822 0.0 0
-46.812 0.0 0
-46.802 0.0 0
-46.792 0.0 0
-46.782 0.0 0
-46.772 0.0 0
-46.762 0.0 0
-46.752 0.0 0
-46.742 0.0 0
-46.732 0.0 0
-46.722 0.0 0
-46.712 0.0 0
-46.702 0.0 0
-46.692 0.0 0
-46.682 0.0 0
-46.672 0.0 0
-46.662 0.0 0
-46.652 0.0 0
-46.642 0.0 0
-46.632 0.0 0
-46.622 0.0 0
-46.612 0.0 0
-46.602 0.0 0
-46.592 0.0 0
-46.582 0.0 0
-46.572 0.0 0
-46.562 0.0 0
-46.552 0.0 0
-46.542 0.0 0
-46.532 0.0 0
-46.522 0.0 0
-46.512 0.0 0
-46.502 0.0 0
-46.492 0.0 0
-46.482 0.0 0
-46.472 0.0 0
-46.462 0.0 0
-46.452 0.0 0
-46.442 0.0 0
-46.432 0.0 0
-46.422 0.0 0
-46.412 0.0 0
-46.402 0.0 0
-46.392 0.0 0
-46.382 0.0 0
-46.372 0.0 0
-46.362 0.0 0
-46.352 0.0 0
-46.342 0.0 0
-46.332 0.0 0
-46.322 0.0 0
-46.312 0.0 0
-46.302 0.0 0
-46.292 0.0 0
-46.282 0.0 0
-46.272 0.0 0
-46.262 0.0 0
-46.252 0.0 0
-46.242 0.0 0
-46.232 0.0 0
-46.222 0.0 0
-46.212 0.0 0
-46.202 0.0 0
-46.192 0.0 0
-46.182 0.0 0
-46.172 0.0 0
-46.162 0.0 0
-46.152 0.0 0
-46.142 0.0 0
-46.132 0.0 0
-46.122 0.0 0
-46.112 0.0 0
-46.102 0.0 0
-46.092 0.0 0
-46.082 0.0 0
-46.072 0.0 0
-46.062 0.0 0
-46.052 0.0 0
-46.042 0.0 0
-46.032 0.0 0
-46.022 0.0 0
-46.012 0.0 0
-46.002 0.0 0
-45.992 0.0 0
-45.982 0.0 0
-45.972 0.0 0
-45.962 0.0 0
-45.952 0.0 0
-45.942 0.0 0
-45.932 0.0 0
-45.922 0.0 0
-45.912 0.0 0
-45.902 0.0 0
-45.892 0.0 0
-45.882 0.0 0
-45.872 0.0 0
-45.862 0.0 0
-45.852 0.0 0
-45.842 0.0 0
-45.832 0.0 0
-45.822 0.0 0
-45.812 0.0 0
-45.802 0.0 0
-45.792 0.0 0
-45.782 0.0 0
-45.772 0.0 0
-45.762 0.0 0
-45.752 0.0 0
-45.742 0.0 0
-45.732 0.0 0
-45.722 0.0 0
-45.712 0.0 0
-45.702 0.0 0
-45.692 0.0 0
-45.682 0.0 0
-45.672 0.0 0
-45.662 0.0 0
-45.652 0.0 0
-45.642 0.0 0
-45.632 0.0 0
-45.622 0.0 0
-45.612 0.0 0
-45.602 0.0 0
-45.592 0.0 0
-45.582 0.0 0
-45.572 0.0 0
-45.562 0.0 0
-45.552 0.0 0
-45.542 0.0 0
-45.532 0.0 0
-45.522 0.0 0
-45.512 0.0 0
-45.502 0.0 0
-45.492 0.0 0
-45.482 0.0 0
-45.472 0.0 0
-45.462 0.0 0
-45.452 0.0 0
-45.442 0.0 0
-45.432 0.0 0
-45.422 0.0 0
-45.412 0.0 0
-45.402 0.0 0
-45.392 0.0 0
-45.382 0.0 0
-45.372 0.0 0
-45.362 0.0 0
-45.352 0.0 0
-45.342 0.0 0
-45.332 0.0 0
-45.322 0.0 0
-45.312 0.0 0
-45.302 0.0 0
-45.292 0.0 0
-45.282 0.0 0
-45.272 0.0 0
-45.262 0.0 0
-45.252 0.0 0
-45.242 0.0 0
-45.232 0.0 0
-45.222 0.0 0
-45.212 0.0 0
-45.202 0.0 0
-45.192 0.0 0
-45.182 0.0 0
-45.172 0.0 0
-45.162 0.0 0
-45.152 0.0 0
-45.142 0.0 0
-45.132 0.0 0
-45.122 0.0 0
-45.112 0.0 0
-45.102 0.0 0
-45.092 0.0 0
-45.082 0.0 0
-45.072 0.0 0
-45.062 0.0 0
-45.052 0.0 0
-45.042 0.0 0
-45.032 0.0 0
-45.022 0.0 0
-45.012 0.0 0
-45.002 0.0 0
-44.992 0.0 0
-44.982 0.0 0
-44.972 0.0 0
-44.962 0.0 0
-44.952 0.0 0
-44.942 0.0 0
-44.932 0.0 0
-44.922 0.0 0
-44.912 0.0 0
-44.902 0.0 0
-44.892 0.0 0
-44.882 0.0 0
-44.872 0.0 0
-44.862 0.0 0
-44.852 0.0 0
-44.842 0.0 0
-44.832 0.0 0
-44.822 0.0 0
-44.812 0.0 0
-44.802 0.0 0
-44.792 0.0 0
-44.782 0.0 0
-44.772 0.0 0
-44.762 0.0 0
-44.752 0.0 0
-44.742 0.0 0
-44.732 0.0 0
-44.722 0.0 0
-44.712 0.0 0
-44.702 0.0 0
-44.692 0.0 0
-44.682 0.0 0
-44.672 0.0 0
-44.662 0.0 0
-44.652 0.0 0
-44.642 0.0 0
-44.632 0.0 0
-44.622 0.0 0
-44.612 0.0 0
-44.602 0.0 0
-44.592 0.0 0
-44.582 0.0 0
-44.572 0.0 0
-44.562 0.0 0
-44.552 0.0 0
-44.542 0.0 0
-44.532 0.0 0
-44.522 0.0 0
-44.512 0.0 0
-44.502 0.0 0
-44.492 0.0 0
-44.482 0.0 0
-44.472 0.0 0
-44.462 0.0 0
-44.452 0.0 0
-44.442 0.0 0
-44.432 0.0 0
-44.422 0.0 0
-44.412 0.0 0
-44.402 0.0 0
-44.392 0.0 0
-44.382 0.0 0
-44.372 0.0 0
-44.362 0.0 0
-44.352 0.0 0
-44.342 0.0 0
-44.332 0.0 0
-44.322 0.0 0
-44.312 0.0 0
-44.302 0.0 0
-44.292 0.0 0
-44.282 0.0 0
-44.272 0.0 0
-44.262 0.0 0
-44.252 0.0 0
-44.242 0.0 0
-44.232 0.0 0
-44.222 0.0 0
-44.212 0.0 0
-44.202 0.0 0
-44.192 0.0 0
-44.182 0.0 0
-44.172 0.0 0
-44.162 0.0 0
-44.152 0.0 0
-44.142 0.0 0
-44.132 0.0 0
-44.122 0.0 0
-44.112 0.0 0
-44.102 0.0 0
-44.092 0.0 0
-44.082 0.0 0
-44.072 0.0 0
-44.062 0.0 0
-44.052 0.0 0
-44.042 0.0 0
-44.032 0.0 0
-44.022 0.0 0
-44.012 0.0 0
-44.002 0.0 0
-43.992 0.0 0
-43.982 0.0 0
-43.972 0.0 0
-43.962 0.0 0
-43.952 0.0 0
-43.942 0.0 0
-43.932 0.0 0
-43.922 0.0 0
-43.912 0.0 0
-43.902 0.0 0
-43.892 0.0 0
-43.882 0.0 0
-43.872 0.0 0
-43.862 0.0 0
-43.852 0.0 0
-43.842 0.0 0
-43.832 0.0 0
-43.822 0.0 0
-43.812 0.0 0
-43.802 0.0 0
-43.792 0.0 0
-43.782 0.0 0
-43.772 0.0 0
-43.762 0.0 0
-43.752 0.0 0
-43.742 0.0 0
-43.732 0.0 0
-43.722 0.0 0
-43.712 0.0 0
-43.702 0.0 0
-43.692 0.0 0
-43.682 0.0 0
-43.672 0.0 0
-43.662 0.0 0
-43.652 0.0 0
-43.642 0.0 0
-43.632 0.0 0
-43.622 0.0 0
-43.612 0.0 0
-43.602 0.0 0
-43.592 0.0 0
-43.582 0.0 0
-43.572 0.0 0
-43.562 0.0 0
-43.552 0.0 0
-43.542 0.0 0
-43.532 0.0 0
-43.522 0.0 0
-43.512 0.0 0
-43.502 0.0 0
-43.492 0.0 0
-43.482 0.0 0
-43.472 0.0 0
-43.462 0.0 0
-43.452 0.0 0
-43.442 0.0 0
-43.432 0.0 0
-43.422 0.0 0
-43.412 0.0 0
-43.402 0.0 0
-43.392 0.0 0
-43.382 0.0 0
-43.372 0.0 0
-43.362 0.0 0
-43.352 0.0 0
-43.342 0.0 0
-43.332 0.0 0
-43.322 0.0 0
-43.312 0.0 0
-43.302 0.0 0
-43.292 0.0 0
-43.282 0.0 0
-43.272 0.0 0
-43.262 0.0 0
-43.252 0.0 0
-43.242 0.0 0
-43.232 0.0 0
-43.222 0.0 0
-43.212 0.0 0
-43.202 0.0 0
-43.192 0.0 0
-43.182 0.0 0
-43.172 0.0 0
-43.162 0.0 0
-43.152 0.0 0
-43.142 0.0 0
-43.132 0.0 0
-43.122 0.0 0
-43.112 0.0 0
-43.102 0.0 0
-43.092 0.0 0
-43.082 0.0 0
-43.072 0.0 0
-43.062 0.0 0
-43.052 0.0 0
-43.042 0.0 0
-43.032 0.0 0
-43.022 0.0 0
-43.012 0.0 0
-43.002 0.0 0
-42.992 0.0 0
-42.982 0.0 0
-42.972 0.0 0
-42.962 0.0 0
-42.952 0.0 0
-42.942 0.0 0
-42.932 0.0 0
-42.922 0.0 0
-42.912 0.0 0
-42.902 0.0 0
-42.892 0.0 0
-42.882 0.0 0
-42.872 0.0 0
-42.862 0.0 0
-42.852 0.0 0
-42.842 0.0 0
-42.832 0.0 0
-42.822 0.0 0
-42.812 0.0 0
-42.802 0.0 0
-42.792 0.0 0
-42.782 0.0 0
-42.772 0.0 0
-42.762 0.0 0
-42.752 0.0 0
-42.742 0.0 0
-42.732 0.0 0
-42.722 0.0 0
-42.712 0.0 0
-42.702 0.0 0
-42.692 0.0 0
-42.682 0.0 0
-42.672 0.0 0
-42.662 0.0 0
-42.652 0.0 0
-42.642 0.0 0
-42.632 0.0 0
-42.622 0.0 0
-42.612 0.0 0
-42.602 0.0 0
-42.592 0.0 0
-42.582 0.0 0
-42.572 0.0 0
-42.562 0.0 0
-42.552 0.0 0
-42.542 0.0 0
-42.532 0.0 0
-42.522 0.0 0
-42.512 0.0 0
-42.502 0.0 0
-42.492 0.0 0
-42.482 0.0 0
-42.472 0.0 0
-42.462 0.0 0
-42.452 0.0 0
-42.442 0.0 0
-42.432 0.0 0
-42.422 0.0 0
-42.412 0.0 0
-42.402 0.0 0
-42.392 0.0 0
-42.382 0.0 0
-42.372 0.0 0
-42.362 0.0 0
-42.352 0.0 0
-42.342 0.0 0
-42.332 0.0 0
-42.322 0.0 0
-42.312 0.0 0
-42.302 0.0 0
-42.292 0.0 0
-42.282 0.0 0
-42.272 0.0 0
-42.262 0.0 0
-42.252 0.0 0
-42.242 0.0 0
-42.232 0.0 0
-42.222 0.0 0
-42.212 0.0 0
-42.202 0.0 0
-42.192 0.0 0
-42.182 0.0 0
-42.172 0.0 0
-42.162 0.0 0
-42.152 0.0 0
-42.142 0.0 0
-42.132 0.0 0
-42.122 0.0 0
-42.112 0.0 0
-42.102 0.0 0
-42.092 0.0 0
-42.082 0.0 0
-42.072 0.0 0
-42.062 0.0 0
-42.052 0.0 0
-42.042 0.0 0
-42.032 0.0 0
-42.022 0.0 0
-42.012 0.0 0
-42.002 0.0 0
-41.992 0.0 0
-41.982 0.0 0
-41.972 0.0 0
-41.962 0.0 0
-41.952 0.0 0
-41.942 0.0 0
-41.932 0.0 0
-41.922 0.0 0
-41.912 0.0 0
-41.902 0.0 0
-41.892 0.0 0
-41.882 0.0 0
-41.872 0.0 0
-41.862 0.0 0
-41.852 0.0 0
-41.842 0.0 0
-41.832 0.0 0
-41.822 0.0 0
-41.812 0.0 0
-41.802 0.0 0
-41.792 0.0 0
-41.782 0.0 0
-41.772 0.0 0
-41.762 0.0 0
-41.752 0.0 0
-41.742 0.0 0
-41.732 0.0 0
-41.722 0.0 0
-41.712 0.0 0
-41.702 0.0 0
-41.692 0.0 0
-41.682 0.0 0
-41.672 0.0 0
-41.662 0.0 0
-41.652 0.0 0
-41.642 0.0 0
-41.632 0.0 0
-41.622 0.0 0
-41.612 0.0 0
-41.602 0.0 0
-41.592 0.0 0
-41.582 0.0 0
-41.572 0.0 0
-41.562 0.0 0
-41.552 0.0 0
-41.542 0.0 0
-41.532 0.0 0
-41.522 0.0 0
-41.512 0.0 0
-41.502 0.0 0
-41.492 0.0 0
-41.482 0.0 0
-41.472 0.0 0
-41.462 0.0 0
-41.452 0.0 0
-41.442 0.0 0
-41.432 0.0 0
-41.422 0.0 0
-41.412 0.0 0
-41.402 0.0 0
-41.392 0.0 0
-41.382 0.0 0
-41.372 0.0 0
-41.362 0.0 0
-41.352 0.0 0
-41.342 0.0 0
-41.332 0.0 0
-41.322 0.0 0
-41.312 0.0 0
-41.302 0.0 0
-41.292 0.0 0
-41.282 0.0 0
-41.272 0.0 0
-41.262 0.0 0
-41.252 0.0 0
-41.242 0.0 0
-41.232 0.0 0
-41.222 0.0 0
-41.212 0.0 0
-41.202 0.0 0
-41.192 0.0 0
-41.182 0.0 0
-41.172 0.0 0
-41.162 0.0 0
-41.152 0.0 0
-41.142 0.0 0
-41.132 0.0 0
-41.122 0.0 0
-41.112 0.0 0
-41.102 0.0 0
-41.092 0.0 0
-41.082 0.0 0
-41.072 0.0 0
-41.062 0.0 0
-41.052 0.0 0
-41.042 0.0 0
-41.032 0.0 0
-41.022 0.0 0
-41.012 0.0 0
-41.002 0.0 0
-40.992 0.0 0
-40.982 0.0 0
-40.972 0.0 0
-40.962 0.0 0
-40.952 0.0 0
-40.942 0.0 0
-40.932 0.0 0
-40.922 0.0 0
-40.912 0.0 0
-40.902 0.0 0
-40.892 0.0 0
-40.882 0.0 0
-40.872 0.0 0
-40.862 0.0 0
-40.852 0.0 0
-40.842 0.0 0
-40.832 0.0 0
-40.822 0.0 0
-40.812 0.0 0
-40.802 0.0 0
-40.792 0.0 0
-40.782 0.0 0
-40.772 0.0 0
-40.762 0.0 0
-40.752 0.0 0
-40.742 0.0 0
-40.732 0.0 0
-40.722 0.0 0
-40.712 0.0 0
-40.702 0.0 0
-40.692 0.0 0
-40.682 0.0 0
-40.672 0.0 0
-40.662 0.0 0
-40.652 0.0 0
-40.642 0.0 0
-40.632 0.0 0
-40.622 0.0 0
-40.612 0.0 0
-40.602 0.0 0
-40.592 0.0 0
-40.582 0.0 0
-40.572 0.0 0
-40.562 0.0 0
-40.552 0.0 0
-40.542 0.0 0
-40.532 0.0 0
-40.522 0.0 0
-40.512 0.0 0
-40.502 0.0 0
-40.492 0.0 0
-40.482 0.0 0
-40.472 0.0 0
-40.462 0.0 0
-40.452 0.0 0
-40.442 0.0 0
-40.432 0.0 0
-40.422 0.0 0
-40.412 0.0 0
-40.402 0.0 0
-40.392 0.0 0
-40.382 0.0 0
-40.372 0.0 0
-40.362 0.0 0
-40.352 0.0 0
-40.342 0.0 0
-40.332 0.0 0
-40.322 0.0 0
-40.312 0.0 0
-40.302 0.0 0
-40.292 0.0 0
-40.282 0.0 0
-40.272 0.0 0
-40.262 0.0 0
-40.252 0.0 0
-40.242 0.0 0
-40.232 0.0 0
-40.222 0.0 0
-40.212 0.0 0
-40.202 0.0 0
-40.192 0.0 0
-40.182 0.0 0
-40.172 0.0 0
-40.162 0.0 0
-40.152 0.0 0
-40.142 0.0 0
-40.132 0.0 0
-40.122 0.0 0
-40.112 0.0 0
-40.102 0.0 0
-40.092 0.0 0
-40.082 0.0 0
-40.072 0.0 0
-40.062 0.0 0
-40.052 0.0 0
-40.042 0.0 0
-40.032 0.0 0
-40.022 0.0 0
-40.012 0.0 0
-40.002 0.0 0
-39.992 0.0 0
-39.982 0.0 0
-39.972 0.0 0
-39.962 0.0 0
-39.952 0.0 0
-39.942 0.0 0
-39.932 0.0 0
-39.922 0.0 0
-39.912 0.0 0
-39.902 0.0 0
-39.892 0.0 0
-39.882 0.0 0
-39.872 0.0 0
-39.862 0.0 0
-39.852 0.0 0
-39.842 0.0 0
-39.832 0.0 0
-39.822 0.0 0
-39.812 0.0 0
-39.802 0.0 0
-39.792 0.0 0
-39.782 0.0 0
-39.772 0.0 0
-39.762 0.0 0
-39.752 0.0 0
-39.742 0.0 0
-39.732 0.0 0
-39.722 0.0 0
-39.712 0.0 0
-39.702 0.0 0
-39.692 0.0 0
-39.682 0.0 0
-39.672 0.0 0
-39.662 0.0 0
-39.652 0.0 0
-39.642 0.0 0
-39.632 0.0 0
-39.622 0.0 0
-39.612 0.0 0
-39.602 0.0 0
-39.592 0.0 0
-39.582 0.0 0
-39.572 0.0 0
-39.562 0.0 0
-39.552 0.0 0
-39.542 0.0 0
-39.532 0.0 0
-39.522 0.0 0
-39.512 0.0 0
-39.502 0.0 0
-39.492 0.0 0
-39.482 0.0 0
-39.472 0.0 0
-39.462 0.0 0
-39.452 0.0 0
-39.442 0.0 0
-39.432 0.0 0
-39.422 0.0 0
-39.412 0.0 0
-39.402 0.0 0
-39.392 0.0 0
-39.382 0.0 0
-39.372 0.0 0
-39.362 0.0 0
-39.352 0.0 0
-39.342 0.0 0
-39.332 0.0 0
-39.322 0.0 0
-39.312 0.0 0
-39.302 0.0 0
-39.292 0.0 0
-39.282 0.0 0
-39.272 0.0 0
-39.262 0.0 0
-39.252 0.0 0
-39.242 0.0 0
-39.232 0.0 0
-39.222 0.0 0
-39.212 0.0 0
-39.202 0.0 0
-39.192 0.0 0
-39.182 0.0 0
-39.172 0.0 0
-39.162 0.0 0
-39.152 0.0 0
-39.142 0.0 0
-39.132 0.0 0
-39.122 0.0 0
-39.112 0.0 0
-39.102 0.0 0
-39.092 0.0 0
-39.082 0.0 0
-39.072 0.0 0
-39.062 0.0 0
-39.052 0.0 0
-39.042 0.0 0
-39.032 0.0 0
-39.022 0.0 0
-39.012 0.0 0
-39.002 0.0 0
-38.992 0.0 0
-38.982 0.0 0
-38.972 0.0 0
-38.962 0.0 0
-38.952 0.0 0
-38.942 0.0 0
-38.932 0.0 0
-38.922 0.0 0
-38.912 0.0 0
-38.902 0.0 0
-38.892 0.0 0
-38.882 0.0 0
-38.872 0.0 0
-38.862 0.0 0
-38.852 0.0 0
-38.842 0.0 0
-38.832 0.0 0
-38.822 0.0 0
-38.812 0.0 0
-38.802 0.0 0
-38.792 0.0 0
-38.782 0.0 0
-38.772 0.0 0
-38.762 0.0 0
-38.752 0.0 0
-38.742 0.0 0
-38.732 0.0 0
-38.722 0.0 0
-38.712 0.0 0
-38.702 0.0 0
-38.692 0.0 0
-38.682 0.0 0
-38.672 0.0 0
-38.662 0.0 0
-38.652 0.0 0
-38.642 0.0 0
-38.632 0.0 0
-38.622 0.0 0
-38.612 0.0 0
-38.602 0.0 0
-38.592 0.0 0
-38.582 0.0 0
-38.572 0.0 0
-38.562 0.0 0
-38.552 0.0 0
-38.542 0.0 0
-38.532 0.0 0
-38.522 0.0 0
-38.512 0.0 0
-38.502 0.0 0
-38.492 0.0 0
-38.482 0.0 0
-38.472 0.0 0
-38.462 0.0 0
-38.452 0.0 0
-38.442 0.0 0
-38.432 0.0 0
-38.422 0.0 0
-38.412 0.0 0
-38.402 0.0 0
-38.392 0.0 0
-38.382 0.0 0
-38.372 0.0 0
-38.362 0.0 0
-38.352 0.0 0
-38.342 0.0 0
-38.332 0.0 0
-38.322 0.0 0
-38.312 0.0 0
-38.302 0.0 0
-38.292 0.0 0
-38.282 0.0 0
-38.272 0.0 0
-38.262 0.0 0
-38.252 0.0 0
-38.242 0.0 0
-38.232 0.0 0
-38.222 0.0 0
-38.212 0.0 0
-38.202 0.0 0
-38.192 0.0 0
-38.182 0.0 0
-38.172 0.0 0
-38.162 0.0 0
-38.152 0.0 0
-38.142 0.0 0
-38.132 0.0 0
-38.122 0.0 0
-38.112 0.0 0
-38.102 0.0 0
-38.092 0.0 0
-38.082 0.0 0
-38.072 0.0 0
-38.062 0.0 0
-38.052 0.0 0
-38.042 0.0 0
-38.032 0.0 0
-38.022 0.0 0
-38.012 0.0 0
-38.002 0.0 0
-37.992 0.0 0
-37.982 0.0 0
-37.972 0.0 0
-37.962 0.0 0
-37.952 0.0 0
-37.942 0.0 0
-37.932 0.0 0
-37.922 0.0 0
-37.912 0.0 0
-37.902 0.0 0
-37.892 0.0 0
-37.882 0.0 0
-37.872 0.0 0
-37.862 0.0 0
-37.852 0.0 0
-37.842 0.0 0
-37.832 0.0 0
-37.822 0.0 0
-37.812 0.0 0
-37.802 0.0 0
-37.792 0.0 0
-37.782 0.0 0
-37.772 0.0 0
-37.762 0.0 0
-37.752 0.0 0
-37.742 0.0 0
-37.732 0.0 0
-37.722 0.0 0
-37.712 0.0 0
-37.702 0.0 0
-37.692 0.0 0
-37.682 0.0 0
-37.672 0.0 0
-37.662 0.0 0
-37.652 0.0 0
-37.642 0.0 0
-37.632 0.0 0
-37.622 0.0 0
-37.612 0.0 0
-37.602 0.0 0
-37.592 0.0 0
-37.582 0.0 0
-37.572 0.0 0
-37.562 0.0 0
-37.552 0.0 0
-37.542 0.0 0
-37.532 0.0 0
-37.522 0.0 0
-37.512 0.0 0
-37.502 0.0 0
-37.492 0.0 0
-37.482 0.0 0
-37.472 0.0 0
-37.462 0.0 0
-37.452 0.0 0
-37.442 0.0 0
-37.432 0.0 0
-37.422 0.0 0
-37.412 0.0 0
-37.402 0.0 0
-37.392 0.0 0
-37.382 0.0 0
-37.372 0.0 0
-37.362 0.0 0
-37.352 0.0 0
-37.342 0.0 0
-37.332 0.0 0
-37.322 0.0 0
-37.312 0.0 0
-37.302 0.0 0
-37.292 0.0 0
-37.282 0.0 0
-37.272 0.0 0
-37.262 0.0 0
-37.252 0.0 0
-37.242 0.0 0
-37.232 0.0 0
-37.222 0.0 0
-37.212 0.0 0
-37.202 0.0 0
-37.192 0.0 0
-37.182 0.0 0
-37.172 0.0 0
-37.162 0.0 0
-37.152 0.0 0
-37.142 0.0 0
-37.132 0.0 0
-37.122 0.0 0
-37.112 0.0 0
-37.102 0.0 0
-37.092 0.0 0
-37.082 0.0 0
-37.072 0.0 0
-37.062 0.0 0
-37.052 0.0 0
-37.042 0.0 0
-37.032 0.0 0
-37.022 0.0 0
-37.012 0.0 0
-37.002 0.0 0
-36.992 0.0 0
-36.982 0.0 0
-36.972 0.0 0
-36.962 0.0 0
-36.952 0.0 0
-36.942 0.0 0
-36.932 0.0 0
-36.922 0.0 0
-36.912 0.0 0
-36.902 0.0 0
-36.892 0.0 0
-36.882 0.0 0
-36.872 0.0 0
-36.862 0.0 0
-36.852 0.0 0
-36.842 0.0 0
-36.832 0.0 0
-36.822 0.0 0
-36.812 0.0 0
-36.802 0.0 0
-36.792 0.0 0
-36.782 0.0 0
-36.772 0.0 0
-36.762 0.0 0
-36.752 0.0 0
-36.742 0.0 0
-36.732 0.0 0
-36.722 0.0 0
-36.712 0.0 0
-36.702 0.0 0
-36.692 0.0 0
-36.682 0.0 0
-36.672 0.0 0
-36.662 0.0 0
-36.652 0.0 0
-36.642 0.0 0
-36.632 0.0 0
-36.622 0.0 0
-36.612 0.0 0
-36.602 0.0 0
-36.592 0.0 0
-36.582 0.0 0
-36.572 0.0 0
-36.562 0.0 0
-36.552 0.0 0
-36.542 0.0 0
-36.532 0.0 0
-36.522 0.0 0
-36.512 0.0 0
-36.502 0.0 0
-36.492 0.0 0
-36.482 0.0 0
-36.472 0.0 0
-36.462 0.0 0
-36.452 0.0 0
-36.442 0.0 0
-36.432 0.0 0
-36.422 0.0 0
-36.412 0.0 0
-36.402 0.0 0
-36.392 0.0 0
-36.382 0.0 0
-36.372 0.0 0
-36.362 0.0 0
-36.352 0.0 0
-36.342 0.0 0
-36.332 0.0 0
-36.322 0.0 0
-36.312 0.0 0
-36.302 0.0 0
-36.292 0.0 0
-36.282 0.0 0
-36.272 0.0 0
-36.262 0.0 0
-36.252 0.0 0
-36.242 0.0 0
-36.232 0.0 0
-36.222 0.0 0
-36.212 0.0 0
-36.202 0.0 0
-36.192 0.0 0
-36.182 0.0 0
-36.172 0.0 0
-36.162 0.0 0
-36.152 0.0 0
-36.142 0.0 0
-36.132 0.0 0
-36.122 0.0 0
-36.112 0.0 0
-36.102 0.0 0
-36.092 0.0 0
-36.082 0.0 0
-36.072 0.0 0
-36.062 0.0 0
-36.052 0.0 0
-36.042 0.0 0
-36.032 0.0 0
-36.022 0.0 0
-36.012 0.0 0
-36.002 0.0 0
-35.992 0.0 0
-35.982 0.0 0
-35.972 0.0 0
-35.962 0.0 0
-35.952 0.0 0
-35.942 0.0 0
-35.932 0.0 0
-35.922 0.0 0
-35.912 0.0 0
-35.902 0.0 0
-35.892 0.0 0
-35.882 0.0 0
-35.872 0.0 0
-35.862 0.0 0
-35.852 0.0 0
-35.842 0.0 0
-35.832 0.0 0
-35.822 0.0 0
-35.812 0.0 0
-35.802 0.0 0
-35.792 0.0 0
-35.782 0.0 0
-35.772 0.0 0
-35.762 0.0 0
-35.752 0.0 0
-35.742 0.0 0
-35.732 0.0 0
-35.722 0.0 0
-35.712 0.0 0
-35.702 0.0 0
-35.692 0.0 0
-35.682 0.0 0
-35.672 0.0 0
-35.662 0.0 0
-35.652 0.0 0
-35.642 0.0 0
-35.632 0.0 0
-35.622 0.0 0
-35.612 0.0 0
-35.602 0.0 0
-35.592 0.0 0
-35.582 0.0 0
-35.572 0.0 0
-35.562 0.0 0
-35.552 0.0 0
-35.542 0.0 0
-35.532 0.0 0
-35.522 0.0 0
-35.512 0.0 0
-35.502 0.0 0
-35.492 0.0 0
-35.482 0.0 0
-35.472 0.0 0
-35.462 0.0 0
-35.452 0.0 0
-35.442 0.0 0
-35.432 0.0 0
-35.422 0.0 0
-35.412 0.0 0
-35.402 0.0 0
-35.392 0.0 0
-35.382 0.0 0
-35.372 0.0 0
-35.362 0.0 0
-35.352 0.0 0
-35.342 0.0 0
-35.332 0.0 0
-35.322 0.0 0
-35.312 0.0 0
-35.302 0.0 0
-35.292 0.0 0
-35.282 0.0 0
-35.272 0.0 0
-35.262 0.0 0
-35.252 0.0 0
-35.242 0.0 0
-35.232 0.0 0
-35.222 0.0 0
-35.212 0.0 0
-35.202 0.0 0
-35.192 0.0 0
-35.182 0.0 0
-35.172 0.0 0
-35.162 0.0 0
-35.152 0.0 0
-35.142 0.0 0
-35.132 0.0 0
-35.122 0.0 0
-35.112 0.0 0
-35.102 0.0 0
-35.092 0.0 0
-35.082 0.0 0
-35.072 0.0 0
-35.062 0.0 0
-35.052 0.0 0
-35.042 0.0 0
-35.032 0.0 0
-35.022 0.0 0
-35.012 0.0 0
-35.002 0.0 0
-34.992 0.0 0
-34.982 0.0 0
-34.972 0.0 0
-34.962 0.0 0
-34.952 0.0 0
-34.942 0.0 0
-34.932 0.0 0
-34.922 0.0 0
-34.912 0.0 0
-34.902 0.0 0
-34.892 0.0 0
-34.882 0.0 0
-34.872 0.0 0
-34.862 0.0 0
-34.852 0.0 0
-34.842 0.0 0
-34.832 0.0 0
-34.822 0.0 0
-34.812 0.0 0
-34.802 0.0 0
-34.792 0.0 0
-34.782 0.0 0
-34.772 0.0 0
-34.762 0.0 0
-34.752 0.0 0
-34.742 0.0 0
-34.732 0.0 0
-34.722 0.0 0
-34.712 0.0 0
-34.702 0.0 0
-34.692 0.0 0
-34.682 0.0 0
-34.672 0.0 0
-34.662 0.0 0
-34.652 0.0 0
-34.642 0.0 0
-34.632 0.0 0
-34.622 0.0 0
-34.612 0.0 0
-34.602 0.0 0
-34.592 0.0 0
-34.582 0.0 0
-34.572 0.0 0
-34.562 0.0 0
-34.552 0.0 0
-34.542 0.0 0
-34.532 0.0 0
-34.522 0.0 0
-34.512 0.0 0
-34.502 0.0 0
-34.492 0.0 0
-34.482 0.0 0
-34.472 0.0 0
-34.462 0.0 0
-34.452 0.0 0
-34.442 0.0 0
-34.432 0.0 0
-34.422 0.0 0
-34.412 0.0 0
-34.402 0.0 0
-34.392 0.0 0
-34.382 0.0 0
-34.372 0.0 0
-34.362 0.0 0
-34.352 0.0 0
-34.342 0.0 0
-34.332 0.0 0
-34.322 0.0 0
-34.312 0.0 0
-34.302 0.0 0
-34.292 0.0 0
-34.282 0.0 0
-34.272 0.0 0
-34.262 0.0 0
-34.252 0.0 0
-34.242 0.0 0
-34.232 0.0 0
-34.222 0.0 0
-34.212 0.0 0
-34.202 0.0 0
-34.192 0.0 0
-34.182 0.0 0
-34.172 0.0 0
-34.162 0.0 0
-34.152 0.0 0
-34.142 0.0 0
-34.132 0.0 0
-34.122 0.0 0
-34.112 0.0 0
-34.102 0.0 0
-34.092 0.0 0
-34.082 0.0 0
-34.072 0.0 0
-34.062 0.0 0
-34.052 0.0 0
-34.042 0.0 0
-34.032 0.0 0
-34.022 0.0 0
-34.012 0.0 0
-34.002 0.0 0
-33.992 0.0 0
-33.982 0.0 0
-33.972 0.0 0
-33.962 0.0 0
-33.952 0.0 0
-33.942 0.0 0
-33.932 0.0 0
-33.922 0.0 0
-33.912 0.0 0
-33.902 0.0 0
-33.892 0.0 0
-33.882 0.0 0
-33.872 0.0 0
-33.862 0.0 0
-33.852 0.0 0
-33.842 0.0 0
-33.832 0.0 0
-33.822 0.0 0
-33.812 0.0 0
-33.802 0.0 0
-33.792 0.0 0
-33.782 0.0 0
-33.772 0.0 0
-33.762 0.0 0
-33.752 0.0 0
-33.742 0.0 0
-33.732 0.0 0
-33.722 0.0 0
-33.712 0.0 0
-33.702 0.0 0
-33.692 0.0 0
-33.682 0.0 0
-33.672 0.0 0
-33.662 0.0 0
-33.652 0.0 0
-33.642 0.0 0
-33.632 0.0 0
-33.622 0.0 0
-33.612 0.0 0
-33.602 0.0 0
-33.592 0.0 0
-33.582 0.0 0
-33.572 0.0 0
-33.562 0.0 0
-33.552 0.0 0
-33.542 0.0 0
-33.532 0.0 0
-33.522 0.0 0
-33.512 0.0 0
-33.502 0.0 0
-33.492 0.0 0
-33.482 0.0 0
-33.472 0.0 0
-33.462 0.0 0
-33.452 0.0 0
-33.442 0.0 0
-33.432 0.0 0
-33.422 0.0 0
-33.412 0.0 0
-33.402 0.0 0
-33.392 0.0 0
-33.382 0.0 0
-33.372 0.0 0
-33.362 0.0 0
-33.352 0.0 0
-33.342 0.0 0
-33.332 0.0 0
-33.322 0.0 0
-33.312 0.0 0
-33.302 0.0 0
-33.292 0.0 0
-33.282 0.0 0
-33.272 0.0 0
-33.262 0.0 0
-33.252 0.0 0
-33.242 0.0 0
-33.232 0.0 0
-33.222 0.0 0
-33.212 0.0 0
-33.202 0.0 0
-33.192 0.0 0
-33.182 0.0 0
-33.172 0.0 0
-33.162 0.0 0
-33.152 0.0 0
-33.142 0.0 0
-33.132 0.0 0
-33.122 0.0 0
-33.112 0.0 0
-33.102 0.0 0
-33.092 0.0 0
-33.082 0.0 0
-33.072 0.0 0
-33.062 0.0 0
-33.052 0.0 0
-33.042 0.0 0
-33.032 0.0 0
-33.022 0.0 0
-33.012 0.0 0
-33.002 0.0 0
-32.992 0.0 0
-32.982 0.0 0
-32.972 0.0 0
-32.962 0.0 0
-32.952 0.0 0
-32.942 0.0 0
-32.932 0.0 0
-32.922 0.0 0
-32.912 0.0 0
-32.902 0.0 0
-32.892 0.0 0
-32.882 0.0 0
-32.872 0.0 0
-32.862 0.0 0
-32.852 0.0 0
-32.842 0.0 0
-32.832 0.0 0
-32.822 0.0 0
-32.812 0.0 0
-32.802 0.0 0
-32.792 0.0 0
-32.782 0.0 0
-32.772 0.0 0
-32.762 0.0 0
-32.752 0.0 0
-32.742 0.0 0
-32.732 0.0 0
-32.722 0.0 0
-32.712 0.0 0
-32.702 0.0 0
-32.692 0.0 0
-32.682 0.0 0
-32.672 0.0 0
-32.662 0.0 0
-32.652 0.0 0
-32.642 0.0 0
-32.632 0.0 0
-32.622 0.0 0
-32.612 0.0 0
-32.602 0.0 0
-32.592 0.0 0
-32.582 0.0 0
-32.572 0.0 0
-32.562 0.0 0
-32.552 0.0 0
-32.542 0.0 0
-32.532 0.0 0
-32.522 0.0 0
-32.512 0.0 0
-32.502 0.0 0
-32.492 0.0 0
-32.482 0.0 0
-32.472 0.0 0
-32.462 0.0 0
-32.452 0.0 0
-32.442 0.0 0
-32.432 0.0 0
-32.422 0.0 0
-32.412 0.0 0
-32.402 0.0 0
-32.392 0.0 0
-32.382 0.0 0
-32.372 0.0 0
-32.362 0.0 0
-32.352 0.0 0
-32.342 0.0 0
-32.332 0.0 0
-32.322 0.0 0
-32.312 0.0 0
-32.302 0.0 0
-32.292 0.0 0
-32.282 0.0 0
-32.272 0.0 0
-32.262 0.0 0
-32.252 0.0 0
-32.242 0.0 0
-32.232 0.0 0
-32.222 0.0 0
-32.212 0.0 0
-32.202 0.0 0
-32.192 0.0 0
-32.182 0.0 0
-32.172 0.0 0
-32.162 0.0 0
-32.152 0.0 0
-32.142 0.0 0
-32.132 0.0 0
-32.122 0.0 0
-32.112 0.0 0
-32.102 0.0 0
-32.092 0.0 0
-32.082 0.0 0
-32.072 0.0 0
-32.062 0.0 0
-32.052 0.0 0
-32.042 0.0 0
-32.032 0.0 0
-32.022 0.0 0
-32.012 0.0 0
-32.002 0.0 0
-31.992 0.0 0
-31.982 0.0 0
-31.972 0.0 0
-31.962 0.0 0
-31.952 0.0 0
-31.942 0.0 0
-31.932 0.0 0
-31.922 0.0 0
-31.912 0.0 0
-31.902 0.0 0
-31.892 0.0 0
-31.882 0.0 0
-31.872 0.0 0
-31.862 0.0 0
-31.852 0.0 0
-31.842 0.0 0
-31.832 0.0 0
-31.822 0.0 0
-31.812 0.0 0
-31.802 0.0 0
-31.792 0.0 0
-31.782 0.0 0
-31.772 0.0 0
-31.762 0.0 0
-31.752 0.0 0
-31.742 0.0 0
-31.732 0.0 0
-31.722 0.0 0
-31.712 0.0 0
-31.702 0.0 0
-31.692 0.0 0
-31.682 0.0 0
-31.672 0.0 0
-31.662 0.0 0
-31.652 0.0 0
-31.642 0.0 0
-31.632 0.0 0
-31.622 0.0 0
-31.612 0.0 0
-31.602 0.0 0
-31.592 0.0 0
-31.582 0.0 0
-31.572 0.0 0
-31.562 0.0 0
-31.552 0.0 0
-31.542 0.0 0
-31.532 0.0 0
-31.522 0.0 0
-31.512 0.0 0
-31.502 0.0 0
-31.492 0.0 0
-31.482 0.0 0
-31.472 0.0 0
-31.462 0.0 0
-31.452 0.0 0
-31.442 0.0 0
-31.432 0.0 0
-31.422 0.0 0
-31.412 0.0 0
-31.402 0.0 0
-31.392 0.0 0
-31.382 0.0 0
-31.372 0.0 0
-31.362 0.0 0
-31.352 0.0 0
-31.342 0.0 0
-31.332 0.0 0
-31.322 0.0 0
-31.312 0.0 0
-31.302 0.0 0
-31.292 0.0 0
-31.282 0.0 0
-31.272 0.0 0
-31.262 0.0 0
-31.252 0.0 0
-31.242 0.0 0
-31.232 0.0 0
-31.222 0.0 0
-31.212 0.0 0
-31.202 0.0 0
-31.192 0.0 0
-31.182 0.0 0
-31.172 0.0 0
-31.162 0.0 0
-31.152 0.0 0
-31.142 0.0 0
-31.132 0.0 0
-31.122 0.0 0
-31.112 0.0 0
-31.102 0.0 0
-31.092 0.0 0
-31.082 0.0 0
-31.072 0.0 0
-31.062 0.0 0
-31.052 0.0 0
-31.042 0.0 0
-31.032 0.0 0
-31.022 0.0 0
-31.012 0.0 0
-31.002 0.0 0
-30.992 0.0 0
-30.982 0.0 0
-30.972 0.0 0
-30.962 0.0 0
-30.952 0.0 0
-30.942 0.0 0
-30.932 0.0 0
-30.922 0.0 0
-30.912 0.0 0
-30.902 0.0 0
-30.892 0.0 0
-30.882 0.0 0
-30.872 0.0 0
-30.862 0.0 0
-30.852 0.0 0
-30.842 0.0 0
-30.832 0.0 0
-30.822 0.0 0
-30.812 0.0 0
-30.802 0.0 0
-30.792 0.0 0
-30.782 0.0 0
-30.772 0.0 0
-30.762 0.0 0
-30.752 0.0 0
-30.742 0.0 0
-30.732 0.0 0
-30.722 0.0 0
-30.712 0.0 0
-30.702 0.0 0
-30.692 0.0 0
-30.682 0.0 0
-30.672 0.0 0
-30.662 0.0 0
-30.652 0.0 0
-30.642 0.0 0
-30.632 0.0 0
-30.622 0.0 0
-30.612 0.0 0
-30.602 0.0 0
-30.592 0.0 0
-30.582 0.0 0
-30.572 0.0 0
-30.562 0.0 0
-30.552 0.0 0
-30.542 0.0 0
-30.532 0.0 0
-30.522 0.0 0
-30.512 0.0 0
-30.502 0.0 0
-30.492 0.0 0
-30.482 0.0 0
-30.472 0.0 0
-30.462 0.0 0
-30.452 0.0 0
-30.442 0.0 0
-30.432 0.0 0
-30.422 0.0 0
-30.412 0.0 0
-30.402 0.0 0
-30.392 0.0 0
-30.382 0.0 0
-30.372 0.0 0
-30.362 0.0 0
-30.352 0.0 0
-30.342 0.0 0
-30.332 0.0 0
-30.322 0.0 0
-30.312 0.0 0
-30.302 0.0 0
-30.292 0.0 0
-30.282 0.0 0
-30.272 0.0 0
-30.262 0.0 0
-30.252 0.0 0
-30.242 0.0 0
-30.232 0.0 0
-30.222 0.0 0
-30.212 0.0 0
-30.202 0.0 0
-30.192 0.0 0
-30.182 0.0 0
-30.172 0.0 0
-30.162 0.0 0
-30.152 0.0 0
-30.142 0.0 0
-30.132 0.0 0
-30.122 0.0 0
-30.112 0.0 0
-30.102 0.0 0
-30.092 0.0 0
-30.082 0.0 0
-30.072 0.0 0
-30.062 0.0 0
-30.052 0.0 0
-30.042 0.0 0
-30.032 0.0 0
-30.022 0.0 0
-30.012 0.0 0
-30.002 0.0 0
-29.992 0.0 0
-29.982 0.0 0
-29.972 0.0 0
-29.962 0.0 0
-29.952 0.0 0
-29.942 0.0 0
-29.932 0.0 0
-29.922 0.0 0
-29.912 0.0 0
-29.902 0.0 0
-29.892 0.0 0
-29.882 0.0 0
-29.872 0.0 0
-29.862 0.0 0
-29.852 0.0 0
-29.842 0.0 0
-29.832 0.0 0
-29.822 0.0 0
-29.812 0.0 0
-29.802 0.0 0
-29.792 0.0 0
-29.782 0.0 0
-29.772 0.0 0
-29.762 0.0 0
-29.752 0.0 0
-29.742 0.0 0
-29.732 0.0 0
-29.722 0.0 0
-29.712 0.0 0
-29.702 0.0 0
-29.692 0.0 0
-29.682 0.0 0
-29.672 0.0 0
-29.662 0.0 0
-29.652 0.0 0
-29.642 0.0 0
-29.632 0.0 0
-29.622 0.0 0
-29.612 0.0 0
-29.602 0.0 0
-29.592 0.0 0
-29.582 0.0 0
-29.572 0.0 0
-29.562 0.0 0
-29.552 0.0 0
-29.542 0.0 0
-29.532 0.0 0
-29.522 0.0 0
-29.512 0.0 0
-29.502 0.0 0
-29.492 0.0 0
-29.482 0.0 0
-29.472 0.0 0
-29.462 0.0 0
-29.452 0.0 0
-29.442 0.0 0
-29.432 0.0 0
-29.422 0.0 0
-29.412 0.0 0
-29.402 0.0 0
-29.392 0.0 0
-29.382 0.0 0
-29.372 0.0 0
-29.362 0.0 0
-29.352 0.0 0
-29.342 0.0 0
-29.332 0.0 0
-29.322 0.0 0
-29.312 0.0 0
-29.302 0.0 0
-29.292 0.0 0
-29.282 0.0 0
-29.272 0.0 0
-29.262 0.0 0
-29.252 0.0 0
-29.242 0.0 0
-29.232 0.0 0
-29.222 0.0 0
-29.212 0.0 0
-29.202 0.0 0
-29.192 0.0 0
-29.182 0.0 0
-29.172 0.0 0
-29.162 0.0 0
-29.152 0.0 0
-29.142 0.0 0
-29.132 0.0 0
-29.122 0.0 0
-29.112 0.0 0
-29.102 0.0 0
-29.092 0.0 0
-29.082 0.0 0
-29.072 0.0 0
-29.062 0.0 0
-29.052 0.0 0
-29.042 0.0 0
-29.032 0.0 0
-29.022 0.0 0
-29.012 0.0 0
-29.002 0.0 0
-28.992 0.0 0
-28.982 0.0 0
-28.972 0.0 0
-28.962 0.0 0
-28.952 0.0 0
-28.942 0.0 0
-28.932 0.0 0
-28.922 0.0 0
-28.912 0.0 0
-28.902 0.0 0
-28.892 0.0 0
-28.882 0.0 0
-28.872 0.0 0
-28.862 0.0 0
-28.852 0.0 0
-28.842 0.0 0
-28.832 0.0 0
-28.822 0.0 0
-28.812 0.0 0
-28.802 0.0 0
-28.792 0.0 0
-28.782 0.0 0
-28.772 0.0 0
-28.762 0.0 0
-28.752 0.0 0
-28.742 0.0 0
-28.732 0.0 0
-28.722 0.0 0
-28.712 0.0 0
-28.702 0.0 0
-28.692 0.0 0
-28.682 0.0 0
-28.672 0.0 0
-28.662 0.0 0
-28.652 0.0 0
-28.642 0.0 0
-28.632 0.0 0
-28.622 0.0 0
-28.612 0.0 0
-28.602 0.0 0
-28.592 0.0 0
-28.582 0.0 0
-28.572 0.0 0
-28.562 0.0 0
-28.552 0.0 0
-28.542 0.0 0
-28.532 0.0 0
-28.522 0.0 0
-28.512 0.0 0
-28.502 0.0 0
-28.492 0.0 0
-28.482 0.0 0
-28.472 0.0 0
-28.462 0.0 0
-28.452 0.0 0
-28.442 0.0 0
-28.432 0.0 0
-28.422 0.0 0
-28.412 0.0 0
-28.402 0.0 0
-28.392 0.0 0
-28.382 0.0 0
-28.372 0.0 0
-28.362 0.0 0
-28.352 0.0 0
-28.342 0.0 0
-28.332 0.0 0
-28.322 0.0 0
-28.312 0.0 0
-28.302 0.0 0
-28.292 0.0 0
-28.282 0.0 0
-28.272 0.0 0
-28.262 0.0 0
-28.252 0.0 0
-28.242 0.0 0
-28.232 0.0 0
-28.222 0.0 0
-28.212 0.0 0
-28.202 0.0 0
-28.192 0.0 0
-28.182 0.0 0
-28.172 0.0 0
-28.162 0.0 0
-28.152 0.0 0
-28.142 0.0 0
-28.132 0.0 0
-28.122 0.0 0
-28.112 0.0 0
-28.102 0.0 0
-28.092 0.0 0
-28.082 0.0 0
-28.072 0.0 0
-28.062 0.0 0
-28.052 0.0 0
-28.042 0.0 0
-28.032 0.0 0
-28.022 0.0 0
-28.012 0.0 0
-28.002 0.0 0
-27.992 0.0 0
-27.982 0.0 0
-27.972 0.0 0
-27.962 0.0 0
-27.952 0.0 0
-27.942 0.0 0
-27.932 0.0 0
-27.922 0.0 0
-27.912 0.0 0
-27.902 0.0 0
-27.892 0.0 0
-27.882 0.0 0
-27.872 0.0 0
-27.862 0.0 0
-27.852 0.0 0
-27.842 0.0 0
-27.832 0.0 0
-27.822 0.0 0
-27.812 0.0 0
-27.802 0.0 0
-27.792 0.0 0
-27.782 0.0 0
-27.772 0.0 0
-27.762 0.0 0
-27.752 0.0 0
-27.742 0.0 0
-27.732 0.0 0
-27.722 0.0 0
-27.712 0.0 0
-27.702 0.0 0
-27.692 0.0 0
-27.682 0.0 0
-27.672 0.0 0
-27.662 0.0 0
-27.652 0.0 0
-27.642 0.0 0
-27.632 0.0 0
-27.622 0.0 0
-27.612 0.0 0
-27.602 0.0 0
-27.592 0.0 0
-27.582 0.0 0
-27.572 0.0 0
-27.562 0.0 0
-27.552 0.0 0
-27.542 0.0 0
-27.532 0.0 0
-27.522 0.0 0
-27.512 0.0 0
-27.502 0.0 0
-27.492 0.0 0
-27.482 0.0 0
-27.472 0.0 0
-27.462 0.0 0
-27.452 0.0 0
-27.442 0.0 0
-27.432 0.0 0
-27.422 0.0 0
-27.412 0.0 0
-27.402 0.0 0
-27.392 0.0 0
-27.382 0.0 0
-27.372 0.0 0
-27.362 0.0 0
-27.352 0.0 0
-27.342 0.0 0
-27.332 0.0 0
-27.322 0.0 0
-27.312 0.0 0
-27.302 0.0 0
-27.292 0.0 0
-27.282 0.0 0
-27.272 0.0 0
-27.262 0.0 0
-27.252 0.0 0
-27.242 0.0 0
-27.232 0.0 0
-27.222 0.0 0
-27.212 0.0 0
-27.202 0.0 0
-27.192 0.0 0
-27.182 0.0 0
-27.172 0.0 0
-27.162 0.0 0
-27.152 0.0 0
-27.142 0.0 0
-27.132 0.0 0
-27.122 0.0 0
-27.112 0.0 0
-27.102 0.0 0
-27.092 0.0 0
-27.082 0.0 0
-27.072 0.0 0
-27.062 0.0 0
-27.052 0.0 0
-27.042 0.0 0
-27.032 0.0 0
-27.022 0.0 0
-27.012 0.0 0
-27.002 0.0 0
-26.992 0.0 0
-26.982 0.0 0
-26.972 0.0 0
-26.962 0.0 0
-26.952 0.0 0
-26.942 0.0 0
-26.932 0.0 0
-26.922 0.0 0
-26.912 0.0 0
-26.902 0.0 0
-26.892 0.0 0
-26.882 0.0 0
-26.872 0.0 0
-26.862 0.0 0
-26.852 0.0 0
-26.842 0.0 0
-26.832 0.0 0
-26.822 0.0 0
-26.812 0.0 0
-26.802 0.0 0
-26.792 0.0 0
-26.782 0.0 0
-26.772 0.0 0
-26.762 0.0 0
-26.752 0.0 0
-26.742 0.0 0
-26.732 0.0 0
-26.722 0.0 0
-26.712 0.0 0
-26.702 0.0 0
-26.692 0.0 0
-26.682 0.0 0
-26.672 0.0 0
-26.662 0.0 0
-26.652 0.0 0
-26.642 0.0 0
-26.632 0.0 0
-26.622 0.0 0
-26.612 0.0 0
-26.602 0.0 0
-26.592 0.0 0
-26.582 0.0 0
-26.572 0.0 0
-26.562 0.0 0
-26.552 0.0 0
-26.542 0.0 0
-26.532 0.0 0
-26.522 0.0 0
-26.512 0.0 0
-26.502 0.0 0
-26.492 0.0 0
-26.482 0.0 0
-26.472 0.0 0
-26.462 0.0 0
-26.452 0.0 0
-26.442 0.0 0
-26.432 0.0 0
-26.422 0.0 0
-26.412 0.0 0
-26.402 0.0 0
-26.392 0.0 0
-26.382 0.0 0
-26.372 0.0 0
-26.362 0.0 0
-26.352 0.0 0
-26.342 0.0 0
-26.332 0.0 0
-26.322 0.0 0
-26.312 0.0 0
-26.302 0.0 0
-26.292 0.0 0
-26.282 0.0 0
-26.272 0.0 0
-26.262 0.0 0
-26.252 0.0 0
-26.242 0.0 0
-26.232 0.0 0
-26.222 0.0 0
-26.212 0.0 0
-26.202 0.0 0
-26.192 0.0 0
-26.182 0.0 0
-26.172 0.0 0
-26.162 0.0 0
-26.152 0.0 0
-26.142 0.0 0
-26.132 0.0 0
-26.122 0.0 0
-26.112 0.0 0
-26.102 0.0 0
-26.092 0.0 0
-26.082 0.0 0
-26.072 0.0 0
-26.062 0.0 0
-26.052 0.0 0
-26.042 0.0 0
-26.032 0.0 0
-26.022 0.0 0
-26.012 0.0 0
-26.002 0.0 0
-25.992 0.0 0
-25.982 0.0 0
-25.972 0.0 0
-25.962 0.0 0
-25.952 0.0 0
-25.942 0.0 0
-25.932 0.0 0
-25.922 0.0 0
-25.912 0.0 0
-25.902 0.0 0
-25.892 0.0 0
-25.882 0.0 0
-25.872 0.0 0
-25.862 0.0 0
-25.852 0.0 0
-25.842 0.0 0
-25.832 0.0 0
-25.822 0.0 0
-25.812 0.0 0
-25.802 0.0 0
-25.792 0.0 0
-25.782 0.0 0
-25.772 0.0 0
-25.762 0.0 0
-25.752 0.0 0
-25.742 0.0 0
-25.732 0.0 0
-25.722 0.0 0
-25.712 0.0 0
-25.702 0.0 0
-25.692 0.0 0
-25.682 0.0 0
-25.672 0.0 0
-25.662 0.0 0
-25.652 0.0 0
-25.642 0.0 0
-25.632 0.0 0
-25.622 0.0 0
-25.612 0.0 0
-25.602 0.0 0
-25.592 0.0 0
-25.582 0.0 0
-25.572 0.0 0
-25.562 0.0 0
-25.552 0.0 0
-25.542 0.0 0
-25.532 0.0 0
-25.522 0.0 0
-25.512 0.0 0
-25.502 0.0 0
-25.492 0.0 0
-25.482 0.0 0
-25.472 0.0 0
-25.462 0.0 0
-25.452 0.0 0
-25.442 0.0 0
-25.432 0.0 0
-25.422 0.0 0
-25.412 0.0 0
-25.402 0.0 0
-25.392 0.0 0
-25.382 0.0 0
-25.372 0.0 0
-25.362 0.0 0
-25.352 0.0 0
-25.342 0.0 0
-25.332 0.0 0
-25.322 0.0 0
-25.312 0.0 0
-25.302 0.0 0
-25.292 0.0 0
-25.282 0.0 0
-25.272 0.0 0
-25.262 0.0 0
-25.252 0.0 0
-25.242 0.0 0
-25.232 0.0 0
-25.222 0.0 0
-25.212 0.0 0
-25.202 0.0 0
-25.192 0.0 0
-25.182 0.0 0
-25.172 0.0 0
-25.162 0.0 0
-25.152 0.0 0
-25.142 0.0 0
-25.132 0.0 0
-25.122 0.0 0
-25.112 0.0 0
-25.102 0.0 0
-25.092 0.0 0
-25.082 0.0 0
-25.072 0.0 0
-25.062 0.0 0
-25.052 0.0 0
-25.042 0.0 0
-25.032 0.0 0
-25.022 0.0 0
-25.012 0.0 0
-25.002 0.0 0
-24.992 0.0 0
-24.982 0.0 0
-24.972 0.0 0
-24.962 0.0 0
-24.952 0.0 0
-24.942 0.0 0
-24.932 0.0 0
-24.922 0.0 0
-24.912 0.0 0
-24.902 0.0 0
-24.892 0.0 0
-24.882 0.0 0
-24.872 0.0 0
-24.862 0.0 0
-24.852 0.0 0
-24.842 0.0 0
-24.832 0.0 0
-24.822 0.0 0
-24.812 0.0 0
-24.802 0.0 0
-24.792 0.0 0
-24.782 0.0 0
-24.772 0.0 0
-24.762 0.0 0
-24.752 0.0 0
-24.742 0.0 0
-24.732 0.0 0
-24.722 0.0 0
-24.712 0.0 0
-24.702 0.0 0
-24.692 0.0 0
-24.682 0.0 0
-24.672 0.0 0
-24.662 0.0 0
-24.652 0.0 0
-24.642 0.0 0
-24.632 0.0 0
-24.622 0.0 0
-24.612 0.0 0
-24.602 0.0 0
-24.592 0.0 0
-24.582 0.0 0
-24.572 0.0 0
-24.562 0.0 0
-24.552 0.0 0
-24.542 0.0 0
-24.532 0.0 0
-24.522 0.0 0
-24.512 0.0 0
-24.502 0.0 0
-24.492 0.0 0
-24.482 0.0 0
-24.472 0.0 0
-24.462 0.0 0
-24.452 0.0 0
-24.442 0.0 0
-24.432 0.0 0
-24.422 0.0 0
-24.412 0.0 0
-24.402 0.0 0
-24.392 0.0 0
-24.382 0.0 0
-24.372 0.0 0
-24.362 0.0 0
-24.352 0.0 0
-24.342 0.0 0
-24.332 0.0 0
-24.322 0.0 0
-24.312 0.0 0
-24.302 0.0 0
-24.292 0.0 0
-24.282 0.0 0
-24.272 0.0 0
-24.262 0.0 0
-24.252 0.0 0
-24.242 0.0 0
-24.232 0.0 0
-24.222 0.0 0
-24.212 0.0 0
-24.202 0.0 0
-24.192 0.0 0
-24.182 0.0 0
-24.172 0.0 0
-24.162 0.0 0
-24.152 0.0 0
-24.142 0.0 0
-24.132 0.0 0
-24.122 0.0 0
-24.112 0.0 0
-24.102 0.0 0
-24.092 0.0 0
-24.082 0.0 0
-24.072 0.0 0
-24.062 0.0 0
-24.052 0.0 0
-24.042 0.0 0
-24.032 0.0 0
-24.022 0.0 0
-24.012 0.0 0
-24.002 0.0 0
-23.992 0.0 0
-23.982 0.0 0
-23.972 0.0 0
-23.962 0.0 0
-23.952 0.0 0
-23.942 0.0 0
-23.932 0.0 0
-23.922 0.0 0
-23.912 0.0 0
-23.902 0.0 0
-23.892 0.0 0
-23.882 0.0 0
-23.872 0.0 0
-23.862 0.0 0
-23.852 0.0 0
-23.842 0.0 0
-23.832 0.0 0
-23.822 0.0 0
-23.812 0.0 0
-23.802 0.0 0
-23.792 0.0 0
-23.782 0.0 0
-23.772 0.0 0
-23.762 0.0 0
-23.752 0.0 0
-23.742 0.0 0
-23.732 0.0 0
-23.722 0.0 0
-23.712 0.0 0
-23.702 0.0 0
-23.692 0.0 0
-23.682 0.0 0
-23.672 0.0 0
-23.662 0.0 0
-23.652 0.0 0
-23.642 0.0 0
-23.632 0.0 0
-23.622 0.0 0
-23.612 0.0 0
-23.602 0.0 0
-23.592 0.0 0
-23.582 0.0 0
-23.572 0.0 0
-23.562 0.0 0
-23.552 0.0 0
-23.542 0.0 0
-23.532 0.0 0
-23.522 0.0 0
-23.512 0.0 0
-23.502 0.0 0
-23.492 0.0 0
-23.482 0.0 0
-23.472 0.0 0
-23.462 0.0 0
-23.452 0.0 0
-23.442 0.0 0
-23.432 0.0 0
-23.422 0.0 0
-23.412 0.0 0
-23.402 0.0 0
-23.392 0.0 0
-23.382 0.0 0
-23.372 0.0 0
-23.362 0.0 0
-23.352 0.0 0
-23.342 0.0 0
-23.332 0.0 0
-23.322 0.0 0
-23.312 0.0 0
-23.302 0.0 0
-23.292 0.0 0
-23.282 0.0 0
-23.272 0.0 0
-23.262 0.0 0
-23.252 0.0 0
-23.242 0.0 0
-23.232 0.0 0
-23.222 0.0 0
-23.212 0.0 0
-23.202 0.0 0
-23.192 0.0 0
-23.182 0.0 0
-23.172 0.0 0
-23.162 0.0 0
-23.152 0.0 0
-23.142 0.0 0
-23.132 0.0 0
-23.122 0.0 0
-23.112 0.0 0
-23.102 0.0 0
-23.092 0.0 0
-23.082 0.0 0
-23.072 0.0 0
-23.062 0.0 0
-23.052 0.0 0
-23.042 0.0 0
-23.032 0.0 0
-23.022 0.0 0
-23.012 0.0 0
-23.002 0.0 0
-22.992 0.0 0
-22.982 0.0 0
-22.972 0.0 0
-22.962 0.0 0
-22.952 0.0 0
-22.942 0.0 0
-22.932 0.0 0
-22.922 0.0 0
-22.912 0.0 0
-22.902 0.0 0
-22.892 0.0 0
-22.882 0.0 0
-22.872 0.0 0
-22.862 0.0 0
-22.852 0.0 0
-22.842 0.0 0
-22.832 0.0 0
-22.822 0.0 0
-22.812 0.0 0
-22.802 0.0 0
-22.792 0.0 0
-22.782 0.0 0
-22.772 0.0 0
-22.762 0.0 0
-22.752 0.0 0
-22.742 0.0 0
-22.732 0.0 0
-22.722 0.0 0
-22.712 0.0 0
-22.702 0.0 0
-22.692 0.0 0
-22.682 0.0 0
-22.672 0.0 0
-22.662 0.0 0
-22.652 0.0 0
-22.642 0.0 0
-22.632 0.0 0
-22.622 0.0 0
-22.612 0.0 0
-22.602 0.0 0
-22.592 0.0 0
-22.582 0.0 0
-22.572 0.0 0
-22.562 0.0 0
-22.552 0.0 0
-22.542 0.0 0
-22.532 0.0 0
-22.522 0.0 0
-22.512 0.0 0
-22.502 0.0 0
-22.492 0.0 0
-22.482 0.0 0
-22.472 0.0 0
-22.462 0.0 0
-22.452 0.0 0
-22.442 0.0 0
-22.432 0.0 0
-22.422 0.0 0
-22.412 0.0 0
-22.402 0.0 0
-22.392 0.0 0
-22.382 0.0 0
-22.372 0.0 0
-22.362 0.0 0
-22.352 0.0 0
-22.342 0.0 0
-22.332 0.0 0
-22.322 0.0 0
-22.312 0.0 0
-22.302 0.0 0
-22.292 0.0 0
-22.282 0.0 0
-22.272 0.0 0
-22.262 0.0 0
-22.252 0.0 0
-22.242 0.0 0
-22.232 0.0 0
-22.222 0.0 0
-22.212 0.0 0
-22.202 0.0 0
-22.192 0.0 0
-22.182 0.0 0
-22.172 0.0 0
-22.162 0.0 0
-22.152 0.0 0
-22.142 0.0 0
-22.132 0.0 0
-22.122 0.0 0
-22.112 0.0 0
-22.102 0.0 0
-22.092 0.0 0
-22.082 0.0 0
-22.072 0.0 0
-22.062 0.0 0
-22.052 0.0 0
-22.042 0.0 0
-22.032 0.0 0
-22.022 0.0 0
-22.012 0.0 0
-22.002 0.0 0
-21.992 0.0 0
-21.982 0.0 0
-21.972 0.0 0
-21.962 0.0 0
-21.952 0.0 0
-21.942 0.0 0
-21.932 0.0 0
-21.922 0.0 0
-21.912 0.0 0
-21.902 0.0 0
-21.892 0.0 0
-21.882 0.0 0
-21.872 0.0 0
-21.862 0.0 0
-21.852 0.0 0
-21.842 0.0 0
-21.832 0.0 0
-21.822 0.0 0
-21.812 0.0 0
-21.802 0.0 0
-21.792 0.0 0
-21.782 0.0 0
-21.772 0.0 0
-21.762 0.0 0
-21.752 0.0 0
-21.742 0.0 0
-21.732 0.0 0
-21.722 0.0 0
-21.712 0.0 0
-21.702 0.0 0
-21.692 0.0 0
-21.682 0.0 0
-21.672 0.0 0
-21.662 0.0 0
-21.652 0.0 0
-21.642 0.0 0
-21.632 0.0 0
-21.622 0.0 0
-21.612 0.0 0
-21.602 0.0 0
-21.592 0.0 0
-21.582 0.0 0
-21.572 0.0 0
-21.562 0.0 0
-21.552 0.0 0
-21.542 0.0 0
-21.532 0.0 0
-21.522 0.0 0
-21.512 0.0 0
-21.502 0.0 0
-21.492 0.0 0
-21.482 0.0 0
-21.472 0.0 0
-21.462 0.0 0
-21.452 0.0 0
-21.442 0.0 0
-21.432 0.0 0
-21.422 0.0 0
-21.412 0.0 0
-21.402 0.0 0
-21.392 0.0 0
-21.382 0.0 0
-21.372 0.0 0
-21.362 0.0 0
-21.352 0.0 0
-21.342 0.0 0
-21.332 0.0 0
-21.322 0.0 0
-21.312 0.0 0
-21.302 0.0 0
-21.292 0.0 0
-21.282 0.0 0
-21.272 0.0 0
-21.262 0.0 0
-21.252 0.0 0
-21.242 0.0 0
-21.232 0.0 0
-21.222 0.0 0
-21.212 0.0 0
-21.202 0.0 0
-21.192 0.0 0
-21.182 0.0 0
-21.172 0.0 0
-21.162 0.0 0
-21.152 0.0 0
-21.142 0.0 0
-21.132 0.0 0
-21.122 0.0 0
-21.112 0.0 0
-21.102 0.0 0
-21.092 0.0 0
-21.082 0.0 0
-21.072 0.0 0
-21.062 0.0 0
-21.052 0.0 0
-21.042 0.0 0
-21.032 0.0 0
-21.022 0.0 0
-21.012 0.0 0
-21.002 0.0 0
-20.992 0.0 0
-20.982 0.0 0
-20.972 0.0 0
-20.962 0.0 0
-20.952 0.0 0
-20.942 0.0 0
-20.932 0.0 0
-20.922 0.0 0
-20.912 0.0 0
-20.902 0.0 0
-20.892 0.0 0
-20.882 0.0 0
-20.872 0.0 0
-20.862 0.0 0
-20.852 0.0 0
-20.842 0.0 0
-20.832 0.0 0
-20.822 0.0 0
-20.812 0.0 0
-20.802 0.0 0
-20.792 0.0 0
-20.782 0.0 0
-20.772 0.0 0
-20.762 0.0 0
-20.752 0.0 0
-20.742 0.0 0
-20.732 0.0 0
-20.722 0.0 0
-20.712 0.0 0
-20.702 0.0 0
-20.692 0.0 0
-20.682 0.0 0
-20.672 0.0 0
-20.662 0.0 0
-20.652 0.0 0
-20.642 0.0 0
-20.632 0.0 0
-20.622 0.0 0
-20.612 0.0 0
-20.602 0.0 0
-20.592 0.0 0
-20.582 0.0 0
-20.572 0.0 0
-20.562 0.0 0
-20.552 0.0 0
-20.542 0.0 0
-20.532 0.0 0
-20.522 0.0 0
-20.512 0.0 0
-20.502 0.0 0
-20.492 0.0 0
-20.482 0.0 0
-20.472 0.0 0
-20.462 0.0 0
-20.452 0.0 0
-20.442 0.0 0
-20.432 0.0 0
-20.422 0.0 0
-20.412 0.0 0
-20.402 0.0 0
-20.392 0.0 0
-20.382 0.0 0
-20.372 0.0 0
-20.362 0.0 0
-20.352 0.0 0
-20.342 0.0 0
-20.332 0.0 0
-20.322 0.0 0
-20.312 0.0 0
-20.302 0.0 0
-20.292 0.0 0
-20.282 0.0 0
-20.272 0.0 0
-20.262 0.0 0
-20.252 0.0 0
-20.242 0.0 0
-20.232 0.0 0
-20.222 0.0 0
-20.212 0.0 0
-20.202 0.0 0
-20.192 0.0 0
-20.182 0.0 0
-20.172 0.0 0
-20.162 0.0 0
-20.152 0.0 0
-20.142 0.0 0
-20.132 0.0 0
-20.122 0.0 0
-20.112 0.0 0
-20.102 0.0 0
-20.092 0.0 0
-20.082 0.0 0
-20.072 0.0 0
-20.062 0.0 0
-20.052 0.0 0
-20.042 0.0 0
-20.032 0.0 0
-20.022 0.0 0
-20.012 0.0 0
-20.002 0.0 0
-19.992 0.0 0
-19.982 0.0 0
-19.972 0.0 0
-19.962 0.0 0
-19.952 0.0 0
-19.942 0.0 0
-19.932 0.0 0
-19.922 0.0 0
-19.912 0.0 0
-19.902 0.0 0
-19.892 0.0 0
-19.882 0.0 0
-19.872 0.0 0
-19.862 0.0 0
-19.852 0.0 0
-19.842 0.0 0
-19.832 0.0 0
-19.822 0.0 0
-19.812 0.0 0
-19.802 0.0 0
-19.792 0.0 0
-19.782 0.0 0
-19.772 0.0 0
-19.762 0.0 0
-19.752 0.0 0
-19.742 0.0 0
-19.732 0.0 0
-19.722 0.0 0
-19.712 0.0 0
-19.702 0.0 0
-19.692 0.0 0
-19.682 0.0 0
-19.672 0.0 0
-19.662 0.0 0
-19.652 0.0 0
-19.642 0.0 0
-19.632 0.0 0
-19.622 0.0 0
-19.612 0.0 0
-19.602 0.0 0
-19.592 0.0 0
-19.582 0.0 0
-19.572 0.0 0
-19.562 0.0 0
-19.552 0.0 0
-19.542 0.0 0
-19.532 0.0 0
-19.522 0.0 0
-19.512 0.0 0
-19.502 0.0 0
-19.492 0.0 0
-19.482 0.0 0
-19.472 0.0 0
-19.462 0.0 0
-19.452 0.0 0
-19.442 0.0 0
-19.432 0.0 0
-19.422 0.0 0
-19.412 0.0 0
-19.402 0.0 0
-19.392 0.0 0
-19.382 0.0 0
-19.372 0.0 0
-19.362 0.0 0
-19.352 0.0 0
-19.342 0.0 0
-19.332 0.0 0
-19.322 0.0 0
-19.312 0.0 0
-19.302 0.0 0
-19.292 0.0 0
-19.282 0.0 0
-19.272 0.0 0
-19.262 0.0 0
-19.252 0.0 0
-19.242 0.0 0
-19.232 0.0 0
-19.222 0.0 0
-19.212 0.0 0
-19.202 0.0 0
-19.192 0.0 0
-19.182 0.0 0
-19.172 0.0 0
-19.162 0.0 0
-19.152 0.0 0
-19.142 0.0 0
-19.132 0.0 0
-19.122 0.0 0
-19.112 0.0 0
-19.102 0.0 0
-19.092 0.0 0
-19.082 0.0 0
-19.072 0.0 0
-19.062 0.0 0
-19.052 0.0 0
-19.042 0.0 0
-19.032 0.0 0
-19.022 0.0 0
-19.012 0.0 0
-19.002 0.0 0
-18.992 0.0 0
-18.982 0.0 0
-18.972 0.0 0
-18.962 0.0 0
-18.952 0.0 0
-18.942 0.0 0
-18.932 0.0 0
-18.922 0.0 0
-18.912 0.0 0
-18.902 0.0 0
-18.892 0.0 0
-18.882 0.0 0
-18.872 0.0 0
-18.862 0.0 0
-18.852 0.0 0
-18.842 0.0 0
-18.832 0.0 0
-18.822 0.0 0
-18.812 0.0 0
-18.802 0.0 0
-18.792 0.0 0
-18.782 0.0 0
-18.772 0.0 0
-18.762 0.0 0
-18.752 0.0 0
-18.742 0.0 0
-18.732 0.0 0
-18.722 0.0 0
-18.712 0.0 0
-18.702 0.0 0
-18.692 0.0 0
-18.682 0.0 0
-18.672 0.0 0
-18.662 0.0 0
-18.652 0.0 0
-18.642 0.0 0
-18.632 0.0 0
-18.622 0.0 0
-18.612 0.0 0
-18.602 0.0 0
-18.592 0.0 0
-18.582 0.0 0
-18.572 0.0 0
-18.562 0.0 0
-18.552 0.0 0
-18.542 0.0 0
-18.532 0.0 0
-18.522 0.0 0
-18.512 0.0 0
-18.502 0.0 0
-18.492 0.0 0
-18.482 0.0 0
-18.472 0.0 0
-18.462 0.0 0
-18.452 0.0 0
-18.442 0.0 0
-18.432 0.0 0
-18.422 0.0 0
-18.412 0.0 0
-18.402 0.0 0
-18.392 0.0 0
-18.382 0.0 0
-18.372 0.0 0
-18.362 0.0 0
-18.352 0.0 0
-18.342 0.0 0
-18.332 0.0 0
-18.322 0.0 0
-18.312 0.0 0
-18.302 0.0 0
-18.292 0.0 0
-18.282 0.0 0
-18.272 0.0 0
-18.262 0.0 0
-18.252 0.0 0
-18.242 0.0 0
-18.232 0.0 0
-18.222 0.0 0
-18.212 0.0 0
-18.202 0.0 0
-18.192 0.0 0
-18.182 0.0 0
-18.172 0.0 0
-18.162 0.0 0
-18.152 0.0 0
-18.142 0.0 0
-18.132 0.0 0
-18.122 0.0 0
-18.112 0.0 0
-18.102 0.0 0
-18.092 0.0 0
-18.082 0.0 0
-18.072 0.0 0
-18.062 0.0 0
-18.052 0.0 0
-18.042 0.0 0
-18.032 0.0 0
-18.022 0.0 0
-18.012 0.0 0
-18.002 0.0 0
-17.992 0.0 0
-17.982 0.0 0
-17.972 0.0 0
-17.962 0.0 0
-17.952 0.0 0
-17.942 0.0 0
-17.932 0.0 0
-17.922 0.0 0
-17.912 0.0 0
-17.902 0.0 0
-17.892 0.0 0
-17.882 0.0 0
-17.872 0.0 0
-17.862 0.0 0
-17.852 0.0 0
-17.842 0.0 0
-17.832 0.0 0
-17.822 0.0 0
-17.812 0.0 0
-17.802 0.0 0
-17.792 0.0 0
-17.782 0.0 0
-17.772 0.0 0
-17.762 0.0 0
-17.752 0.0 0
-17.742 0.0 0
-17.732 0.0 0
-17.722 0.0 0
-17.712 0.0 0
-17.702 0.0 0
-17.692 0.0 0
-17.682 0.0 0
-17.672 0.0 0
-17.662 0.0 0
-17.652 0.0 0
-17.642 0.0 0
-17.632 0.0 0
-17.622 0.0 0
-17.612 0.0 0
-17.602 0.0 0
-17.592 0.0 0
-17.582 0.0 0
-17.572 0.0 0
-17.562 0.0 0
-17.552 0.0 0
-17.542 0.0 0
-17.532 0.0 0
-17.522 0.0 0
-17.512 0.0 0
-17.502 0.0 0
-17.492 0.0 0
-17.482 0.0 0
-17.472 0.0 0
-17.462 0.0 0
-17.452 0.0 0
-17.442 0.0 0
-17.432 0.0 0
-17.422 0.0 0
-17.412 0.0 0
-17.402 0.0 0
-17.392 0.0 0
-17.382 0.0 0
-17.372 0.0 0
-17.362 0.0 0
-17.352 0.0 0
-17.342 0.0 0
-17.332 0.0 0
-17.322 0.0 0
-17.312 0.0 0
-17.302 0.0 0
-17.292 0.0 0
-17.282 0.0 0
-17.272 0.0 0
-17.262 0.0 0
-17.252 0.0 0
-17.242 0.0 0
-17.232 0.0 0
-17.222 0.0 0
-17.212 0.0 0
-17.202 0.0 0
-17.192 0.0 0
-17.182 0.0 0
-17.172 0.0 0
-17.162 0.0 0
-17.152 0.0 0
-17.142 0.0 0
-17.132 0.0 0
-17.122 0.0 0
-17.112 0.0 0
-17.102 0.0 0
-17.092 0.0 0
-17.082 0.0 0
-17.072 0.0 0
-17.062 0.0 0
-17.052 0.0 0
-17.042 0.0 0
-17.032 0.0 0
-17.022 0.0 0
-17.012 0.0 0
-17.002 0.0 0
-16.992 0.0 0
-16.982 0.0 0
-16.972 0.0 0
-16.962 0.0 0
-16.952 0.0 0
-16.942 0.0 0
-16.932 0.0 0
-16.922 0.0 0
-16.912 0.0 0
-16.902 0.0 0
-16.892 0.0 0
-16.882 0.0 0
-16.872 0.0 0
-16.862 0.0 0
-16.852 0.0 0
-16.842 0.0 0
-16.832 0.0 0
-16.822 0.0 0
-16.812 0.0 0
-16.802 0.0 0
-16.792 0.0 0
-16.782 0.0 0
-16.772 0.0 0
-16.762 0.0 0
-16.752 0.0 0
-16.742 0.0 0
-16.732 0.0 0
-16.722 0.0 0
-16.712 0.0 0
-16.702 0.0 0
-16.692 0.0 0
-16.682 0.0 0
-16.672 0.0 0
-16.662 0.0 0
-16.652 0.0 0
-16.642 0.0 0
-16.632 0.0 0
-16.622 0.0 0
-16.612 0.0 0
-16.602 0.0 0
-16.592 0.0 0
-16.582 0.0 0
-16.572 0.0 0
-16.562 0.0 0
-16.552 0.0 0
-16.542 0.0 0
-16.532 0.0 0
-16.522 0.0 0
-16.512 0.0 0
-16.502 0.0 0
-16.492 0.0 0
-16.482 0.0 0
-16.472 0.0 0
-16.462 0.0 0
-16.452 0.0 0
-16.442 0.0 0
-16.432 0.0 0
-16.422 0.0 0
-16.412 0.0 0
-16.402 0.0 0
-16.392 0.0 0
-16.382 0.0 0
-16.372 0.0 0
-16.362 0.0 0
-16.352 0.0 0
-16.342 0.0 0
-16.332 0.0 0
-16.322 0.0 0
-16.312 0.0 0
-16.302 0.0 0
-16.292 0.0 0
-16.282 0.0 0
-16.272 0.0 0
-16.262 0.0 0
-16.252 0.0 0
-16.242 0.0 0
-16.232 0.0 0
-16.222 0.0 0
-16.212 0.0 0
-16.202 0.0 0
-16.192 0.0 0
-16.182 0.0 0
-16.172 0.0 0
-16.162 0.0 0
-16.152 0.0 0
-16.142 0.0 0
-16.132 0.0 0
-16.122 0.0 0
-16.112 0.0 0
-16.102 0.0 0
-16.092 0.0 0
-16.082 0.0 0
-16.072 0.0 0
-16.062 0.0 0
-16.052 0.0 0
-16.042 0.0 0
-16.032 0.0 0
-16.022 0.0 0
-16.012 0.0 0
-16.002 0.0 0
-15.992 0.0 0
-15.982 0.0 0
-15.972 0.0 0
-15.962 0.0 0
-15.952 0.0 0
-15.942 0.0 0
-15.932 0.0 0
-15.922 0.0 0
-15.912 0.0 0
-15.902 0.0 0
-15.892 0.0 0
-15.882 0.0 0
-15.872 0.0 0
-15.862 0.0 0
-15.852 0.0 0
-15.842 0.0 0
-15.832 0.0 0
-15.822 0.0 0
-15.812 0.0 0
-15.802 0.0 0
-15.792 0.0 0
-15.782 0.0 0
-15.772 0.0 0
-15.762 0.0 0
-15.752 0.0 0
-15.742 0.0 0
-15.732 0.0 0
-15.722 0.0 0
-15.712 0.0 0
-15.702 0.0 0
-15.692 0.0 0
-15.682 0.0 0
-15.672 0.0 0
-15.662 0.0 0
-15.652 0.0 0
-15.642 0.0 0
-15.632 0.0 0
-15.622 0.0 0
-15.612 0.0 0
-15.602 0.0 0
-15.592 0.0 0
-15.582 0.0 0
-15.572 0.0 0
-15.562 0.0 0
-15.552 0.0 0
-15.542 0.0 0
-15.532 0.0 0
-15.522 0.0 0
-15.512 0.0 0
-15.502 0.0 0
-15.492 0.0 0
-15.482 0.0 0
-15.472 0.0 0
-15.462 0.0 0
-15.452 0.0 0
-15.442 0.0 0
-15.432 0.0 0
-15.422 0.0 0
-15.412 0.0 0
-15.402 0.0 0
-15.392 0.0 0
-15.382 0.0 0
-15.372 0.0 0
-15.362 0.0 0
-15.352 0.0 0
-15.342 0.0 0
-15.332 0.0 0
-15.322 0.0 0
-15.312 0.0 0
-15.302 0.0 0
-15.292 0.0 0
-15.282 0.0 0
-15.272 0.0 0
-15.262 0.0 0
-15.252 0.0 0
-15.242 0.0 0
-15.232 0.0 0
-15.222 0.0 0
-15.212 0.0 0
-15.202 0.0 0
-15.192 0.0 0
-15.182 0.0 0
-15.172 0.0 0
-15.162 0.0 0
-15.152 0.0 0
-15.142 0.0 0
-15.132 0.0 0
-15.122 0.0 0
-15.112 0.0 0
-15.102 0.0 0
-15.092 0.0 0
-15.082 0.0 0
-15.072 0.0 0
-15.062 0.0 0
-15.052 0.0 0
-15.042 0.0 0
-15.032 0.0 0
-15.022 0.0 0
-15.012 0.0 0
-15.002 0.0 0
-14.992 0.0 0
-14.982 0.0 0
-14.972 0.0 0
-14.962 0.0 0
-14.952 0.0 0
-14.942 0.0 0
-14.932 0.0 0
-14.922 0.0 0
-14.912 0.0 0
-14.902 0.0 0
-14.892 0.0 0
-14.882 0.0 0
-14.872 0.0 0
-14.862 0.0 0
-14.852 0.0 0
-14.842 0.0 0
-14.832 0.0 0
-14.822 0.0 0
-14.812 0.0 0
-14.802 0.0 0
-14.792 0.0 0
-14.782 0.0 0
-14.772 0.0 0
-14.762 0.0 0
-14.752 0.0 0
-14.742 0.0 0
-14.732 0.0 0
-14.722 0.0 0
-14.712 0.0 0
-14.702 0.0 0
-14.692 0.0 0
-14.682 0.0 0
-14.672 0.0 0
-14.662 0.0 0
-14.652 7.4021e-18 0
-14.642 3.1828e-17 0
-14.632 6.643e-17 0
-14.622 1.6689e-16 0
-14.612 3.5382e-16 0
-14.602 7.178e-16 0
-14.592 1.4472e-15 0
-14.582 2.8739e-15 0
-14.572 5.663e-15 0
-14.562 1.1027e-14 0
-14.552 2.1201e-14 0
-14.542 4.046e-14 -3.2284e-18
-14.532 7.631e-14 -6.7862e-18
-14.522 1.4288e-13 -3.0001e-17
-14.512 2.6321e-13 -7.29e-17
-14.502 4.811e-13 -1.5845e-16
-14.492 8.694e-13 -3.344e-16
-14.482 1.5511e-12 -6.796e-16
-14.472 2.7554e-12 -1.3599e-15
-14.462 4.819e-12 -2.6987e-15
-14.452 8.36e-12 -5.29e-15
-14.442 1.4336e-11 -1.0274e-14
-14.432 2.4338e-11 -1.972e-14
-14.422 4.087e-11 -3.747e-14
-14.412 6.785e-11 -7.053e-14
-14.402 1.1101e-10 -1.3094e-13
-14.392 1.8173e-10 -2.4093e-13
-14.382 2.9182e-10 -4.398e-13
-14.372 4.651e-10 -7.923e-13
-14.362 7.334e-10 -1.4121e-12
-14.352 1.1445e-09 -2.492e-12
-14.342 1.7666e-09 -4.352e-12
-14.332 2.6948e-09 -7.517e-12
-14.322 4.072e-09 -1.2818e-11
-14.312 6.083e-09 -2.1739e-11
-14.302 8.992e-09 -3.636e-11
-14.292 1.3121e-08 -6.017e-11
-14.282 1.903e-08 -9.853e-11
-14.272 2.7348e-08 -1.5981e-10
-14.262 3.875e-08 -2.5609e-10
-14.252 5.441e-08 -4.073e-10
-14.242 7.558e-08 -6.393e-10
-14.232 1.0378e-07 -9.925e-10
-14.222 1.4141e-07 -1.5245e-09
-14.212 1.8978e-07 -2.3217e-09
-14.202 2.5243e-07 -3.49e-09
-14.192 3.3271e-07 -5.21e-09
-14.182 4.338e-07 -7.673e-09
-14.172 5.594e-07 -1.1187e-08
-14.162 7.136e-07 -1.6194e-08
-14.152 9.02e-07 -2.3074e-08
-14.142 1.1229e-06 -3.255e-08
-14.132 1.3979e-06 -4.553e-08
-14.122 1.7072e-06 -6.303e-08
-14.112 2.0613e-06 -8.621e-08
-14.102 2.4702e-06 -1.1637e-07
-14.092 2.9346e-06 -1.5701e-07
-14.082 3.4432e-06 -2.0799e-07
-14.072 3.987e-06 -2.726e-07
-14.062 4.585e-06 -3.533e-07
-14.052 5.206e-06 -4.543e-07
-14.042 5.861e-06 -5.771e-07
-14.032 6.517e-06 -7.261e-07
-14.022 7.174e-06 -9.036e-07
-14.012 7.82e-06 -1.1131e-06
-14.002 8.433e-06 -1.3531e-06
-13.992 8.991e-06 -1.6377e-06
-13.982 9.496e-06 -1.947e-06
-13.972 9.922e-06 -2.3011e-06
-13.962 1.025e-05 -2.689e-06
-13.952 1.0488e-05 -3.114e-06
-13.942 1.0616e-05 -3.561e-06
-13.932 1.0632e-05 -4.031e-06
-13.922 1.0538e-05 -4.514e-06
-13.912 1.0332e-05 -4.998e-06
-13.902 1.0026e-05 -5.482e-06
-13.892 9.62e-06 -5.944e-06
-13.882 9.145e-06 -6.385e-06
-13.872 8.592e-06 -6.78e-06
-13.862 7.994e-06 -7.128e-06
-13.852 7.361e-06 -7.41e-06
-13.842 6.706e-06 -7.632e-06
-13.832 6.039e-06 -7.765e-06
-13.822 5.383e-06 -7.828e-06
-13.812 4.757e-06 -7.811e-06
-13.802 4.145e-06 -7.701e-06
-13.792 3.587e-06 -7.521e-06
-13.782 3.0624e-06 -7.262e-06
-13.772 2.5926e-06 -6.944e-06
-13.762 2.1678e-06 -6.567e-06
-13.752 1.7977e-06 -6.145e-06
-13.742 1.4728e-06 -5.686e-06
-13.732 1.1928e-06 -5.215e-06
-13.722 9.59e-07 -4.722e-06
-13.712 7.614e-07 -4.237e-06
-13.702 5.984e-07 -3.764e-06
-13.692 4.656e-07 -3.302e-06
-13.682 3.577e-07 -2.873e-06
-13.672 2.721e-07 -2.468e-06
-13.662 2.0562e-07 -2.0982e-06
-13.652 1.5266e-07 -1.7725e-06
-13.642 1.1278e-07 -1.4713e-06
-13.632 8.23e-08 -1.2151e-06
-13.622 5.946e-08 -9.915e-07
-13.612 4.251e-08 -7.994e-07
-13.602 3.0048e-08 -6.384e-07
-13.592 2.0994e-08 -5.051e-07
-13.582 1.4536e-08 -3.943e-07
-13.572 9.955e-09 -3.053e-07
-13.562 6.754e-09 -2.3386e-07
-13.552 4.528e-09 -1.7749e-07
-13.542 3.0055e-09 -1.3298e-07
-13.532 1.9713e-09 -9.839e-08
-13.522 1.2774e-09 -7.218e-08
-13.512 8.236e-10 -5.242e-08
-13.502 5.24e-10 -3.769e-08
-13.492 3.2918e-10 -2.673e-08
-13.482 2.0573e-10 -1.882e-08
-13.472 1.2693e-10 -1.3142e-08
-13.462 7.706e-11 -9.025e-09
-13.452 4.652e-11 -6.148e-09
-13.442 2.7746e-11 -4.146e-09
-13.432 1.6406e-11 -2.77e-09
-13.422 9.587e-12 -1.8217e-09
-13.412 5.538e-12 -1.1915e-09
-13.402 3.1731e-12 -7.713e-10
-13.392 1.7953e-12 -4.929e-10
-13.382 1.0053e-12 -3.118e-10
-13.372 5.577e-13 -1.9497e-10
-13.362 3.0562e-13 -1.2089e-10
-13.352 1.6611e-13 -7.416e-11
-13.342 8.904e-14 -4.496e-11
-13.332 4.728e-14 -2.7e-11
-13.322 2.4869e-14 -1.5991e-11
-13.312 1.2959e-14 -9.416e-12
-13.302 6.65e-15 -5.477e-12
-13.292 3.385e-15 -3.145e-12
-13.282 1.7056e-15 -1.7867e-12
-13.272 8.51e-16 -1.0082e-12
-13.262 4.175e-16 -5.62e-13
-13.252 1.9161e-16 -3.097e-13
-13.242 9.253e-17 -1.6845e-13
-13.232 3.1795e-17 -9.117e-14
-13.222 5.218e-18 -4.868e-14
-13.212 2.478e-18 -2.575e-14
-13.202 0.0 -1.3493e-14
-13.192 0.0 -6.953e-15
-13.182 0.0 -3.558e-15
-13.172 0.0 -1.8054e-15
-13.162 0.0 -9.038e-16
-13.152 0.0 -4.454e-16
-13.142 0.0 -2.1817e-16
-13.132 0.0 -9.885e-17
-13.122 0.0 -3.761e-17
-13.112 0.0 -1.5844e-17
-13.102 0.0 -2.446e-18
-13.092 0.0 0
-13.082 0.0 0
-13.072 0.0 0
-13.062 0.0 0
-13.052 0.0 0
-13.042 0.0 0
-13.032 0.0 0
-13.022 0.0 0
-13.012 0.0 0
-13.002 0.0 0
-12.992 0.0 0
-12.982 0.0 0
-12.972 0.0 0
-12.962 0.0 0
-12.952 0.0 0
-12.942 0.0 0
-12.932 0.0 0
-12.922 0.0 0
-12.912 0.0 0
-12.902 0.0 0
-12.892 0.0 0
-12.882 0.0 0
-12.872 0.0 0
-12.862 0.0 0
-12.852 0.0 0
-12.842 0.0 0
-12.832 0.0 0
-12.822 0.0 0
-12.812 0.0 0
-12.802 0.0 0
-12.792 0.0 0
-12.782 0.0 0
-12.772 0.0 0
-12.762 0.0 0
-12.752 0.0 0
-12.742 0.0 0
-12.732 0.0 0
-12.722 0.0 0
-12.712 0.0 0
-12.702 0.0 0
-12.692 0.0 0
-12.682 0.0 0
-12.672 0.0 0
-12.662 0.0 0
-12.652 0.0 0
-12.642 0.0 0
-12.632 0.0 0
-12.622 0.0 0
-12.612 0.0 0
-12.602 0.0 0
-12.592 0.0 0
-12.582 0.0 0
-12.572 0.0 0
-12.562 0.0 0
-12.552 0.0 0
-12.542 0.0 0
-12.532 0.0 0
-12.522 0.0 0
-12.512 0.0 0
-12.502 0.0 0
-12.492 0.0 0
-12.482 0.0 0
-12.472 0.0 0
-12.462 0.0 0
-12.452 0.0 0
-12.442 0.0 0
-12.432 0.0 0
-12.422 0.0 0
-12.412 0.0 0
-12.402 0.0 0
-12.392 0.0 0
-12.382 0.0 0
-12.372 0.0 0
-12.362 0.0 0
-12.352 0.0 0
-12.342 0.0 0
-12.332 0.0 0
-12.322 0.0 0
-12.312 0.0 0
-12.302 0.0 0
-12.292 0.0 0
-12.282 0.0 0
-12.272 0.0 0
-12.262 0.0 0
-12.252 0.0 0
-12.242 0.0 0
-12.232 0.0 0
-12.222 0.0 0
-12.212 0.0 0
-12.202 0.0 0
-12.192 0.0 0
-12.182 0.0 0
-12.172 0.0 0
-12.162 0.0 0
-12.152 0.0 0
-12.142 0.0 0
-12.132 0.0 0
-12.122 0.0 0
-12.112 0.0 0
-12.102 0.0 0
-12.092 0.0 0
-12.082 0.0 0
-12.072 0.0 0
-12.062 0.0 0
-12.052 0.0 0
-12.042 0.0 0
-12.032 0.0 0
-12.022 0.0 0
-12.012 0.0 0
-12.002 0.0 0
-11.992 0.0 0
-11.982 0.0 0
-11.972 0.0 0
-11.962 0.0 0
-11.952 0.0 0
-11.942 0.0 0
-11.932 0.0 0
-11.922 0.0 0
-11.912 0.0 0
-11.902 0.0 0
-11.892 0.0 0
-11.882 0.0 0
-11.872 0.0 0
-11.862 0.0 0
-11.852 0.0 0
-11.842 0.0 0
-11.832 0.0 0
-11.822 0.0 0
-11.812 0.0 0
-11.802 0.0 0
-11.792 0.0 0
-11.782 0.0 0
-11.772 0.0 0
-11.762 0.0 0
-11.752 0.0 0
-11.742 0.0 0
-11.732 0.0 0
-11.722 0.0 0
-11.712 0.0 0
-11.702 0.0 0
-11.692 0.0 0
-11.682 0.0 0
-11.672 0.0 0
-11.662 0.0 0
-11.652 0.0 0
-11.642 0.0 0
-11.632 0.0 0
-11.622 0.0 0
-11.612 0.0 0
-11.602 0.0 0
-11.592 0.0 0
-11.582 0.0 0
-11.572 0.0 0
-11.562 0.0 0
-11.552 0.0 0
-11.542 0.0 0
-11.532 0.0 0
-11.522 0.0 0
-11.512 0.0 0
-11.502 0.0 0
-11.492 0.0 0
-11.482 0.0 0
-11.472 0.0 0
-11.462 0.0 0
-11.452 0.0 0
-11.442 0.0 0
-11.432 0.0 0
-11.422 0.0 0
-11.412 0.0 0
-11.402 0.0 0
-11.392 0.0 0
-11.382 0.0 0
-11.372 0.0 0
-11.362 0.0 0
-11.352 0.0 0
-11.342 0.0 0
-11.332 0.0 0
-11.322 0.0 0
-11.312 0.0 0
-11.302 0.0 0
-11.292 0.0 0
-11.282 0.0 0
-11.272 0.0 0
-11.262 0.0 0
-11.252 0.0 0
-11.242 0.0 0
-11.232 0.0 0
-11.222 0.0 0
-11.212 0.0 0
-11.202 0.0 0
-11.192 0.0 0
-11.182 0.0 0
-11.172 0.0 0
-11.162 0.0 0
-11.152 0.0 0
-11.142 0.0 0
-11.132 0.0 0
-11.122 0.0 0
-11.112 0.0 0
-11.102 0.0 0
-11.092 0.0 0
-11.082 0.0 0
-11.072 0.0 0
-11.062 0.0 0
-11.052 0.0 0
-11.042 0.0 0
-11.032 0.0 0
-11.022 0.0 0
-11.012 0.0 0
-11.002 0.0 0
-10.992 0.0 0
-10.982 0.0 0
-10.972 0.0 0
-10.962 0.0 0
-10.952 0.0 0
-10.942 0.0 0
-10.932 0.0 0
-10.922 0.0 0
-10.912 0.0 0
-10.902 0.0 0
-10.892 0.0 0
-10.882 0.0 0
-10.872 0.0 0
-10.862 0.0 0
-10.852 0.0 0
-10.842 0.0 0
-10.832 0.0 0
-10.822 0.0 0
-10.812 0.0 0
-10.802 0.0 0
-10.792 0.0 0
-10.782 0.0 0
-10.772 0.0 0
-10.762 0.0 0
-10.752 0.0 0
-10.742 0.0 0
-10.732 0.0 0
-10.722 0.0 0
-10.712 0.0 0
-10.702 0.0 0
-10.692 0.0 0
-10.682 0.0 0
-10.672 0.0 0
-10.662 0.0 0
-10.652 0.0 0
-10.642 0.0 0
-10.632 0.0 0
-10.622 0.0 0
-10.612 0.0 0
-10.602 0.0 0
-10.592 0.0 0
-10.582 0.0 0
-10.572 0.0 0
-10.562 0.0 0
-10.552 0.0 0
-10.542 0.0 0
-10.532 0.0 0
-10.522 0.0 0
-10.512 0.0 0
-10.502 0.0 0
-10.492 0.0 0
-10.482 0.0 0
-10.472 0.0 0
-10.462 0.0 0
-10.452 0.0 0
-10.442 0.0 0
-10.432 0.0 0
-10.422 0.0 0
-10.412 0.0 0
-10.402 0.0 0
-10.392 0.0 0
-10.382 0.0 0
-10.372 0.0 0
-10.362 0.0 0
-10.352 0.0 0
-10.342 0.0 0
-10.332 0.0 0
-10.322 0.0 0
-10.312 0.0 0
-10.302 0.0 0
-10.292 0.0 0
-10.282 0.0 0
-10.272 0.0 0
-10.262 0.0 0
-10.252 0.0 0
-10.242 0.0 0
-10.232 0.0 0
-10.222 0.0 0
-10.212 0.0 0
-10.202 0.0 0
-10.192 0.0 0
-10.182 0.0 0
-10.172 0.0 0
-10.162 0.0 0
-10.152 0.0 0
-10.142 0.0 0
-10.132 0.0 0
-10.122 0.0 0
-10.112 0.0 0
-10.102 0.0 0
-10.092 0.0 0
-10.082 0.0 0
-10.072 0.0 0
-10.062 0.0 0
-10.052 0.0 0
-10.042 0.0 0
-10.032 0.0 0
-10.022 0.0 0
-10.012 0.0 0
-10.002 0.0 0
-9.992 0.0 0
-9.982 0.0 0
-9.972 0.0 0
-9.962 0.0 0
-9.952 0.0 0
-9.942 0.0 0
-9.932 0.0 0
-9.922 0.0 0
-9.912 0.0 0
-9.902 0.0 0
-9.892 0.0 0
-9.882 0.0 0
-9.872 0.0 0
-9.862 0.0 0
-9.852 0.0 0
-9.842 0.0 0
-9.832 0.0 0
-9.822 0.0 0
-9.812 0.0 0
-9.802 0.0 0
-9.792 0.0 0
-9.782 0.0 0
-9.772 0.0 0
-9.762 0.0 0
-9.752 0.0 0
-9.742 0.0 0
-9.732 0.0 0
-9.722 0.0 0
-9.712 0.0 0
-9.702 0.0 0
-9.692 0.0 0
-9.682 0.0 0
-9.672 0.0 0
-9.662 0.0 0
-9.652 0.0 0
-9.642 0.0 0
-9.632 0.0 0
-9.622 0.0 0
-9.612 0.0 0
-9.602 0.0 0
-9.592 0.0 0
-9.582 0.0 0
-9.572 0.0 0
-9.562 0.0 0
-9.552 0.0 0
-9.542 0.0 0
-9.532 0.0 0
-9.522 0.0 0
-9.512 0.0 0
-9.502 0.0 0
-9.492 0.0 0
-9.482 0.0 0
-9.472 0.0 0
-9.462 0.0 0
-9.452 0.0 0
-9.442 0.0 0
-9.432 0.0 0
-9.422 0.0 0
-9.412 0.0 0
-9.402 0.0 0
-9.392 0.0 0
-9.382 0.0 0
-9.372 0.0 0
-9.362 0.0 0
-9.352 0.0 0
-9.342 0.0 0
-9.332 0.0 0
-9.322 0.0 0
-9.312 0.0 0
-9.302 0.0 0
-9.292 0.0 0
-9.282 0.0 0
-9.272 0.0 0
-9.262 0.0 0
-9.252 0.0 0
-9.242 0.0 0
-9.232 0.0 0
-9.222 0.0 0
-9.212 0.0 0
-9.202 0.0 0
-9.192 0.0 0
-9.182 0.0 0
-9.172 0.0 0
-9.162 0.0 0
-9.152 0.0 0
-9.142 0.0 0
-9.132 0.0 0
-9.122 1.0435e-16 0
-9.112 2.2007e-16 0
-9.102 4.574e-16 0
-9.092 9.402e-16 0
-9.082 1.9128e-15 0
-9.072 3.8614e-15 0
-9.062 7.699e-15 0
-9.052 1.5171e-14 0
-9.042 2.9583e-14 0
-9.032 5.712e-14 0
-9.022 1.0896e-13 0
-9.012 2.0573e-13 0
-9.002 3.839e-13 0
-8.992 7.103e-13 0
-8.982 1.2987e-12 0
-8.972 2.3506e-12 0
-8.962 4.206e-12 0
-8.952 7.438e-12 0
-8.942 1.302e-11 0
-8.932 2.2575e-11 0
-8.922 3.8631e-11 0
-8.912 6.543e-11 0
-8.902 1.0991e-10 0
-8.892 1.8221e-10 0
-8.882 2.9931e-10 -7.8158e-17
-8.872 4.855e-10 -1.64176e-16
-8.862 7.8e-10 -3.40812e-16
-8.852 1.239e-09 -7.0099e-16
-8.842 1.9499e-09 -1.42443e-15
-8.832 3.0333e-09 -2.8672e-15
-8.822 4.664e-09 -5.6937e-15
-8.812 7.098e-09 -1.1214e-14
-8.802 1.0685e-08 -2.18056e-14
-8.792 1.5933e-08 -4.2039e-14
-8.782 2.3455e-08 -8.0103e-14
-8.772 3.4307e-08 -1.50914e-13
-8.762 4.949e-08 -2.81618e-13
-8.752 7.072e-08 -5.1836e-13
-8.742 9.987e-08 -9.4688e-13
-8.732 1.3976e-07 -1.70712e-12
-8.722 1.9352e-07 -3.05119e-12
-8.712 2.6502e-07 -5.3882e-12
-8.702 3.607e-07 -9.4193e-12
-8.692 4.837e-07 -1.62874e-11
-8.682 6.428e-07 -2.78607e-11
-8.672 8.47e-07 -4.715e-11
-8.662 1.1045e-06 -7.8891e-11
-8.652 1.4283e-06 -1.30546e-10
-8.642 1.8293e-06 -2.14236e-10
-8.632 2.323e-06 -3.46054e-10
-8.622 2.928e-06 -5.5535e-10
-8.612 3.652e-06 -8.8011e-10
-8.602 4.516e-06 -1.38257e-09
-8.592 5.556e-06 -2.14557e-09
-8.582 6.786e-06 -3.29897e-09
-8.572 8.241e-06 -5.0057e-09
-8.562 9.931e-06 -7.5101e-09
-8.552 1.193e-05 -1.11815e-08
-8.542 1.424e-05 -1.64313e-08
-8.532 1.692e-05 -2.38951e-08
-8.522 2.004e-05 -3.4386e-08
-8.512 2.365e-05 -4.9047e-08
-8.502 2.779e-05 -6.9167e-08
-8.492 3.266e-05 -9.64e-08
-8.482 3.813e-05 -1.33242e-07
-8.472 4.453e-05 -1.8201e-07
-8.462 5.162e-05 -2.4557e-07
-8.452 5.99e-05 -3.2885e-07
-8.442 6.92e-05 -4.359e-07
-8.432 7.98e-05 -5.7158e-07
-8.422 9.15e-05 -7.4241e-07
-8.412 0.0001046 -9.543e-07
-8.402 0.0001191 -1.2155e-06
-8.392 0.0001348 -1.5335e-06
-8.382 0.0001519 -1.9134e-06
-8.372 0.0001703 -2.3801e-06
-8.362 0.0001899 -2.9174e-06
-8.352 0.0002108 -3.561e-06
-8.342 0.0002325 -4.321e-06
-8.332 0.0002553 -5.194e-06
-8.322 0.0002789 -6.202e-06
-8.312 0.0003036 -7.357e-06
-8.302 0.0003279 -8.694e-06
-8.292 0.0003536 -1.0232e-05
-8.282 0.000379 -1.198e-05
-8.272 0.0004058 -1.4e-05
-8.262 0.0004323 -1.631e-05
-8.252 0.0004597 -1.896e-05
-8.242 0.0004869 -2.199e-05
-8.232 0.0005139 -2.549e-05
-8.222 0.0005418 -2.944e-05
-8.212 0.0005695 -3.395e-05
-8.202 0.0005961 -3.921e-05
-8.192 0.0006214 -4.505e-05
-8.182 0.0006475 -5.156e-05
-8.172 0.0006724 -5.9e-05
-8.162 0.0006949 -6.72e-05
-8.152 0.0007141 -7.61e-05
-8.142 0.0007329 -8.6e-05
-8.132 0.0007482 -9.67e-05
-8.122 0.0007602 -0.0001082
-8.112 0.0007686 -0.0001205
-8.102 0.0007747 -0.0001333
-8.092 0.0007782 -0.000147
-8.082 0.0007774 -0.0001609
-8.072 0.0007752 -0.0001753
-8.062 0.0007686 -0.0001899
-8.052 0.0007608 -0.0002051
-8.042 0.0007519 -0.0002203
-8.032 0.0007418 -0.0002357
-8.022 0.0007316 -0.0002514
-8.012 0.0007215 -0.0002672
-8.002 0.0007105 -0.0002832
-7.992 0.0007007 -0.0002994
-7.982 0.000692 -0.0003157
-7.972 0.0006846 -0.000332
-7.962 0.0006784 -0.0003492
-7.952 0.0006725 -0.0003654
-7.942 0.0006699 -0.0003819
-7.932 0.0006665 -0.0003995
-7.922 0.0006665 -0.0004148
-7.912 0.0006666 -0.0004297
-7.902 0.0006681 -0.0004443
-7.892 0.0006729 -0.0004573
-7.882 0.0006799 -0.0004687
-7.872 0.0006872 -0.0004791
-7.862 0.0006988 -0.0004872
-7.852 0.0007127 -0.0004928
-7.842 0.000728 -0.0004971
-7.832 0.0007476 -0.0004991
-7.822 0.0007696 -0.0004977
-7.812 0.0007951 -0.000497
-7.802 0.0008219 -0.0004941
-7.792 0.0008521 -0.0004899
-7.782 0.0008838 -0.0004846
-7.772 0.000919 -0.0004784
-7.762 0.0009546 -0.0004727
-7.752 0.0009896 -0.0004671
-7.742 0.0010272 -0.0004617
-7.732 0.0010661 -0.0004565
-7.722 0.001103 -0.0004517
-7.712 0.00114 -0.0004482
-7.702 0.001178 -0.0004451
-7.692 0.001215 -0.0004434
-7.682 0.001251 -0.000442
-7.672 0.001288 -0.000442
-7.662 0.001327 -0.0004423
-7.652 0.001365 -0.0004429
-7.642 0.001404 -0.0004447
-7.632 0.001446 -0.0004477
-7.622 0.00149 -0.0004511
-7.612 0.001536 -0.0004557
-7.602 0.001586 -0.0004615
-7.592 0.001641 -0.0004685
-7.582 0.0017 -0.0004769
-7.572 0.001762 -0.0004866
-7.562 0.00183 -0.0004976
-7.552 0.001903 -0.00051
-7.542 0.00198 -0.0005246
-7.532 0.002061 -0.0005397
-7.522 0.002148 -0.0005571
-7.512 0.002236 -0.0005736
-7.502 0.002328 -0.0005925
-7.492 0.002422 -0.0006106
-7.482 0.002518 -0.0006299
-7.472 0.002615 -0.0006502
-7.462 0.002714 -0.0006688
-7.452 0.002813 -0.0006875
-7.442 0.002922 -0.0007053
-7.432 0.003018 -0.0007241
-7.422 0.00313 -0.0007405
-7.412 0.003241 -0.0007588
-7.402 0.003355 -0.0007752
-7.392 0.00349 -0.0007907
-7.382 0.003617 -0.0008065
-7.372 0.003756 -0.0008236
-7.362 0.003906 -0.0008411
-7.352 0.004058 -0.0008591
-7.342 0.004211 -0.0008788
-7.332 0.004373 -0.0009011
-7.322 0.004535 -0.000925
-7.312 0.004684 -0.000953
-7.302 0.00484 -0.000984
-7.292 0.004981 -0.001019
-7.282 0.005116 -0.00106
-7.272 0.005214 -0.001105
-7.262 0.005293 -0.001154
-7.252 0.005343 -0.00121
-7.242 0.005374 -0.00127
-7.232 0.005364 -0.001332
-7.222 0.005323 -0.001402
-7.212 0.005254 -0.001473
-7.202 0.005166 -0.001549
-7.192 0.00503 -0.001627
-7.182 0.00489 -0.001707
-7.172 0.004735 -0.001787
-7.162 0.004569 -0.001868
-7.152 0.004394 -0.00195
-7.142 0.004232 -0.002033
-7.132 0.004087 -0.002115
-7.122 0.003958 -0.002198
-7.112 0.003857 -0.002282
-7.102 0.003777 -0.002365
-7.092 0.003738 -0.002449
-7.082 0.003739 -0.002534
-7.072 0.003773 -0.00262
-7.062 0.003836 -0.002706
-7.052 0.003928 -0.00279
-7.042 0.004058 -0.002878
-7.032 0.004192 -0.002955
-7.022 0.00435 -0.003029
-7.012 0.004518 -0.0031
-7.002 0.004674 -0.003164
-6.992 0.004816 -0.003203
-6.982 0.004952 -0.003244
-6.972 0.005068 -0.003265
-6.962 0.005146 -0.003267
-6.952 0.005203 -0.003249
-6.942 0.005207 -0.003221
-6.932 0.005191 -0.003172
-6.922 0.005133 -0.003103
-6.912 0.005033 -0.003028
-6.902 0.004905 -0.002935
-6.892 0.004747 -0.002839
-6.882 0.004562 -0.002735
-6.872 0.004353 -0.002635
-6.862 0.004139 -0.002541
-6.852 0.003893 -0.002455
-6.842 0.003647 -0.002383
-6.832 0.003412 -0.002327
-6.822 0.003168 -0.002291
-6.812 0.002928 -0.002275
-6.802 0.002698 -0.00228
-6.792 0.002489 -0.002306
-6.782 0.002289 -0.002354
-6.772 0.00212 -0.002417
-6.762 0.001973 -0.002497
-6.752 0.001857 -0.002586
-6.742 0.001772 -0.002681
-6.732 0.001726 -0.002779
-6.722 0.001719 -0.002874
-6.712 0.001755 -0.002961
-6.702 0.001839 -0.003035
-6.692 0.00197 -0.003097
-6.682 0.002154 -0.003138
-6.672 0.002391 -0.003162
-6.662 0.002679 -0.003163
-6.652 0.003021 -0.003137
-6.642 0.003411 -0.003087
-6.632 0.003856 -0.003021
-6.622 0.004345 -0.002933
-6.612 0.004866 -0.002824
-6.602 0.005434 -0.002704
-6.592 0.00602 -0.002576
-6.582 0.00663 -0.002435
-6.572 0.00726 -0.002285
-6.562 0.0079 -0.002133
-6.552 0.00855 -0.001981
-6.542 0.00919 -0.001829
-6.532 0.00982 -0.001681
-6.522 0.01045 -0.001539
-6.512 0.01108 -0.001404
-6.502 0.01168 -0.00128
-6.492 0.01229 -0.001167
-6.482 0.01289 -0.001067
-6.472 0.01349 -0.000981
-6.462 0.01409 -0.000911
-6.452 0.01469 -0.000861
-6.442 0.01531 -0.000827
-6.432 0.01592 -0.000815
-6.422 0.01654 -0.000825
-6.412 0.01715 -0.000857
-6.402 0.01774 -0.000914
-6.392 0.01831 -0.000995
-6.382 0.01883 -0.001103
-6.372 0.0193 -0.001235
-6.362 0.0197 -0.001394
-6.352 0.02002 -0.001576
-6.342 0.02023 -0.001785
-6.332 0.02032 -0.002014
-6.322 0.02031 -0.002266
-6.312 0.02013 -0.002539
-6.302 0.01981 -0.002827
-6.292 0.01936 -0.003132
-6.282 0.01877 -0.003449
-6.272 0.01807 -0.003776
-6.262 0.01723 -0.00412
-6.252 0.01629 -0.004468
-6.242 0.0153 -0.00482
-6.232 0.01423 -0.005185
-6.222 0.01313 -0.00555
-6.212 0.01204 -0.00592
-6.202 0.01094 -0.00629
-6.192 0.00988 -0.00668
-6.182 0.00889 -0.00708
-6.172 0.00796 -0.00748
-6.162 0.00713 -0.00788
-6.152 0.00638 -0.0083
-6.142 0.00575 -0.00871
-6.132 0.00524 -0.00911
-6.122 0.004851 -0.00952
-6.112 0.00457 -0.0099
-6.102 0.004421 -0.01026
-6.092 0.004391 -0.01058
-6.082 0.004465 -0.01087
-6.072 0.004662 -0.0111
-6.062 0.00497 -0.01126
-6.052 0.005377 -0.01136
-6.042 0.005911 -0.01138
-6.032 0.00653 -0.01133
-6.022 0.007253 -0.01118
-6.012 0.00808 -0.01096
-6.002 0.009021 -0.01065
-5.992 0.01005 -0.01028
-5.982 0.01118 -0.00981
-5.972 0.01241 -0.00929
-5.962 0.01375 -0.00872
-5.952 0.0152 -0.00812
-5.942 0.01672 -0.00747
-5.932 0.01833 -0.00684
-5.922 0.02002 -0.00618
-5.912 0.02173 -0.00554
-5.902 0.02351 -0.00492
-5.892 0.0252 -0.004334
-5.882 0.02698 -0.003793
-5.872 0.02863 -0.003286
-5.862 0.03024 -0.00283
-5.852 0.0318 -0.002429
-5.842 0.0332 -0.002082
-5.832 0.03443 -0.001789
-5.822 0.03552 -0.00155
-5.812 0.03642 -0.001363
-5.802 0.03718 -0.001227
-5.792 0.0379 -0.00114
-5.782 0.03839 -0.0011
-5.772 0.03888 -0.001103
-5.762 0.03942 -0.001146
-5.752 0.04001 -0.001227
-5.742 0.04071 -0.001346
-5.732 0.04167 -0.001498
-5.722 0.0429 -0.00168
-5.712 0.04446 -0.001895
-5.702 0.04635 -0.002123
-5.692 0.04872 -0.002382
-5.682 0.0516 -0.002663
-5.672 0.0549 -0.002964
-5.662 0.0586 -0.003273
-5.652 0.0627 -0.003607
-5.642 0.0673 -0.003924
-5.632 0.0721 -0.004267
-5.622 0.0769 -0.004614
-5.612 0.082 -0.004957
-5.602 0.0869 -0.005315
-5.592 0.0917 -0.005671
-5.582 0.0962 -0.006024
-5.572 0.1005 -0.006377
-5.562 0.104 -0.006741
-5.552 0.1073 -0.007128
-5.542 0.1098 -0.007508
-5.532 0.1117 -0.00793
-5.522 0.1132 -0.00836
-5.512 0.1142 -0.00883
-5.502 0.1146 -0.00932
-5.492 0.1146 -0.00986
-5.482 0.1145 -0.01043
-5.472 0.1141 -0.01105
-5.462 0.1138 -0.01173
-5.452 0.1133 -0.01242
-5.442 0.1131 -0.01316
-5.432 0.113 -0.01393
-5.422 0.1133 -0.01474
-5.412 0.1139 -0.01554
-5.402 0.1147 -0.01637
-5.392 0.1158 -0.01717
-5.382 0.1173 -0.01796
-5.372 0.119 -0.01872
-5.362 0.121 -0.01946
-5.352 0.1229 -0.02013
-5.342 0.125 -0.02076
-5.332 0.1272 -0.02133
-5.322 0.1293 -0.02187
-5.312 0.1313 -0.02235
-5.302 0.1334 -0.0228
-5.292 0.1353 -0.02323
-5.282 0.1373 -0.02365
-5.272 0.1392 -0.02409
-5.262 0.1411 -0.02458
-5.252 0.143 -0.02509
-5.242 0.1448 -0.02572
-5.232 0.1469 -0.02642
-5.222 0.1489 -0.02725
-5.212 0.151 -0.0282
-5.202 0.1533 -0.02929
-5.192 0.1555 -0.03052
-5.182 0.1579 -0.03188
-5.172 0.1604 -0.03335
-5.162 0.163 -0.03494
-5.152 0.1657 -0.03666
-5.142 0.1684 -0.03841
-5.132 0.1714 -0.04023
-5.122 0.1748 -0.04195
-5.112 0.1784 -0.04348
-5.102 0.1826 -0.045
-5.092 0.1874 -0.04642
-5.082 0.193 -0.04762
-5.072 0.1997 -0.0485
-5.062 0.2076 -0.04924
-5.052 0.2168 -0.04966
-5.042 0.2277 -0.04973
-5.032 0.2404 -0.04968
-5.022 0.2548 -0.04929
-5.012 0.2711 -0.04857
-5.002 0.2896 -0.04783
-4.992 0.3103 -0.04678
-4.982 0.3329 -0.04574
-4.972 0.3574 -0.0446
-4.962 0.3838 -0.04348
-4.952 0.4123 -0.04243
-4.942 0.441 -0.04146
-4.932 0.472 -0.04061
-4.922 0.505 -0.04
-4.912 0.539 -0.03959
-4.902 0.574 -0.03939
-4.892 0.609 -0.03932
-4.882 0.645 -0.03968
-4.872 0.683 -0.04025
-4.862 0.722 -0.04093
-4.852 0.763 -0.04182
-4.842 0.805 -0.0428
-4.832 0.849 -0.04406
-4.822 0.895 -0.04527
-4.812 0.943 -0.04652
-4.802 0.994 -0.04779
-4.792 1.046 -0.049
-4.782 1.101 -0.0504
-4.772 1.159 -0.0514
-4.762 1.218 -0.0524
-4.752 1.279 -0.0534
-4.742 1.341 -0.0542
-4.732 1.403 -0.0549
-4.722 1.465 -0.0555
-4.712 1.526 -0.0559
-4.702 1.583 -0.0561
-4.692 1.639 -0.0562
-4.682 1.689 -0.0564
-4.672 1.736 -0.0564
-4.662 1.777 -0.0564
-4.652 1.81 -0.0561
-4.642 1.838 -0.056
-4.632 1.859 -0.0558
-4.622 1.874 -0.0556
-4.612 1.883 -0.0554
-4.602 1.886 -0.0552
-4.592 1.886 -0.0551
-4.582 1.881 -0.0551
-4.572 1.872 -0.0552
-4.562 1.862 -0.0552
-4.552 1.852 -0.0554
-4.542 1.842 -0.0558
-4.532 1.833 -0.0561
-4.522 1.827 -0.0567
-4.512 1.822 -0.0571
-4.502 1.82 -0.0579
-4.492 1.824 -0.0586
-4.482 1.83 -0.0593
-4.472 1.84 -0.0601
-4.462 1.854 -0.0607
-4.452 1.872 -0.0615
-4.442 1.892 -0.0621
-4.432 1.917 -0.0627
-4.422 1.944 -0.0631
-4.412 1.976 -0.0634
-4.402 2.01 -0.0635
-4.392 2.047 -0.0637
-4.382 2.088 -0.0636
-4.372 2.134 -0.0634
-4.362 2.182 -0.0632
-4.352 2.236 -0.063
-4.342 2.292 -0.063
-4.332 2.353 -0.063
-4.322 2.417 -0.0633
-4.312 2.483 -0.0638
-4.302 2.552 -0.0647
-4.292 2.624 -0.0662
-4.282 2.694 -0.0681
-4.272 2.767 -0.0706
-4.262 2.837 -0.0735
-4.252 2.906 -0.077
-4.242 2.971 -0.0811
-4.232 3.032 -0.0855
-4.222 3.087 -0.0904
-4.212 3.138 -0.0953
-4.202 3.181 -0.1005
-4.192 3.218 -0.1055
-4.182 3.246 -0.1104
-4.172 3.267 -0.1148
-4.162 3.281 -0.1187
-4.152 3.285 -0.1221
-4.142 3.283 -0.1247
-4.132 3.273 -0.1264
-4.122 3.258 -0.1276
-4.112 3.234 -0.1277
-4.102 3.206 -0.1273
-4.092 3.173 -0.1263
-4.082 3.133 -0.1247
-4.072 3.092 -0.123
-4.062 3.044 -0.1211
-4.052 2.996 -0.1194
-4.042 2.946 -0.1179
-4.032 2.895 -0.1173
-4.022 2.843 -0.1173
-4.012 2.794 -0.1184
-4.002 2.747 -0.1205
-3.992 2.703 -0.124
-3.982 2.663 -0.1288
-3.972 2.631 -0.135
-3.962 2.603 -0.1428
-3.952 2.582 -0.1518
-3.942 2.571 -0.162
-3.932 2.566 -0.1734
-3.922 2.572 -0.1858
-3.912 2.586 -0.1991
-3.902 2.608 -0.2129
-3.892 2.639 -0.2271
-3.882 2.678 -0.2412
-3.872 2.724 -0.2555
-3.862 2.778 -0.2694
-3.852 2.839 -0.2827
-3.842 2.905 -0.2954
-3.832 2.976 -0.3073
-3.822 3.051 -0.318
-3.812 3.132 -0.3274
-3.802 3.214 -0.3365
-3.792 3.299 -0.3438
-3.782 3.382 -0.3505
-3.772 3.467 -0.3568
-3.762 3.554 -0.3617
-3.752 3.644 -0.3662
-3.742 3.723 -0.3706
-3.732 3.794 -0.3749
-3.722 3.873 -0.3787
-3.712 3.943 -0.3826
-3.702 3.998 -0.387
-3.692 4.061 -0.3932
-3.682 4.1 -0.3988
-3.672 4.144 -0.4062
-3.662 4.176 -0.4143
-3.652 4.185 -0.423
-3.642 4.19 -0.433
-3.632 4.2 -0.442
-3.622 4.19 -0.453
-3.612 4.18 -0.463
-3.602 4.14 -0.473
-3.592 4.104 -0.484
-3.582 4.072 -0.492
-3.572 4.014 -0.5
-3.562 3.97 -0.508
-3.552 3.913 -0.513
-3.542 3.848 -0.517
-3.532 3.791 -0.52
-3.522 3.732 -0.522
-3.512 3.675 -0.522
-3.502 3.62 -0.522
-3.492 3.571 -0.521
-3.482 3.526 -0.52
-3.472 3.489 -0.518
-3.462 3.459 -0.518
-3.452 3.437 -0.52
-3.442 3.422 -0.523
-3.432 3.415 -0.528
-3.422 3.415 -0.535
-3.412 3.422 -0.544
-3.402 3.437 -0.553
-3.392 3.457 -0.565
-3.382 3.484 -0.578
-3.372 3.515 -0.591
-3.362 3.547 -0.604
-3.352 3.585 -0.617
-3.342 3.625 -0.627
-3.332 3.665 -0.637
-3.322 3.708 -0.644
-3.312 3.751 -0.647
-3.302 3.795 -0.647
-3.292 3.838 -0.644
-3.282 3.881 -0.639
-3.272 3.927 -0.63
-3.262 3.967 -0.617
-3.252 4.005 -0.603
-3.242 4.041 -0.586
-3.232 4.075 -0.567
-3.222 4.107 -0.549
-3.212 4.127 -0.529
-3.202 4.156 -0.51
-3.192 4.183 -0.492
-3.182 4.189 -0.476
-3.172 4.193 -0.463
-3.162 4.195 -0.4506
-3.152 4.175 -0.4433
-3.142 4.164 -0.4377
-3.132 4.121 -0.4351
-3.122 4.076 -0.4374
-3.112 4.03 -0.4428
-3.102 3.952 -0.4511
-3.092 3.873 -0.4635
-3.082 3.793 -0.4789
-3.072 3.698 -0.4973
-3.062 3.599 -0.5186
-3.052 3.496 -0.545
-3.042 3.389 -0.572
-3.032 3.283 -0.602
-3.022 3.18 -0.635
-3.012 3.081 -0.669
-3.002 2.987 -0.704
-2.992 2.905 -0.743
-2.982 2.831 -0.781
-2.972 2.768 -0.822
-2.962 2.717 -0.864
-2.952 2.679 -0.906
-2.942 2.654 -0.949
-2.932 2.638 -0.994
-2.922 2.636 -1.038
-2.912 2.644 -1.082
-2.902 2.659 -1.128
-2.892 2.682 -1.173
-2.882 2.712 -1.219
-2.872 2.746 -1.266
-2.862 2.782 -1.313
-2.852 2.819 -1.36
-2.842 2.856 -1.406
-2.832 2.892 -1.453
-2.822 2.928 -1.499
-2.812 2.96 -1.544
-2.802 2.989 -1.587
-2.792 3.016 -1.629
-2.782 3.04 -1.669
-2.772 3.06 -1.706
-2.762 3.078 -1.741
-2.752 3.094 -1.773
-2.742 3.108 -1.8
-2.732 3.121 -1.825
-2.722 3.132 -1.848
-2.712 3.143 -1.867
-2.702 3.155 -1.885
-2.692 3.165 -1.9
-2.682 3.176 -1.916
-2.672 3.187 -1.931
-2.662 3.196 -1.948
-2.652 3.207 -1.965
-2.642 3.218 -1.984
-2.632 3.227 -2.008
-2.622 3.236 -2.034
-2.612 3.242 -2.065
-2.602 3.246 -2.1
-2.592 3.248 -2.14
-2.582 3.246 -2.182
-2.572 3.241 -2.228
-2.562 3.232 -2.276
-2.552 3.216 -2.326
-2.542 3.198 -2.375
-2.532 3.173 -2.426
-2.522 3.143 -2.474
-2.512 3.109 -2.521
-2.502 3.07 -2.563
-2.492 3.025 -2.603
-2.482 2.975 -2.639
-2.472 2.922 -2.668
-2.462 2.866 -2.695
-2.452 2.806 -2.716
-2.442 2.744 -2.734
-2.432 2.68 -2.745
-2.422 2.614 -2.753
-2.412 2.546 -2.756
-2.402 2.479 -2.756
-2.392 2.412 -2.752
-2.382 2.342 -2.744
-2.372 2.272 -2.734
-2.362 2.203 -2.718
-2.352 2.133 -2.699
-2.342 2.064 -2.677
-2.332 1.996 -2.65
-2.322 1.929 -2.62
-2.312 1.862 -2.586
-2.302 1.796 -2.548
-2.292 1.732 -2.508
-2.282 1.67 -2.465
-2.272 1.612 -2.417
-2.262 1.556 -2.37
-2.252 1.504 -2.321
-2.242 1.458 -2.271
-2.232 1.417 -2.222
-2.222 1.381 -2.174
-2.212 1.351 -2.128
-2.202 1.327 -2.084
-2.192 1.311 -2.045
-2.182 1.299 -2.013
-2.172 1.295 -1.982
-2.162 1.296 -1.96
-2.152 1.303 -1.942
-2.142 1.315 -1.933
-2.132 1.33 -1.929
-2.122 1.349 -1.933
-2.112 1.369 -1.941
-2.102 1.392 -1.957
-2.092 1.417 -1.978
-2.082 1.441 -2.003
-2.072 1.466 -2.031
-2.062 1.489 -2.06
-2.052 1.511 -2.09
-2.042 1.532 -2.118
-2.032 1.552 -2.145
-2.022 1.569 -2.169
-2.012 1.584 -2.189
-2.002 1.599 -2.202
-1.992 1.611 -2.209
-1.982 1.622 -2.211
-1.972 1.631 -2.206
-1.962 1.64 -2.192
-1.952 1.648 -2.175
-1.942 1.655 -2.15
-1.932 1.664 -2.123
-1.922 1.672 -2.092
-1.912 1.681 -2.06
-1.902 1.694 -2.026
-1.892 1.709 -1.993
-1.882 1.725 -1.963
-1.872 1.745 -1.937
-1.862 1.77 -1.918
-1.852 1.8 -1.906
-1.842 1.835 -1.9
-1.832 1.878 -1.906
-1.822 1.928 -1.923
-1.812 1.985 -1.953
-1.802 2.05 -1.993
-1.792 2.124 -2.044
-1.782 2.207 -2.11
-1.772 2.299 -2.187
-1.762 2.4 -2.275
-1.752 2.508 -2.375
-1.742 2.622 -2.486
-1.732 2.745 -2.604
-1.722 2.873 -2.73
-1.712 3.003 -2.862
-1.702 3.136 -2.999
-1.692 3.269 -3.138
-1.682 3.402 -3.277
-1.672 3.532 -3.416
-1.662 3.657 -3.551
-1.652 3.777 -3.682
-1.642 3.891 -3.808
-1.632 3.996 -3.926
-1.622 4.095 -4.03
-1.612 4.18 -4.121
-1.602 4.28 -4.211
-1.592 4.36 -4.279
-1.582 4.43 -4.35
-1.572 4.51 -4.39
-1.562 4.57 -4.43
-1.552 4.64 -4.45
-1.542 4.72 -4.48
-1.532 4.8 -4.49
-1.522 4.88 -4.47
-1.512 4.98 -4.48
-1.502 5.08 -4.45
-1.492 5.2 -4.44
-1.482 5.34 -4.42
-1.472 5.49 -4.4
-1.462 5.63 -4.37
-1.452 5.8 -4.36
-1.442 5.97 -4.34
-1.432 6.15 -4.33
-1.422 6.34 -4.32
-1.412 6.54 -4.31
-1.402 6.72 -4.3
-1.392 6.91 -4.3
-1.382 7.09 -4.29
-1.372 7.28 -4.28
-1.362 7.47 -4.28
-1.352 7.64 -4.28
-1.342 7.8 -4.28
-1.332 7.95 -4.28
-1.322 8.11 -4.28
-1.312 8.24 -4.27
-1.302 8.37 -4.26
-1.292 8.5 -4.26
-1.282 8.63 -4.26
-1.272 8.76 -4.25
-1.262 8.86 -4.24
-1.252 9.0 -4.25
-1.242 9.1 -4.24
-1.232 9.21 -4.23
-1.222 9.3 -4.21
-1.212 9.42 -4.2
-1.202 9.51 -4.19
-1.192 9.61 -4.17
-1.182 9.7 -4.16
-1.172 9.78 -4.12
-1.162 9.87 -4.097
-1.152 9.94 -4.066
-1.142 10.0 -4.033
-1.132 10.06 -3.995
-1.122 10.11 -3.961
-1.112 10.14 -3.925
-1.102 10.18 -3.888
-1.092 10.2 -3.85
-1.082 10.2 -3.811
-1.072 10.2 -3.773
-1.062 10.18 -3.736
-1.052 10.16 -3.701
-1.042 10.12 -3.668
-1.032 10.07 -3.637
-1.022 9.99 -3.608
-1.012 9.89 -3.581
-1.002 9.78 -3.558
-0.992 9.66 -3.535
-0.982 9.51 -3.515
-0.972 9.34 -3.495
-0.962 9.17 -3.475
-0.952 8.98 -3.455
-0.942 8.76 -3.435
-0.932 8.54 -3.412
-0.922 8.31 -3.388
-0.912 8.09 -3.362
-0.902 7.86 -3.334
-0.892 7.63 -3.304
-0.882 7.41 -3.271
-0.872 7.2 -3.239
-0.862 7.0 -3.205
-0.852 6.82 -3.172
-0.842 6.65 -3.138
-0.832 6.51 -3.107
-0.822 6.37 -3.079
-0.812 6.26 -3.052
-0.802 6.16 -3.029
-0.792 6.07 -3.009
-0.782 5.99 -2.993
-0.772 5.92 -2.981
-0.762 5.84 -2.971
-0.752 5.77 -2.964
-0.742 5.68 -2.96
-0.732 5.6 -2.955
-0.722 5.49 -2.951
-0.712 5.38 -2.946
-0.702 5.25 -2.941
-0.692 5.09 -2.933
-0.682 4.93 -2.923
-0.672 4.76 -2.91
-0.662 4.564 -2.892
-0.652 4.353 -2.87
-0.642 4.153 -2.846
-0.632 3.936 -2.817
-0.622 3.728 -2.782
-0.612 3.532 -2.746
-0.602 3.343 -2.708
-0.592 3.171 -2.665
-0.582 3.018 -2.621
-0.572 2.888 -2.573
-0.562 2.781 -2.526
-0.552 2.701 -2.476
-0.542 2.646 -2.426
-0.532 2.617 -2.376
-0.522 2.613 -2.325
-0.512 2.631 -2.276
-0.502 2.67 -2.228
-0.492 2.724 -2.181
-0.482 2.794 -2.134
-0.472 2.871 -2.089
-0.462 2.956 -2.047
-0.452 3.044 -2.007
-0.442 3.131 -1.969
-0.432 3.215 -1.934
-0.422 3.294 -1.902
-0.412 3.363 -1.875
-0.402 3.43 -1.851
-0.392 3.481 -1.83
-0.382 3.517 -1.812
-0.372 3.549 -1.798
-0.362 3.575 -1.789
-0.352 3.586 -1.783
-0.342 3.594 -1.782
-0.332 3.586 -1.782
-0.322 3.574 -1.785
-0.312 3.556 -1.792
-0.302 3.531 -1.8
-0.292 3.501 -1.806
-0.282 3.467 -1.815
-0.272 3.428 -1.823
-0.262 3.383 -1.831
-0.252 3.336 -1.835
-0.242 3.281 -1.836
-0.232 3.224 -1.836
-0.222 3.162 -1.831
-0.212 3.096 -1.822
-0.202 3.026 -1.812
-0.192 2.952 -1.799
-0.182 2.876 -1.78
-0.172 2.798 -1.759
-0.162 2.72 -1.736
-0.152 2.64 -1.71
-0.142 2.563 -1.682
-0.132 2.488 -1.654
-0.122 2.415 -1.624
-0.112 2.348 -1.596
-0.102 2.285 -1.566
-0.092 2.229 -1.535
-0.082 2.177 -1.505
-0.072 2.132 -1.476
-0.062 2.092 -1.446
-0.052 2.057 -1.418
-0.042 2.026 -1.389
-0.032 1.998 -1.359
-0.022 1.972 -1.33
-0.012 1.946 -1.3
-0.002 1.919 -1.271
0.008 1.891 -1.24
0.018 1.858 -1.209
0.028 1.823 -1.177
0.038 1.783 -1.146
0.048 1.738 -1.113
0.058 1.69 -1.081
0.068 1.636 -1.049
0.078 1.577 -1.018
0.088 1.518 -0.988
0.098 1.455 -0.958
0.108 1.391 -0.929
0.118 1.329 -0.902
0.128 1.267 -0.877
0.138 1.206 -0.854
0.148 1.147 -0.832
0.158 1.094 -0.814
0.168 1.042 -0.799
0.178 0.994 -0.786
0.188 0.95 -0.776
0.198 0.909 -0.77
0.208 0.871 -0.766
0.218 0.837 -0.765
0.228 0.805 -0.766
0.238 0.775 -0.771
0.248 0.747 -0.777
0.258 0.719 -0.786
0.268 0.694 -0.795
0.278 0.67 -0.806
0.288 0.646 -0.819
0.298 0.626 -0.831
0.308 0.606 -0.845
0.318 0.588 -0.857
0.328 0.574 -0.869
0.338 0.563 -0.882
0.348 0.554 -0.892
0.358 0.55 -0.902
0.368 0.551 -0.911
0.378 0.555 -0.918
0.388 0.565 -0.927
0.398 0.58 -0.933
0.408 0.6 -0.939
0.418 0.624 -0.946
0.428 0.652 -0.952
0.438 0.685 -0.959
0.448 0.72 -0.967
0.458 0.756 -0.975
0.468 0.795 -0.985
0.478 0.833 -0.998
0.488 0.869 -1.01
0.498 0.906 -1.026
0.508 0.94 -1.044
0.518 0.97 -1.062
0.528 0.994 -1.083
0.538 1.013 -1.105
0.548 1.027 -1.128
0.558 1.034 -1.152
0.568 1.034 -1.175
0.578 1.026 -1.199
0.588 1.012 -1.224
0.598 0.99 -1.246
0.608 0.963 -1.268
0.618 0.93 -1.287
0.628 0.892 -1.305
0.638 0.85 -1.321
0.648 0.804 -1.334
0.658 0.756 -1.345
0.668 0.706 -1.354
0.678 0.657 -1.361
0.688 0.607 -1.367
0.698 0.559 -1.372
0.708 0.512 -1.375
0.718 0.4683 -1.378
0.728 0.4278 -1.381
0.738 0.3914 -1.385
0.748 0.3584 -1.391
0.758 0.3297 -1.399
0.768 0.3053 -1.409
0.778 0.2851 -1.422
0.788 0.2689 -1.437
0.798 0.2567 -1.457
0.808 0.248 -1.478
0.818 0.2425 -1.506
0.828 0.24 -1.534
0.838 0.2399 -1.566
0.848 0.2415 -1.599
0.858 0.2448 -1.637
0.868 0.2491 -1.673
0.878 0.2541 -1.71
0.888 0.2589 -1.749
0.898 0.2638 -1.785
0.908 0.2682 -1.82
0.918 0.2717 -1.854
0.928 0.2743 -1.885
0.938 0.2759 -1.913
0.948 0.2765 -1.939
0.958 0.276 -1.963
0.968 0.2745 -1.983
0.978 0.2724 -2.005
0.988 0.2695 -2.024
0.998 0.2662 -2.045
1.008 0.2628 -2.067
1.018 0.2592 -2.093
1.028 0.256 -2.122
1.038 0.253 -2.16
1.048 0.2507 -2.203
1.058 0.249 -2.256
1.068 0.2482 -2.318
1.078 0.2482 -2.393
1.088 0.2491 -2.479
1.098 0.251 -2.577
1.108 0.2537 -2.688
1.118 0.2573 -2.812
1.128 0.2615 -2.949
1.138 0.2663 -3.1
1.148 0.2715 -3.261
1.158 0.2772 -3.434
1.168 0.2829 -3.619
1.178 0.2884 -3.812
1.188 0.2939 -4.016
1.198 0.2988 -4.23
1.208 0.3033 -4.43
1.218 0.307 -4.65
1.228 0.3099 -4.87
1.238 0.3119 -5.09
1.248 0.3132 -5.3
1.258 0.3135 -5.5
1.268 0.3131 -5.7
1.278 0.312 -5.89
1.288 0.3106 -6.06
1.298 0.3089 -6.22
1.308 0.3071 -6.34
1.318 0.3056 -6.45
1.328 0.3046 -6.53
1.338 0.3044 -6.6
1.348 0.3052 -6.64
1.358 0.307 -6.63
1.368 0.3101 -6.62
1.378 0.3144 -6.57
1.388 0.3199 -6.51
1.398 0.3265 -6.41
1.408 0.334 -6.3
1.418 0.342 -6.2
1.428 0.3506 -6.07
1.438 0.3589 -5.94
1.448 0.3673 -5.82
1.458 0.3745 -5.7
1.468 0.3818 -5.57
1.478 0.3861 -5.46
1.488 0.3904 -5.37
1.498 0.3921 -5.29
1.508 0.3919 -5.22
1.518 0.3906 -5.16
1.528 0.3865 -5.12
1.538 0.3813 -5.09
1.548 0.3739 -5.07
1.558 0.3652 -5.06
1.568 0.355 -5.06
1.578 0.3437 -5.06
1.588 0.3315 -5.07
1.598 0.3187 -5.08
1.608 0.3057 -5.09
1.618 0.2924 -5.1
1.628 0.2794 -5.12
1.638 0.2667 -5.13
1.648 0.2547 -5.15
1.658 0.2433 -5.17
1.668 0.2327 -5.2
1.678 0.2233 -5.24
1.688 0.2146 -5.3
1.698 0.2069 -5.35
1.708 0.1999 -5.42
1.718 0.1939 -5.51
1.728 0.1887 -5.62
1.738 0.1838 -5.73
1.748 0.1796 -5.85
1.758 0.1758 -6.01
1.768 0.172 -6.16
1.778 0.1685 -6.33
1.788 0.1651 -6.48
1.798 0.1617 -6.68
1.808 0.1583 -6.86
1.818 0.155 -7.03
1.828 0.1516 -7.2
1.838 0.1483 -7.38
1.848 0.1453 -7.54
1.858 0.1425 -7.68
1.868 0.1401 -7.83
1.878 0.1378 -7.97
1.888 0.136 -8.08
1.898 0.1347 -8.17
1.908 0.1336 -8.26
1.918 0.1329 -8.34
1.928 0.1325 -8.39
1.938 0.1322 -8.43
1.948 0.1318 -8.46
1.958 0.1316 -8.47
1.968 0.1309 -8.47
1.978 0.1301 -8.45
1.988 0.1286 -8.41
1.998 0.1269 -8.37
2.008 0.1244 -8.3
2.018 0.1211 -8.23
2.028 0.1173 -8.14
2.038 0.1128 -8.04
2.048 0.1078 -7.92
2.058 0.1024 -7.8
2.068 0.0964 -7.66
2.078 0.0901 -7.51
2.088 0.0838 -7.34
2.098 0.0775 -7.18
2.108 0.0714 -6.99
2.118 0.0654 -6.79
2.128 0.0598 -6.6
2.138 0.0547 -6.39
2.148 0.0502 -6.18
2.158 0.04618 -5.96
2.168 0.04285 -5.74
2.178 0.04017 -5.52
2.188 0.03807 -5.3
2.198 0.03652 -5.09
2.208 0.03551 -4.86
2.218 0.03482 -4.65
2.228 0.03474 -4.45
2.238 0.03473 -4.25
2.248 0.03487 -4.072
2.258 0.03532 -3.907
2.268 0.03557 -3.75
2.278 0.0358 -3.597
2.288 0.03586 -3.463
2.298 0.03567 -3.341
2.308 0.03529 -3.231
2.318 0.03473 -3.129
2.328 0.03375 -3.038
2.338 0.03266 -2.955
2.348 0.03127 -2.878
2.358 0.02966 -2.806
2.368 0.02773 -2.739
2.378 0.02569 -2.674
2.388 0.02365 -2.61
2.398 0.02154 -2.548
2.408 0.01939 -2.487
2.418 0.017279 -2.425
2.428 0.01524 -2.366
2.438 0.013297 -2.308
2.448 0.011477 -2.251
2.458 0.009804 -2.197
2.468 0.008299 -2.146
2.478 0.006931 -2.099
2.488 0.005741 -2.057
2.498 0.0047 -2.019
2.508 0.003815 -1.986
2.518 0.003056 -1.959
2.528 0.002423 -1.935
2.538 0.001905 -1.916
2.548 0.0014805 -1.902
2.558 0.0011375 -1.891
2.568 0.0008659 -1.883
2.578 0.0006522 -1.877
2.588 0.0004852 -1.872
2.598 0.0003576 -1.867
2.608 0.0002613 -1.862
2.618 0.0001882 -1.853
2.628 0.00013431 -1.841
2.638 9.49e-05 -1.826
2.648 6.63e-05 -1.807
2.658 4.587e-05 -1.782
2.668 3.139e-05 -1.752
2.678 2.124e-05 -1.718
2.688 1.4233e-05 -1.675
2.698 9.428e-06 -1.628
2.708 6.184e-06 -1.575
2.718 4.014e-06 -1.515
2.728 2.58e-06 -1.452
2.738 1.637e-06 -1.386
2.748 1.0297e-06 -1.316
2.758 6.398e-07 -1.242
2.768 3.938e-07 -1.169
2.778 2.395e-07 -1.093
2.788 1.4437e-07 -1.019
2.798 8.604e-08 -0.945
2.808 5.076e-08 -0.875
2.818 2.96e-08 -0.807
2.828 1.7078e-08 -0.741
2.838 9.758e-09 -0.681
2.848 5.506e-09 -0.626
2.858 3.075e-09 -0.575
2.868 1.7039e-09 -0.53
2.878 9.319e-10 -0.49
2.888 5.051e-10 -0.455
2.898 2.704e-10 -0.4264
2.908 1.4329e-10 -0.4025
2.918 7.512e-11 -0.3825
2.928 3.894e-11 -0.3695
2.938 1.999e-11 -0.3616
2.948 1.0158e-11 -0.3582
2.958 5.093e-12 -0.3594
2.968 2.539e-12 -0.365
2.978 1.2474e-12 -0.3754
2.988 5.433e-13 -0.3884
2.998 2.617e-13 -0.4062
3.008 1.2531e-13 -0.4264
3.018 0.0 -0.45
3.028 0.0 -0.476
3.038 0.0 -0.504
3.048 0.0 -0.533
3.058 0.0 -0.564
3.068 0.0 -0.595
3.078 0.0 -0.626
3.088 0.0 -0.657
3.098 0.0 -0.686
3.108 0.0 -0.713
3.118 0.0 -0.74
3.128 0.0 -0.761
3.138 0.0 -0.781
3.148 0.0 -0.796
3.158 0.0 -0.808
3.168 0.0 -0.814
3.178 0.0 -0.816
3.188 0.0 -0.814
3.198 0.0 -0.808
3.208 0.0 -0.797
3.218 0.0 -0.782
3.228 0.0 -0.764
3.238 0.0 -0.74
3.248 0.0 -0.716
3.258 0.0 -0.689
3.268 0.0 -0.662
3.278 0.0 -0.633
3.288 0.0 -0.604
3.298 0.0 -0.577
3.308 0.0 -0.549
3.318 0.0 -0.524
3.328 0.0 -0.503
3.338 0.0 -0.482
3.348 0.0 -0.465
3.358 0.0 -0.449
3.368 0.0 -0.4366
3.378 0.0 -0.4249
3.388 0.0 -0.4174
3.398 0.0 -0.41
3.408 0.0 -0.4058
3.418 0.0 -0.4015
3.428 0.0 -0.3979
3.438 0.0 -0.3954
3.448 0.0 -0.391
3.458 0.0 -0.3875
3.468 0.0 -0.3826
3.478 0.0 -0.3761
3.488 0.0 -0.3685
3.498 0.0 -0.3596
3.508 0.0 -0.3494
3.518 0.0 -0.3377
3.528 0.0 -0.3248
3.538 0.0 -0.3106
3.548 0.0 -0.2956
3.558 0.0 -0.2799
3.568 0.0 -0.2638
3.578 0.0 -0.2474
3.588 0.0 -0.231
3.598 0.0 -0.2149
3.608 0.0 -0.1992
3.618 0.0 -0.1842
3.628 0.0 -0.1699
3.638 0.0 -0.1565
3.648 0.0 -0.1443
3.658 0.0 -0.133
3.668 0.0 -0.1228
3.678 0.0 -0.1135
3.688 0.0 -0.1053
3.698 0.0 -0.0978
3.708 0.0 -0.0912
3.718 0.0 -0.0853
3.728 0.0 -0.0801
3.738 0.0 -0.0752
3.748 0.0 -0.07072
3.758 0.0 -0.06663
3.768 0.0 -0.06266
3.778 0.0 -0.0589
3.788 0.0 -0.05516
3.798 0.0 -0.05161
3.808 0.0 -0.04801
3.818 0.0 -0.0444
3.828 0.0 -0.04086
3.838 0.0 -0.03746
3.848 0.0 -0.03407
3.858 0.0 -0.03068
3.868 0.0 -0.02753
3.878 0.0 -0.024406
3.888 0.0 -0.021525
3.898 0.0 -0.0188
3.908 0.0 -0.016304
3.918 0.0 -0.013998
3.928 0.0 -0.01191
3.938 0.0 -0.010036
3.948 0.0 -0.008384
3.958 0.0 -0.006939
3.968 0.0 -0.005682
3.978 0.0 -0.004609
3.988 0.0 -0.003698
3.998 0.0 -0.0029424
4.008 0.0 -0.0023185
4.018 0.0 -0.0018095
4.028 0.0 -0.0013961
4.038 0.0 -0.0010672
4.048 0.0 -0.0008068
4.058 0.0 -0.0006042
4.068 0.0 -0.0004475
4.078 0.0 -0.00032804
4.088 0.0 -0.00023812
4.098 0.0 -0.00017129
4.108 0.0 -0.00012147
4.118 0.0 -8.547e-05
4.128 0.0 -5.949e-05
4.138 0.0 -4.087e-05
4.148 0.0 -2.7859e-05
4.158 0.0 -1.8759e-05
4.168 0.0 -1.2533e-05
4.178 0.0 -8.276e-06
4.188 0.0 -5.403e-06
4.198 0.0 -3.492e-06
4.208 0.0 -2.2323e-06
